   50.597278739960011        6.7885982837979268        4.3887840906592794     
   49.568648620599035        14.072059090514252        4.9557090738849832     
   46.528365826789894        21.057910316407717        5.9388464407335722     
   42.952797003046172        27.217758888884646        7.1569953991138693     
   36.217116739340597        30.062201047501539        6.2574024362729759     
   30.398754435945683        33.147374170046994        4.7814049263673750     
   24.842505611266390        36.762340073121337        1.0780172323529971     
   19.839746849977786        41.039061071106460       -1.1364971488105655     
   15.461585264224331        42.795005331876617       -5.9683414755254525     
   10.014772606151123        46.587233413626684       -7.7225058681466479     
   5.3426118531522242        49.916024819495128       -6.0965478363778374     
  -1.0128141854357049        51.600992763469158       -4.3742503940308435     
  -4.2236592779829332        51.432768111666938       -1.1211103102505657     
  -7.9629378242940199        53.034895780124302        4.3680383940074590     
  -13.932833088268808        53.431424210338875        6.8257882722716774     
  -19.439307907580108        52.745686422376025        7.0818152158072003     
  -25.497690514394645        49.814641430094618        7.7340142646613881     
  -30.669224094010488        46.525931774004526        8.5493441058572728     
  -34.305859565938640        41.748866326337257        8.1218286980478727     
  -38.645159288919459        35.690565300821675        6.7349003151855724     
  -41.801322179663721        29.236055927018253        4.6869762233137617     
  -44.351623080957076        23.963013190036072        4.3049289362721499     
  -46.635547166404024        18.051064133373167        5.6646020148784491     
  -48.511380421137019        11.297774298171882        8.5649453117958974     
  -48.749078682903580        6.1555082469855744        11.657508896505501     
  -47.214651616500575      -0.22309651253662516        12.993235143355037     
  -46.050076388865193       -7.4465560642822375        14.965341148482532     
  -45.393951430824437       -14.609285577899923        17.746698101635612     
  -41.288134441722931       -20.118391592837892        20.431234109173108     
  -36.629932847999548       -24.745045798134996        22.052084711212274     
  -31.917364127116919       -30.000441018844970        20.808470212576157     
  -27.408209348508414       -34.292242176531488        18.270734060916862     
  -22.776009191636085       -37.486191945212894        15.228426149165644     
  -17.848876933244711       -39.441682435197130        12.550009656692458     
  -13.257250217757608       -44.511109778717127        10.665255611152601     
  -7.9054706913567712       -46.522520507268020        7.2692354386117968     
 -0.50395730556906959       -46.374051900139534        5.6251502830557216     
   5.9190700772379214       -45.620726314786566        3.3924819570123423     
   11.293202572373389       -45.354686691419005       -2.3591191743284190     
   16.865445276487382       -44.231582273406197       -4.5032679893557255     
   22.999229050152685       -42.973901615169844       -3.8148717183069367     
   29.264757284000694       -41.236450403371109       -3.5092772696823729     
   36.208823977190256       -38.031742926451997       -1.9652620596372796     
   41.011335675647253       -34.633348146104069       -1.2668673927268856     
   45.016976691181185       -30.379796371275290        1.1991287097737851     
   46.832374927614516       -24.380563188357055        1.8310060704312696     
   48.695232074494541       -18.114610534226415        2.8438941019740041     
   52.071843936164896       -12.864538750494663        3.3640874177390394     
   53.040334017015105       -7.4767025533764704        4.0779380207696754     
   51.868392141316185      -0.17347442579667993        4.5103984815794904     
