   163.86587776067171        46.036236058423732       -59.088650402935436     
   162.71960793112379        64.268946215084668       -55.679689394034241     
   151.69179425860276        77.424496288815277       -59.355522672822701     
   143.77485375190224        90.690141335656065       -51.246221946651715     
   135.63778011587681        105.17240978916671       -42.160676488793186     
   124.64424899748997        121.70369279865369       -35.342741235713802     
   116.79837136481565        140.35983928263741       -32.988336960215506     
   106.92951035534939        155.09330863725356       -22.970346193404175     
   98.475781098285651        170.53609001732460       -20.044093915600001     
   83.388017636033013        174.42797200622479       -24.932175016925751     
   65.723785256949895        181.12602989622968       -18.987202221265385     
   58.418933130742126        186.64731254514689       -5.4586931049633121     
   42.480899333558341        190.08270832433075        4.2977801358229986     
   25.485094157469835        190.15221362809524       0.56499682662151818     
   14.944694618150852        173.89544381897099       -14.100977513266184     
   14.855781420805931        157.34739499000850       -18.974632370121594     
   20.515950719741852        141.24557405214020       -23.388591416726769     
   13.994902453015683        119.57433566424901       -30.907136047449910     
   9.1876134888067931        100.03348920911320       -34.347601491426566     
   2.6661316708852487        87.157527783219791       -48.449334818425385     
  -2.4164120861880259E-002   72.258665686765170       -60.037362507438694     
  -10.709044785722764        61.953895721480059       -66.107321752697970     
  -28.954423143426947        61.922687609881329       -75.673262591912504     
  -34.871770518074030        58.810614637027541       -94.550926016589727     
  -38.167819576658474        46.546653540027293       -106.98208422569829     
  -44.332975411434596        33.516914003897689       -117.69950532475904     
  -49.018283153635593        27.996253615361034       -131.92976842138702     
  -48.448535325487470        18.300032260044503       -154.27852325923936     
  -41.625415605342461        10.908968797249798       -172.12922865087327     
  -25.343658565528703        7.0890334600284657       -179.31041930275296     
  -16.233453843024090        4.8303965992975542       -182.45787995625457     
  -1.2411681567977453       -3.0794125194814801       -183.69590674872364     
   17.228118884069001       -9.3033760364476699       -187.38818029121671     
   35.524319481200060       -8.1909601691810234       -184.83470183535860     
   48.037724049970713       -13.722599653503471       -178.43472749639710     
   65.185230156908247       -22.768949565823814       -169.03072093121952     
   80.825841388356821       -32.584055628059012       -162.72407688040769     
   90.469432678049202       -41.196001314509118       -144.09815669441511     
   97.384513588237382       -46.891539296579822       -127.26027357003065     
   114.00129415482076       -49.198047551029113       -116.13021611876738     
   130.61941435510440       -51.864001755743914       -112.04288180977885     
   145.62681241258571       -47.264969667140079       -120.61298863511324     
   168.62223901686176       -46.611611168007933       -127.73757315005231     
   190.07068759794288       -48.121803915507215       -131.01965953740512     
   191.92352453971756       -37.365105305170573       -117.43761896388366     
   192.36435161937735       -28.332919920257893       -101.14858508400064     
   196.48201136693967       -14.143060337977197       -90.303680430181203     
   193.35872038342933        4.4115058530221001       -79.715897430814010     
   188.33282671395295        24.345968746302823       -78.584924711660193     
   172.29837057471423        34.967171470857018       -68.179443761173630     
