   178.50895497562556        50.011486972877009       -57.291309456184912     
   177.07766450100513        66.282997239357442       -46.677605777971628     
   173.68052185787818        84.882291561073075       -48.325573881209458     
   170.42925379977774        102.50509294732437       -44.568740479587667     
   161.04374509383035        116.33261978009237       -38.049472584372587     
   153.69541163746797        131.91624395047108       -37.689017707327956     
   147.65594753102852        147.58712454408754       -37.136328737249940     
   132.87370841464406        165.34473759603105       -38.501396114646901     
   120.11632299728279        175.43804099574521       -47.205551747247050     
   104.71966851110636        175.39167560021886       -57.015650411261859     
   86.754360477516030        179.05005212882261       -60.846392105008931     
   70.117713734266005        185.70967359045164       -63.544819651760982     
   52.639101368900633        187.37088425055933       -64.705547530404615     
   37.233052672526419        187.13280964542176       -66.401881350969475     
   20.908772338405559        175.67045766894753       -64.576653475461953     
   7.4186351750769859        164.11725575928293       -63.923294330882882     
  -3.8615145011632928        149.49954202246113       -60.027996371942450     
  -22.002165508485607        142.39913156261534       -65.786769635314457     
  -36.007443242303758        128.88765078392038       -68.973417859598499     
  -52.517599638573614        121.48095952991939       -77.885192218458499     
  -63.751179194367623        106.38620600455120       -85.901590658632585     
  -62.803382168628588        89.820760728328366       -83.449094076759309     
  -59.429425586156583        69.510245419612431       -77.221017907758906     
  -59.054262994805342        50.717434017637189       -82.559401061225017     
  -63.155149776195515        36.319100823103106       -91.237784157800661     
  -71.285370849921819        22.238890824602148       -102.12235900342020     
  -67.347392861009766        13.796122427922136       -119.02999916203143     
  -56.919431722626399        7.9154552066791632       -132.31979749395654     
  -46.629339818780153      -0.15163380525163911       -145.30648295486262     
  -32.165030917499877       -6.8484482861542508       -155.37346495351187     
  -19.147554401830504       -14.989071056899022       -161.35949142701304     
  -4.9942314817763052       -14.037437913042075       -170.92959115904193     
   10.106167575620793       -14.794207238415817       -180.40787611494645     
   25.250387642173528       -22.034817028987280       -182.06793227288833     
   42.852638797253910       -30.087663493162147       -184.46252665315365     
   62.713342483950484       -32.962826011635343       -188.00538928555909     
   79.868742542593949       -33.199125868022449       -191.48172174880187     
   99.791542435201691       -33.414535655253999       -192.58853275310074     
   118.38398697642772       -39.724438115570855       -184.50237996567350     
   135.44627101013398       -39.005001781195460       -177.67290363075455     
   151.97686535373279       -39.426679493078645       -170.49381166814780     
   168.31806047443453       -35.343966446640181       -164.41208918813811     
   182.49266031639351       -25.786671084445778       -155.63328557389147     
   194.98984201134118       -17.170965465386555       -150.18687872436499     
   200.70105280398678       -10.670613917880114       -137.53926253462566     
   206.90827328111394      -0.86374030465456197       -122.47702926784974     
   209.31974566842854        10.269697064208881       -107.98083675919617     
   210.74282430235073        21.939162433339082       -94.122486028129529     
   197.40258198327075        29.665655778856600       -80.884367809926644     
   182.75224057480276        37.957307034162589       -66.352721302357011     
