   172.96904284976671        50.860184950755908       -52.088877530734514     
   171.99872695182390        66.422331710099641       -40.023820771301011     
   173.43219177231055        86.292014363772040       -42.023202465649234     
   171.38297274092133        106.77634142883505       -39.310728729995454     
   160.56826755943169        122.14382388193623       -35.348016203677005     
   151.68570284811807        136.62105441687376       -39.560003640441153     
   148.64208990161990        150.99584987232379       -42.786855496235333     
   134.46980779203443        166.64279799391039       -46.050734245855494     
   125.54187905324264        171.46509578034656       -61.563982812767073     
   109.48384578088665        173.50989280887944       -66.538714555520414     
   93.262803427801941        178.11120450861929       -71.534269269061355     
   77.899224251677694        183.48278254824166       -78.524208427808688     
   62.893026261432304        185.70291832229864       -83.372136912615176     
   46.695469174883272        185.83301895358713       -87.088727041459407     
   26.525645426248733        177.69860528354835       -81.600388474685772     
   10.863253491207503        167.38510752203265       -77.291346826028118     
  -3.7463438697557678        156.88056801353989       -69.361309036745922     
  -22.737726551762641        147.73374156278379       -73.256159163434958     
  -38.959783776166390        135.32332658345652       -76.767236682143718     
  -54.543872299855778        123.68050102705277       -79.666253071065924     
  -64.590187910328055        106.92203562056520       -82.556031843244426     
  -62.449184490906106        89.750477511262531       -82.163319126138916     
  -55.780135891551616        69.136632889530745       -81.311041378032002     
  -60.277006787989244        49.678837531953988       -86.352889410438820     
  -64.347775429246596        35.172940823126879       -96.288917128468810     
  -75.809509282153783        23.151577122665831       -107.58557269162797     
  -71.517540212048630        14.899646033364981       -123.83895116443041     
  -62.866770196902024        7.8056250887658933       -134.87132343222044     
  -50.178046344247136       -1.2131873745520800       -146.19103778629665     
  -34.624406481544050       -10.235444760181426       -154.74860582338110     
  -23.316081755254746       -20.116515375067742       -160.08828712007693     
  -7.5747295761719400       -20.660681501446742       -169.00753653617241     
   8.1146393414158187       -22.930829907980655       -177.32613802812000     
   23.738710196147299       -28.392733209598102       -177.37023806098404     
   39.627663695260665       -36.749305219813309       -177.03550574768607     
   59.485742627572165       -40.718161259022132       -179.30946021702221     
   76.469881529315586       -43.561426756468030       -181.92229650389208     
   98.478359284310088       -41.293113414799080       -184.05989809810879     
   118.32030090606020       -41.604488564816862       -175.57260966853261     
   134.03153004937195       -42.931929508133976       -166.10286566757549     
   150.21189692401458       -43.669575002425674       -158.06913699943297     
   167.94131254933467       -39.125057592749585       -149.42216273466184     
   182.79113246501089       -27.846822995109523       -140.72020935562739     
   195.82599121823657       -16.605273792380448       -140.86521773950778     
   202.44612755236929       -10.770976539801046       -128.43010989949750     
   207.74318996252623      -0.98797143062719783       -115.87337249644615     
   208.24090305316756        6.7624124695733183       -100.49176251686642     
   207.54831609457847        14.445083982079966       -84.814228438077521     
   193.47350125216263        26.282817240107377       -72.879844534892172     
   177.32665122567698        38.639788921113635       -60.762780458213768     
