   209.43528123372670        63.843901552264498        349.24526127161471     
   211.03467163110668        71.737878894522652        345.45812840334537     
   208.48190301238307        81.636453590303347        341.98591755864021     
   202.10571986387919        90.274249217265961        340.72489371275844     
   194.41208495844580        92.342739786143014        344.24809930784846     
   185.20359329454112        95.379206665828150        348.77867457118862     
   178.49105585394017        96.667535129965032        349.41795056641456     
   169.65004645047003        97.554446448991158        347.07866662195778     
   161.33733403943268        96.220664304555100        344.64726902138915     
   151.51131085846143        102.96744466674215        345.77904871867946     
   144.40270577990964        111.17484613397384        344.90289663000675     
   146.31655362037364        122.50502551237471        343.33608804275184     
   140.69058699004435        131.30770835329974        340.84934831150036     
   139.48658596608405        137.04872914448353        334.51855679954605     
   137.39302801416790        141.22612248462886        324.02254376289113     
   131.92574712449081        142.87781450927895        317.15144385328068     
   126.93353743318241        145.38562261834960        310.30325931852587     
   117.34057457395019        149.61657326682786        303.13610306863177     
   109.16684925074090        155.17130381460004        300.42104102428556     
   100.54807477841830        156.52490667177932        297.09102962709801     
   93.255898508424892        157.52855436350478        292.87502597932377     
   91.268939789184643        162.89088609459813        287.11525496074654     
   92.753750289838052        163.11036758687402        278.94160769735339     
   90.959159027946001        159.12444306119849        268.03449630268881     
   82.041038901709527        152.02058303935291        266.17518712800120     
   71.725473389282286        145.73829985467853        262.47627350405088     
   63.045988110451070        141.45637472501301        260.96287890556857     
   54.713097322474106        137.64465059963646        259.80313107652705     
   45.516762190473827        134.13248029378212        260.99639564362565     
   36.296084750720951        129.52716154002164        264.46507291230023     
   30.108849700033321        121.92200192019588        262.89127273931388     
   25.391989198159980        110.99497229783435        260.25699285455147     
   19.942396146442892        102.14277696925467        261.71320503631438     
   13.367260859459490        90.180907996788392        264.91827781824145     
   10.563354235044951        82.184527642995434        269.85523360432177     
   12.130307939609377        73.575103434129815        275.60442137254870     
   12.473636286426578        64.203901382095040        279.39680884769183     
   14.252334103324575        58.384263745213119        285.77153794837642     
   10.568703509656062        50.446420412619339        289.49281472733259     
   7.5502313202393516        40.300227232119610        294.47348290787608     
 -0.13884681105678373        37.687658985928024        298.98880968451220     
  -6.1808030557513494        38.503284325064236        304.53092069972297     
  -14.427664065667825        37.696350393137649        306.17540597872676     
  -23.697929259084368        34.018338106074665        308.32672846318889     
  -26.664766692129163        28.101280329448663        317.16844327039695     
  -28.226827111535204        23.732099976278558        328.58146370487486     
  -30.500759075014287        17.652678146912223        335.27765127322402     
  -26.644653974123919        13.808310777018958        343.68353708802266     
  -24.360593396575482        7.9770635706712394        352.05678826311009     
  -22.363299480018867        1.5387758451717666        355.83214957193258     
  -23.885324850015017       -10.013554535341806        356.58939178269702     
  -19.555697469483178       -19.165927887700434        359.20006660254268     
  -17.425529273180615       -22.899510880927867        365.72251216572198     
  -18.366614503349695       -31.542913682395213        369.58051009489878     
  -18.545511944353525       -38.880589032531823        376.33817235417473     
  -18.959257702497599       -44.898968690684946        378.84887734248770     
  -20.806742128812672       -54.223616398591716        381.51853233684807     
  -18.107185830295691       -62.063850566335880        381.56779656642823     
  -21.069048224012963       -73.390467890226105        379.57502608274018     
  -22.835691977162501       -81.279615938373894        374.19929035312185     
  -21.895302785327672       -86.988677712616351        368.60637047379339     
  -16.261949090238904       -90.426348838688256        362.55707620345203     
  -12.690403827623634       -92.231758069674498        356.19652382500493     
  -4.1062757544002872       -89.850179575438247        352.04432420694064     
   2.3601769155535051       -84.163298072540059        346.44629539108297     
   7.0096278033133297       -81.160496977184991        336.44467184482079     
   14.025182255748582       -78.599239390176237        333.68987380861353     
   23.540387205103563       -74.596785748782793        333.04642172568157     
   29.460292758386764       -69.207064070341417        335.76460347761429     
   38.425812290667700       -68.234533093405261        337.56174072902928     
   46.467426880379399       -65.498992043474587        339.64472143933972     
   56.204125769890126       -64.102230874693987        336.99162341488022     
   65.174939538716927       -64.622053422871559        334.00562724962816     
   74.339313074648729       -64.188761518285915        337.06706852118037     
   84.400480736432485       -59.269813036730611        334.18089849421079     
   89.857221244098838       -55.115309889397594        328.52166283975646     
   95.064871634192926       -49.772951720906093        322.10482633942974     
   91.698687678426765       -42.970172671538478        314.38589183053364     
   83.257502896956538       -34.695133044448539        313.91867679194326     
   78.960922642181032       -28.676253256096729        313.23769176414282     
   73.162307317058591       -21.748961678931604        316.66876021404806     
   76.080397742317018       -14.123317854140044        321.42614174723110     
   79.977830596137991       -6.9400623501660945        327.00159767635790     
   81.969519456029047       -1.2821704189675556        335.76655447600700     
   90.464691428115941        1.0755991579339503        340.40051940174055     
   97.964260352017789       0.83440563621052011        343.97584515549659     
   105.65740750678891        1.7779528710811086        347.14526663949539     
   114.28993801293406        3.1229056145295702        345.76691006503370     
   126.13880038662948        3.8978356403222421        344.25050805578257     
   136.58249339509712        4.9363311079407026        345.85000989013554     
   145.40645733178417        6.4163385331927714        340.44157394714233     
   151.27208483359107        12.182557878689721        340.92956115802099     
   157.94191462650923        20.137292788283663        340.28296031712961     
   164.21913657984513        29.281358564819939        338.10829405798921     
   176.45886332995312        35.988082447353435        343.02277823478170     
   183.00809452556621        37.968641908352367        350.85774018613989     
   191.54283676400465        37.433858609621488        356.90994656370623     
   199.67556769705948        40.470112621008454        359.41083827871324     
   206.78662577478906        47.212563304939138        356.08554879595198     
   207.86082427066833        57.128224876530005        352.31958829200647     
