   154.51649947348736        35.574330361603089       -58.205399888380562     
   144.50099780923068        50.056827319942428       -50.338605163129330     
   149.18549335222858        66.820214672679839       -43.508033162289543     
   140.95053043849947        86.582335836269124       -32.760006981120320     
   132.14688191794841        104.55858101120856       -28.553566653388089     
   127.06878705614686        125.86051640724091       -26.007954759740926     
   126.77050971494236        141.55610357484483       -24.010320499075643     
   119.11655007275635        158.20505000777646       -26.513079928671676     
   117.45330861227731        174.51657732797992       -36.422655056919439     
   101.02334144786919        178.41328122619674       -45.359260877272305     
   83.728250707767572        180.17670369703021       -55.190503367011132     
   71.227496207357319        182.95197667057266       -65.006032288643240     
   62.652213700229382        172.36987744360943       -78.129445343343733     
   51.563541097968994        167.43626899810769       -88.460526960493752     
   29.686137758209046        159.50751978970973       -82.263521742196232     
   19.310416621544835        152.01595230963358       -70.253422653797898     
   9.1157258909279903        149.92634971867756       -55.785717582974108     
  -6.0205942281010927        137.39164901938267       -51.536954523599896     
  -18.571583145275984        122.08820658178229       -50.386724429221367     
  -27.318561693914560        105.35675495214630       -43.487914475033563     
  -31.198265364705392        87.044794471100872       -46.218271802730079     
  -31.238972823481610        74.624487042599441       -58.035365343509916     
  -37.583143529188234        60.865377868147462       -75.731021127952943     
  -35.503072897310119        46.254065369189945       -90.111222036806581     
  -33.533751658816357        29.506972379260993       -96.472545747764258     
  -38.254679468993885        9.0642658156407805       -97.389630132269943     
  -45.446233676171467       -3.6218623795914393       -106.22779090945477     
  -51.320327223265579       -12.180998785674962       -120.39518791145856     
  -48.959314965885333       -16.597375852878805       -139.03969202299984     
  -36.023492768530794       -19.818476146476435       -151.10771094218305     
  -24.411355661297385       -21.083900662031731       -155.90587556467420     
  -7.4529411235708656       -26.503316911123171       -160.12674013898615     
   8.5876075585946907       -29.432936622173845       -173.47709814328257     
   25.875630105808472       -27.889424284134570       -178.90783090309608     
   40.612186435716751       -33.842588858312133       -177.53674514135147     
   60.073101088906405       -40.304063536521092       -177.63968810876744     
   76.776208005919599       -48.356632026007119       -179.94492667004377     
   98.014143805873260       -57.172149555411188       -176.04954620465378     
   116.03079449581034       -60.505859630898833       -166.41868517108864     
   132.40823007026088       -57.402706554379051       -158.85184172541338     
   149.31946108224659       -54.145586840696808       -153.26042297260645     
   164.69144371560682       -42.764454583687687       -146.55701773409109     
   180.63877952394884       -28.669149911168329       -138.48067567257092     
   200.22911906921684       -25.650319096391065       -128.30258209212445     
   198.50991992679477       -23.481900006990983       -111.92253948843171     
   200.68768164239785       -16.686828571424776       -94.473997585210469     
   196.08961457229540       -13.090068853736042       -78.477817763264667     
   187.53489425127518       -13.478159402575706       -63.479133613616185     
   171.29702627425613        2.1822857534117226       -59.093847056474083     
   159.91727458764143        19.877507198224588       -59.050399349371332     
