   162.12530882623349        45.365962265347939       -69.378386530022610     
   156.69849861406135        53.967193243869794       -54.539314624781824     
   152.06911876675244        73.688503378471779       -53.913937433382664     
   145.58185176991773        93.855732504290629       -42.023870518783383     
   133.55253697405368        109.09545416009935       -37.324230808153061     
   128.79382581625794        127.31983444789952       -35.437639667737749     
   128.27585095513928        142.41863620459631       -30.048047582752091     
   120.81985510386579        159.76133065183834       -27.318019309205710     
   114.82141838266314        176.33521008274309       -27.146863710173690     
   97.193172232216710        179.89611439032498       -33.593253711855802     
   81.163005952326827        184.72436361927814       -45.360416191875814     
   67.839801614934984        190.51051663073201       -53.298762072866026     
   53.078247947590384        194.39327403898429       -67.054059801201504     
   35.430129892549431        194.28350621744917       -68.162000478284170     
   20.152175908876057        177.17528383674423       -63.519581787726068     
   17.756248474149796        161.52144893384624       -60.590031474838597     
   17.825193700639485        148.08678316566164       -49.345505831317780     
   1.8386425517303384        131.48252155477522       -47.241510081939879     
  -11.303346334234979        116.07476058208391       -45.811640823215257     
  -19.666407903936022        96.151237184680213       -41.147550187381668     
  -29.193863452521157        79.741111381447581       -47.917487225947397     
  -30.816328177729254        71.691288754340491       -61.665851008422280     
  -38.481651863867796        62.207955320531447       -80.849310354922423     
  -33.377121174447517        46.686645950182722       -93.900915430895751     
  -30.885152641330748        29.819744685528658       -100.11142694135668     
  -40.292746394929559        14.070605148208090       -104.15058759729082     
  -45.089433705090556        3.4386641682521581       -116.58935796542937     
  -49.329693969083003       -4.7529324024603374       -133.37360264250995     
  -50.053950491944228       -4.4877878548080714       -152.68659411349705     
  -34.196136873031300       -1.7085774545589185       -163.13123868071995     
  -24.037271765568846       -5.8184018282346539       -164.59763680910785     
  -5.0954373399170008       -12.157956773152847       -167.60353236084148     
   8.6342040971449734       -27.450044758921713       -173.65629538210251     
   26.697213076769632       -35.554416325615271       -178.99523254839136     
   40.512915415912516       -39.609911239870399       -174.71864220126739     
   58.902862629529047       -43.419681040326012       -170.36699703142315     
   75.795023092675692       -52.859935799193899       -169.52167060344343     
   94.073890378393045       -59.951603086852820       -158.96814609814879     
   110.72702936916627       -63.459944900422059       -148.14445160768332     
   127.82674145936633       -60.925717597807335       -140.91821119940985     
   146.82956180272046       -56.763722346565665       -138.83085631786892     
   156.12836911407109       -40.963378865940797       -143.56446339684354     
   162.26458854313265       -19.812380214275901       -148.83125853703041     
   171.06555005744127       0.59797858100417234       -155.52465205268791     
   178.74260247666913        3.0052877564841562       -141.92982916953599     
   191.50942770419402        10.576502882809173       -129.89631673829945     
   195.13595048397110        10.249287050314079       -113.31174013716002     
   196.51470936853300        5.8717587097363921       -96.528754584627976     
   185.60696319022432        20.879768211735296       -83.830779510142264     
   171.73870320143888        32.628897931416319       -77.503388940893984     
