  -56.246014461267258       -48.233792738667240        200.63054171416553     
  -53.153257248936733       -40.510853116899263        199.85885861398447     
  -45.419442070490007       -33.536366564979389        202.69948306374701     
  -37.646587256684242       -28.258840148375199        202.64559278360261     
  -29.571339454215710       -23.654110644167847        200.20347494907688     
  -20.658926199487400       -20.476363275291781        198.66233331653234     
  -15.481066610023683       -13.458761107223314        193.64865959450859     
  -14.463846982671265       -3.9493145172508832        195.04386088176054     
  -17.012206825125318        3.2626196676971819        197.05996915707703     
  -14.502660048443408        8.6347501727379896        203.14514664028400     
  -12.538692229855078        5.4686674396390256        215.53645886772887     
  -3.8990358118381807        5.2577834246072310        222.30260779168356     
   5.1556400311413801        3.7950558593526722        221.70249788580824     
   14.837058592836001        1.2738634547556729        214.92123454759962     
   18.911557848496571        4.8443342803935767        206.45963662938681     
   23.013367836638960        11.441354192266596        200.52591209742030     
   27.134129044360733        19.339344193714712        197.18987651976198     
   31.801896838559980        27.658741465868044        196.71664541372917     
   37.057542154322761        35.908903653684582        200.58091540792458     
   42.640393289705386        44.010101503205476        203.88324467165475     
   50.445603683782522        48.155823850580596        196.51435549966683     
   58.142358080715923        48.691717994721024        189.77842139929541     
   57.515306873772261        47.635665879989148        180.68898075400375     
   55.275822591631425        47.946462792877348        170.53049817938498     
   53.816095978730225        44.970311601609239        161.28879889900441     
   50.776584482708351        42.537890716043023        153.66472499928940     
   45.145017243172717        35.416248061870292        150.30876517486982     
   43.409916601803928        26.799431852497857        149.37572618696302     
   39.976318631874221        17.155643823511351        150.32827197670693     
   33.530276733505964        14.268474115747559        155.53420309377938     
   25.949343899391504        12.754995849750488        161.02948724036577     
   24.939153503759144        5.1559108204102850        164.16393663734775     
   19.812979307005136      -0.46079553789942285        165.92727049540531     
   10.689764008959319       -6.6285042204656355        168.49281580790003     
   7.3503754157821639       -12.852841917683850        165.39160801770586     
  -1.1888834193303852       -15.273979539673739        159.50746651504053     
  -7.1866307907014608       -12.856317810759176        151.03602917397816     
  -10.269529395363202       -9.7324580818148974        142.81935840268562     
  -15.126818111866232       -1.1882575879341271        139.70635189020305     
  -21.229054848057977        5.0090756715039193        135.21530937175629     
  -17.718061769133250        11.703368359171453        127.39567550817733     
  -19.135905805129141        10.209598901909246        119.32600200105422     
  -19.724992789602407        12.743194162304457        109.16973067068638     
  -12.387900349699009        17.570730912281348        103.40545753795229     
  -11.080579300513026        15.513425035833640        95.826304969377574     
  -6.0175274730406532        10.566832474944016        85.971140123099872     
   2.2449426791782336        3.4322097093652029        85.685259959920160     
   6.7873396092658602       -3.5293002956828263        88.199607544200475     
   10.209018940162288       -12.116972312354926        92.146657855584920     
   5.1222706118999533       -16.700500003834886        95.747232586838919     
  -4.0922658446472582       -16.288272350053603        99.077806615585843     
  -13.777361707289254       -20.212047943636097        97.995005855410724     
  -23.852887732189679       -25.264934439355269        98.498434978164184     
  -30.668758079167688       -33.381094253453547        94.818710690277797     
  -35.821919878213059       -44.820134066124098        93.619645389356933     
  -37.474566237749016       -53.065172538105983        97.685910002034163     
  -39.966377362734129       -63.809062693578326        99.639674657815604     
  -41.385659545585170       -72.417866079375742        98.803568969208683     
  -34.809635496539215       -79.791036272872688        100.02331438671729     
  -30.292414026681644       -89.296154538433242        94.999479375843379     
  -31.523175719526051       -96.919967782402466        92.101690193937486     
  -36.475691961712840       -104.09766112684476        84.871634659609470     
  -43.548194092793288       -112.21434314292500        79.855993666230134     
  -45.906883108238915       -118.91373462488663        74.266813282118605     
  -49.172954477128954       -127.92707972024672        74.726138760257925     
  -55.882199931637871       -135.42751537641035        79.309857422569735     
  -59.464512031858433       -136.57611033485699        85.383263042085730     
  -65.890202040403366       -138.47395529800872        94.088691051725434     
  -70.514423845160806       -144.90574288282485        101.03869060868846     
  -74.038865426325742       -152.60787775979531        107.64884781305304     
  -81.146261000440390       -156.70096898911518        115.93053078508838     
  -92.274806957903664       -161.02741162203512        121.98865591784380     
  -97.920734161446532       -165.99737140184934        120.23584632692847     
  -102.45757815967143       -172.90976689169477        126.90418213690769     
  -102.83933247760392       -172.67743767329006        137.33418782442979     
  -105.71703889578794       -168.80112285728396        145.71989411469855     
  -100.89411574238137       -165.64758089861402        154.44565117364743     
  -98.354904141914432       -167.57523214107451        161.35355497771815     
  -95.616781448116015       -169.23830334863996        169.49904808747593     
  -90.360529195753529       -167.02931985120389        175.27838489103223     
  -85.199106473666873       -162.04096088708678        178.91256874655733     
  -79.330180131824903       -158.45258038794981        179.38619500113447     
  -69.537375684364591       -153.75692309454593        178.79647827130705     
  -65.242530087323274       -147.65849111537304        181.20826706836419     
  -61.868068935937742       -140.31977030324543        184.83562999642513     
  -58.115177555234929       -135.25089630162384        190.23922727695347     
  -53.697130662706172       -135.92637162005963        195.97839276144074     
  -47.783250916945242       -133.71302869887441        203.34740653903410     
  -42.621504393621962       -127.29930104183005        207.46060977879995     
  -38.070908705692105       -118.25619562717701        206.77720211411841     
  -28.967011634285537       -113.24663535383733        203.39376257492347     
  -21.851785888680471       -108.42449773266928        198.67565461819575     
  -19.240037405168508       -97.974585502585114        195.78720114273716     
  -23.199982567246682       -89.548293818409803        195.78725839138451     
  -30.626323307213973       -82.620413933003775        195.89539097916432     
  -36.066509371310346       -79.486486567489521        191.59705787897508     
  -43.374788456251693       -76.961561987025263        189.92087313667940     
  -50.900727941830993       -70.055419876430804        195.02476109689883     
  -52.821331911654092       -62.675347599267823        200.32727839150147     
  -52.991897762159461       -54.752441701114641        201.44302199184122     
