 -0.38441477175897548       0.88050109544676736       0.27738620039674800     
 -0.39241712512623539       0.90020699062519804      -0.18877545904378451     
 -0.38263380288733773       0.92084822289236867       -7.5032814714257490E-002
 -0.56024087768094999       0.82135629037842839      -0.10725671648464966     
 -0.68303091574699126       0.70947807734120349      -0.17352125491148288     
 -0.54779437627889149       0.82792546384189325      -0.12025284877876324     
 -0.58205742037660724       0.80330410764899740       0.12614146827582082     
 -0.68250905492266623       0.72542396958416844        8.9114837716958370E-002
 -0.93033264720099973       0.34656471947290612      -0.11989187115333162     
 -0.98083118283404080      -0.17754212758972218       -8.0305564634688298E-002
 -0.99702649118314879        5.8116131869654038E-002  -5.0603271589200860E-002
 -0.93450379319585652       0.31738634960657769      -0.16114765150621865     
 -0.99444003208577370        9.1904913076537656E-002  -5.1405345418967727E-002
 -0.89618639047124260      -0.36924493128348906      -0.24598401219506016     
 -0.81284330980987873      -0.57346174848568632      -0.10211452747314177     
 -0.46096811043313890      -0.82410765892237237       0.32917315757696552     
 -0.92251877434702634      -0.36760134348936879       0.11759406125341948     
 -0.82067384745851546      -0.56535919119933764       -8.2845766482482888E-002
 -0.84928324964596935      -0.40824327846390762      -0.33474675123117015     
 -0.63101386668983050      -0.74791956365984824      -0.20600443281641670     
 -0.24782598674504963      -0.90358009712130416      -0.34946428770347582     
 -0.45882261394800727      -0.79936276658117289       0.38794455316915105     
 -0.30659725432692531      -0.95009654385583064        5.7573266299549258E-002
   1.2113468344322392E-002 -0.93211416806364700      -0.36196193388212794     
   2.3808980257086845E-002 -0.85972008893437912      -0.51021025189796432     
  0.47760613073929226      -0.30278400523708426      -0.82475101094380809     
  0.49660820953315282      -0.50776482483230656      -0.70395679475895212     
  0.51864822620441242       -4.7255709276491281E-002 -0.85368080416265468     
  0.68282265824647559      -0.27535308186478552      -0.67670813331360657     
  0.72212972888767502      -0.48344467359680121      -0.49478268181849150     
  0.88896454656065460       -8.5275034862665050E-002 -0.44996689143467467     
  0.91260612091059856        6.5492416451278845E-002 -0.40356017080961637     
  0.86768978109387151      -0.26112801902427774      -0.42299716484360750     
  0.92159225718878623      -0.32099394826960459      -0.21824435081800589     
  0.96813777400617584      -0.21568514071153425       0.12723667167375474     
  0.91035103729884315      -0.41046450365714232        5.2724568527587792E-002
  0.96450214014080571      -0.13655204691004366       0.22602911349754631     
  0.93726471037621129      -0.22250873312443523       0.26837422820896883     
  0.87091558800904201        1.5053165861047123E-002  0.49120203660044892     
  0.93843051619607432       0.29329466900972756       0.18255520645121928     
  0.87761610296027293       0.43161682672776081       0.20855908206138260     
  0.88404231969643654       0.22832857430313541       0.40784217430575587     
  0.68000798722017963       0.48069047546891797       0.55364772564350828     
  0.45961081508062213       0.36920243925484142       0.80774219743009990     
  0.38857617022838198       0.30572296270111210       0.86921920710940537     
  0.32611805273226652       0.51621598434312488       0.79193943783017751     
  0.22824503047682002       0.50294086263105864       0.83363942730569596     
 -0.16958575447481450       0.76180287518476064       0.62521760311066499     
 -0.12693643537012358       0.68713645992186456       0.71535349780481150     
 -0.40633295439644979       0.69203534179945159       0.59664111144973409     
