  -7.4416030125781310E-002  0.95648921681706200       0.28211811812254239     
 -0.47525406485302690       0.77350620654624891      -0.41931100900776402     
 -0.20818304017849448       0.90546706146054490       0.36985027023384054     
 -0.64139199921465928       0.66722832801507204       0.37871184512454348     
 -0.57818992257780510       0.68524259023660294       0.44287583582230439     
 -0.31252822875789638       0.92605727466796073      -0.21152784749059808     
 -0.59967208457745236       0.79785127047594817       -6.1860659376157853E-002
 -0.41342885895563586       0.89772359775396227       0.15221340485755683     
 -0.92284820673710910       0.27391588305498471      -0.27077901752593980     
 -0.88973477768553355       0.18956586824012187       0.41525511071538934     
 -0.51896612657323804       0.50317984241163105       0.69100231957655389     
 -0.77176765993043073       0.54964142732000199       0.31979521644192488     
 -0.99145362696911155       -6.2096630316299681E-002  0.11473323003016569     
 -0.53837456037880949      -0.75913325776030549      -0.36588185210413127     
 -0.16808344760859056      -0.89965085951276891      -0.40295940939249386     
  0.30156012053196485      -0.94505956390040391      -0.12618999320518182     
 -0.22328184172270155      -0.92686007481777821      -0.30178737691577506     
 -0.13342172838099717      -0.98569212734488132      -0.10300326444414615     
  -9.3962230606538480E-002 -0.88119265459280582      -0.46332559254926364     
 -0.29235360002417171      -0.53983227769185049      -0.78937347593831586     
 -0.61299301203440837      -0.67915312981661857      -0.40372093512385199     
 -0.96930986475584957       -6.5828131773363968E-002 -0.23686503151421065     
 -0.57228651654197016        1.3682074279689982E-002 -0.81993959767025881     
 -0.12656882354967960      -0.35148421003790215      -0.92759861093000939     
 -0.34051390765732642      -0.86962281197280211      -0.35750027075298019     
 -0.43711263804604461      -0.33573091836706326      -0.83439636391395910     
  -4.1591994560270296E-002 -0.35437172011428036      -0.93417920656143139     
  0.31616237648837298      -0.28683795157913444      -0.90430378813046641     
  0.74061490475439884      -0.47403902121141173      -0.47621063535431218     
  0.96904666674831996       -7.2361759360474009E-002 -0.23603460222226924     
  0.89284909914268396      -0.38925319905755412      -0.22650040437835037     
  0.93655212734461613      -0.22654986347074060      -0.26747947982540010     
  0.96420623205363487        9.5681114663280671E-003  0.26498074139813654     
  0.99524696836127391       -8.7500364387390672E-002  -4.2745271080782438E-002
  0.75509261088928170      -0.37014895413574928       0.54113297878859856     
  0.69703715425863455      -0.48434249481385733       0.52872635010988456     
  0.42361998911116083      -0.59199470018076938       0.68562991459193867     
  0.37341839722570402       -9.8495794436431916E-002  0.92241925342640596     
  0.77939083012172206       0.36809129558967291       0.50700959757512853     
  0.79504567523387593      -0.29206316125000870       0.53160275030568394     
  0.92985577470515790        9.4352426629189676E-002 -0.35562038445040778     
  0.91990707201770028       -5.9883057814853466E-002 -0.38753709272606368     
  0.98674908496088554       -4.0905208228175144E-002 -0.15701276148348725     
  0.12733165987259040       0.36977169448908476       0.92035620405838803     
  0.19632070372863375       0.44600734116533258       0.87323286293756031     
  0.45427471232478922       0.57000967223443044       0.68463381402135570     
   8.6506337580768033E-002  0.78636755823967430       0.61167206647560624     
 -0.29160267579958915       0.95366089248795893       -7.4153770002529540E-002
 -0.65464981246103260       0.53711822856461588       0.53191882048705552     
 -0.36944118965760342       0.66206698260452967       0.65205867675333362     
