  0.44877896222005509       0.44130270956431439       0.77707744890704522     
 -0.24824165117271046       0.81881547686915368       0.51760728111434540     
 -0.31058557235779616       0.31376574575355404       0.89726677138680055     
  0.12278096919604187       0.51035875327185165       0.85115144161428791     
 -0.31613062041810402       0.88847050988753906       0.33268841863556642     
  -1.4882378525603555E-002  0.94038877329933090       0.33977561693269787     
 -0.47229163079398628       0.86521179485013056      -0.16837210438242295     
 -0.52579218975596420       0.83048591854504106       0.18394486209194311     
 -0.42619239221025618       0.88610373657110575       0.18215436546186187     
 -0.59577221450871376       0.79584927348258805       0.10807128349665512     
 -0.25706951750135981       0.91212234171930207      -0.31929312067143900     
 -0.92878730192715431       0.19492662016434803      -0.31521066055921071     
 -0.80348617369043462       0.43868040577887873      -0.40245430830589701     
 -0.92836431234550965       0.25847092566795515      -0.26708141857417678     
 -0.88785970656605129       0.42139310571053346      -0.18475116215080467     
 -0.92897969258600321       -4.8960206589583957E-002  0.36687822084925981     
 -0.41367501088892317       0.32199605841229262       0.85158177747823816     
 -0.81850183550963285       -7.4495601339985923E-002  0.56965353562349730     
 -0.74957252798010010       0.37510140643549217       0.54538056454886108     
 -0.43393949836443552       0.28410770817564879       0.85497328725194566     
 -0.40407678443356282      -0.11003412593913653       0.90808283950895174     
 -0.39791506738023785      -0.48505671963461577       0.77870634894617463     
   8.2444772081030654E-002 -0.96338169752161018       0.25514420322022979     
  0.28832415749564466      -0.82603166693556529       0.48429419305219495     
   4.7942710224422383E-002 -0.34524467332590680       0.93728736899438936     
  0.16960470750230039      -0.75361617020464999       0.63505662046713363     
  0.19321433605683358      -0.23860701870375878       0.95170106176646685     
 -0.32536847420948128       0.14912631590483028       0.93375408855610709     
 -0.33521919925799148       0.55954309681299463       0.75798391226843131     
 -0.30381198813065258       0.81079669471892435       0.50030690151242985     
 -0.30099859808022311       0.54257610044577764       0.78422638260823285     
 -0.68859377492411566       0.40435515180126125       0.60194312384770399     
 -0.71496107580627988       0.31082839317559552       0.62627180207782407     
 -0.92088730858304291       -8.6987422742341641E-002  0.37999967523054951     
 -0.88613472866164456       0.46023421186568175        5.4311259312674068E-002
 -0.79552972286164281       0.60589358666073145        5.0419923711224890E-003
 -0.85726440981246144      -0.48401898554342582      -0.17556580903581831     
 -0.99048939097841349       -8.4647991097764066E-002 -0.10846881562144423     
 -0.94772930927657006      -0.26841014297131310       0.17252579948595903     
 -0.91342943725733972      -0.11560902892026338       0.39023225851260307     
 -0.97187479655194775      -0.12522300393679514       0.19944567960261844     
 -0.85814809892576760      -0.37539415219064720       0.35023002557055910     
 -0.47338076950707303      -0.87677298005611060        8.4733632663890820E-002
 -0.62626273034487301      -0.77948823282714852        1.3895591566832080E-002
  0.15091488403871994      -0.72026899427435731      -0.67707996105525092     
 -0.38513095711872658      -0.92253655146585167       -2.4504225723351314E-002
   1.1554760475358805E-004 -0.99960514100466469       -2.8098909690467827E-002
  -7.0897706915251935E-002 -0.97530096809834743      -0.20919258299609661     
  0.25129402472122453      -0.91834128493261880      -0.30577867408912812     
  0.50617835716349380      -0.86142887119942724        4.1518316480118750E-002
  0.56044276692903816      -0.58992820701456661       0.58128187273086296     
  0.31009017736182576      -0.94584981788893630        9.5980226625996076E-002
  0.60235692244859651      -0.66493886202402930       0.44161345965498078     
  0.67754316157564598      -0.72597042586920868       0.11790761199071492     
  0.72265304520795015      -0.37803134218172185       0.57867510796642874     
  0.35906118894316152      -0.67450364378222583       0.64507355946373945     
   4.9129407204271155E-002 -0.91869052003357055       0.39191074206788135     
  0.22497299469361928      -0.86988885318883491      -0.43895390960372327     
   9.7606096529248371E-002 -0.92418512931255437       0.36926263915789870     
  0.68859948829578710      -0.71994745523655168        8.6639519950138702E-002
  0.53809293366818900      -0.82558702565790254       0.16988836864746959     
  -9.7074738274275651E-002 -0.98060950736884356       0.17023950554089753     
  0.28285790808438011      -0.78170823505410325       0.55580899514377047     
  0.49800040393889367      -0.69426495287421564       0.51960732566743284     
  0.81391892277093825      -0.52151925722799364       0.25603447325654394     
  0.88811672826061205      -0.37237433905237155       0.26941794409240455     
  0.87076311854617294      -0.47099902485949530       0.14117899971720055     
  0.56448566948172219      -0.79887799940739446      -0.20772547030302302     
  0.98683957912054776      -0.16081060486635876       -1.6958609721786387E-002
  0.80671237685977226      -0.43872999237469579      -0.39589283248394103     
  0.67710596724705630      -0.54521444683123765      -0.49423548646867904     
  0.79517353770228605      -0.29479662387168765      -0.52989998631051349     
  0.44384986383367092       -5.2964049973171126E-002 -0.89453457607029685     
  0.74643476466563519        8.9866679693696772E-002 -0.65936266347085770     
  0.35907953667969350       0.66301384691968546      -0.65686720509601615     
  0.54952227246277996       0.40371759568314292      -0.73146249049637535     
  0.64504382891467449       0.20753759635460248      -0.73542273889134435     
  0.56829957496734274       0.12727235778199125      -0.81291902428012153     
  0.34191194592290475       0.45980040619747775      -0.81956074069945561     
  0.92072880482860664        1.4982796809659258E-002 -0.38991535460743887     
   7.9454700598975553E-002  0.43953716811892052      -0.89470331864519637     
  0.10826229037669310       0.32584624675108104      -0.93920365201623146     
 -0.31603090069057171       0.67366826060688867      -0.66805354909587233     
 -0.66562351008347287       0.32721786070281378      -0.67072633350810607     
 -0.40995437372583349       0.63451249387109754      -0.65523378010030819     
 -0.45720381897802637       0.88762281318826353       -5.5591450958374554E-002
 -0.10071520884807852       0.91627368777317897      -0.38768411858267710     
  0.17648781052313478       0.72911529323092994      -0.66124348156599899     
  0.37185890053453002       0.75877521401233927      -0.53477203806273887     
  0.52804347937623020       0.69142626373332838      -0.49305152439477312     
   9.6076927998892225E-002  0.62993321119632173      -0.77068370512045004     
   3.7227444475733978E-002  0.45818020743901650      -0.88807939672584613     
  0.20590933395854455       0.25548800683160244      -0.94463073449573864     
   1.1000500812818143E-002  -4.2064654774627883E-002 -0.99905432975417008     
  0.68792185750691526       0.24205293374279904      -0.68423234009416556     
  0.58324056428412974       0.28738247335767891      -0.75976427803651714     
  0.53315190945417545       0.36870298791708744      -0.76145068661494897     
  0.46556527952399585       0.86338948929000814      -0.19444166293590739     
  0.61199941406411085       0.75120016568368875       0.24729542709476382     
  0.68164614911421995       0.70601845159700960       0.19208454753652610     
