  0.10837011295904574       0.89143299566470746       0.44000356005092844     
  0.40679663799510912       0.90171846293964608       0.14635678634637495     
  -2.1026284970201453E-002  0.69404340710762868       0.71962604482521608     
 -0.77348670081665349       0.60189768198097371       0.19858878136918495     
 -0.98059772032732850       0.19603081303178305        1.7672278544089270E-004
 -0.87689512984391393       0.42379719546956973      -0.22682783860926625     
 -0.55466090035175530       0.81032452204861949       0.18901178425603460     
 -0.19602642771120671       0.96093757285974080      -0.19537814797261979     
 -0.22262071042809967       0.92159321159166807      -0.31797165225322027     
 -0.38729852110969110       0.35312726713481746      -0.85164604663683086     
 -0.67124491617343207       0.57071696222444090      -0.47298246430563362     
 -0.81379533748917843       0.26168871495223139      -0.51889899320342270     
 -0.53930623712966985       0.12686407461742116      -0.83249882232019001     
 -0.78153293162811355       0.53345839972416609      -0.32346315484842419     
 -0.87512476505160297       0.17908175981898550      -0.44954017494937054     
 -0.84829483128523320       0.33831608275055358      -0.40735501392160822     
 -0.51078024571915837       0.78662671736159018      -0.34687454232906645     
 -0.97375454833984276      -0.22345223559333982        4.3257114973176330E-002
 -0.72600732272777990       0.63377663921984573      -0.26690923349488410     
 -0.64032124744494012       0.61368937548771352      -0.46192429085733305     
 -0.70483330918044329       0.70544520700630498       -7.4545732148606603E-002
 -0.48842903862569004       0.45711306645473659      -0.74329315798245466     
 -0.21258696797363977       0.35671400620951105      -0.90970429196620528     
 -0.40302848529270524      -0.20166245013327888      -0.89269272218883122     
 -0.74922545232329718      -0.60858870648636409      -0.26130634880959869     
 -0.84958920132381066      -0.28511244080437093      -0.44374439161812651     
 -0.76188847505318424      -0.64770622058267036        1.6135053897750051E-003
 -0.74002194696717805      -0.62072416636839400       0.25897688563492383     
 -0.63135743236667929      -0.76458191797679409       0.12962362168321778     
 -0.74098837036368781      -0.66792203398169991        6.9400226998978007E-002
 -0.99641780122714829        8.4186670403378711E-002  -8.0106132125547236E-003
 -0.91088404231099240      -0.34055376840665474      -0.23305233808569437     
 -0.97902064482463091      -0.15440730593081819      -0.13295473245562767     
 -0.88874366038845176      -0.25867834780942633       0.37844447214078469     
 -0.57547493585600951      -0.61501234181926123       0.53906253590052844     
 -0.12714361540234020      -0.88708942869164364       0.44374186929559478     
 -0.22149863275706366      -0.92397230239321015      -0.31179085954680841     
 -0.84926040773944811      -0.52555548240316363        5.0479647009442651E-002
 -0.69235904216903243      -0.68746012431859271      -0.21917466595992102     
 -0.56128721505858559      -0.38628015138588495      -0.73194556276889156     
 -0.59881527234991005      -0.61330675631666720      -0.51504863096296361     
 -0.69534571800701772      -0.56105695412168222      -0.44912072617616183     
 -0.42759015992833993      -0.79373836019285815      -0.43260382648654722     
 -0.81130429048890651      -0.42937387652390724      -0.39676620621358555     
 -0.90130942704386086      -0.42297446609620637       -9.3455431904668151E-002
 -0.22765029183566590      -0.86550558221711027       0.44617869937745169     
  0.34755758996385061      -0.92117201271869675      -0.17505954599021267     
  0.13315904213380092      -0.98346107051363996      -0.12277211524677589     
  0.27070548107567799      -0.90796459745747593       0.31987315029471308     
  0.16119806238133835      -0.86509371253275846       0.47500321390574329     
  0.29136790461054529      -0.87372808163835369      -0.38949195565430328     
  0.13389705021361681      -0.53694804728428314      -0.83292158962394502     
  0.15344233086955411      -0.37169887460220380      -0.91558472994953721     
 -0.21416061291682947      -0.72077910693035485      -0.65925162941608151     
  0.22451593750073548      -0.63767322149222927      -0.73686189777995681     
  0.56078834658211663      -0.47861583499010873      -0.67560588573102831     
  0.82580231181639052      -0.20340571441497551      -0.52600062465935626     
  0.61383494941382355      -0.78244889892050562      -0.10478728671079565     
  0.88271479368396477      -0.44279999607300741       0.15729830415237525     
  0.84102315016203577      -0.34841310657391800       0.41386998931915298     
  0.79208461292098020      -0.56862935929109748       0.22195183650066028     
  0.58455957543925152      -0.45506840512886870       0.67171634594949947     
  0.76147275450303642      -0.64688236064726956        4.1260824434026171E-002
  0.61442257480299967      -0.63936242198179427      -0.46227761456729255     
  0.61605168807412936      -0.73219041751740543       0.29047807166239725     
  0.67420775378450692      -0.53846654148541195       0.50546779169160516     
  0.40122521416592416      -0.64761579047432227       0.64777474128420820     
  0.15078844903573463       -5.2888928024434123E-002  0.98715024435483978     
  0.72776560211858854       0.35508976634407352       0.58674396989716049     
  0.47413396635533817       0.12135346874043974       0.87204949261657083     
  0.94236473916155006      -0.31228176881170555       0.12011992029973731     
  0.92969881458102743       -2.7677744796217749E-002  0.36727926242796044     
  0.96791709794566960        4.7947126271608326E-002  0.24665272061489552     
  0.41332835209521246       0.44524360341386177       0.79430334694831517     
  0.23263599539464158       0.63106279913356356       0.74002718679549806     
   7.3252099711532195E-002  0.52247717696252194       0.84950087077126102     
 -0.54529464384891568       0.21197819259957773       0.81099876525917625     
   3.3575094659518995E-002 -0.63519811113970692       0.77161912406520916     
  0.59849950257759477      -0.70821188312481964      -0.37447866963977694     
  -3.3301798950408038E-002 -0.37065032485298333      -0.92817526732457734     
  0.91825230039447825      -0.24421686845369697      -0.31172236683133125     
  0.97151970794684395      -0.22276299420052206        8.0784314601946086E-002
  0.52232207910238837       0.50496706400935165       0.68715930463607744     
  0.95965811200233953       0.22457218337518364       0.16918523139510833     
  0.95388079261176617       0.27546939921740238      -0.11928136309230974     
  0.92747159293129300       0.33214717272570760       0.17168197329894200     
  0.78270288837692825       0.60335774682608001       0.15276000088825145     
  0.73674610683001496       0.43430395381461823       0.51825211024347306     
  0.51166603042946601       0.57542534276041368       0.63803099314501888     
  0.43239409190682498       0.49997289531416417       0.75037487513591972     
  0.34164757217070940       0.87110935543807255       0.35276823453668144     
   7.1314624742282756E-002  0.88120376690238056       0.46732659403775095     
  0.32368453219969379       0.89607406673152457       0.30377555949400648     
 -0.17675980768471433       0.86535523594096631       0.46895232808551146     
  0.41969638119461500       0.90469011367931396       -7.3421698584670236E-002
   5.9689433456173675E-002  0.98611155805220474       0.15498763373100136     
  -5.8466817323696782E-002  0.99115166384158215       0.11916379708662757     
  0.25002790449519002       0.96810841604861986       -1.5878971930730637E-002
  0.77014935090633918       0.60615859719967380      -0.19859942683570103     
  0.88767105767147803       0.43211530134964776       0.15911146945427571     
