  -7.4568153319133634E-003  0.55375833202038849       0.83264404496946254     
   8.2251708099242482E-002  0.98814907473925861       0.12959962425373511     
 -0.12706453775644294       0.96454935054429014       0.23129884048419344     
 -0.43964814731094515       0.85492862970871075       0.27532988335892961     
 -0.53884598468633660       0.81570088760422343      -0.21042116516428699     
 -0.27883882254732451       0.95076676327684106      -0.13524597180139616     
 -0.64863385670285800       0.72530838442850165      -0.23065529999654447     
 -0.46295640027346419       0.43650012406836358      -0.77145253459570995     
 -0.73454494412477755       0.34138269703774826      -0.58643122292726046     
 -0.99869202919036060        2.8490007021253844E-002  -4.2456452178393028E-002
 -0.86278064509630259       0.34118588804578465      -0.37309750501124983     
 -0.92819889285496460        5.0109903375079534E-002 -0.36869474214661524     
 -0.97951221045478476       0.13718836573597312      -0.14742856533479215     
 -0.95000503115732171      -0.15496317151292849       0.27106614737077200     
 -0.90182084487124869      -0.41556816337332431       0.11841564654314204     
 -0.77275665379361558      -0.45504485701917863       0.44247184330541267     
 -0.81778542590571290      -0.56388648488093307       0.11514785862029447     
 -0.84626247006397626      -0.51291560214647924       0.14407434482215700     
 -0.78990645049151753      -0.59199917681419767      -0.15995241205809929     
 -0.48322751566059069      -0.83155929642401616      -0.27386183494472410     
  -8.6272126307468458E-003 -0.97028338663186398       0.24181753623016369     
  0.45072979216106451      -0.89105978121758134        5.3433330000291102E-002
   5.4943091114129011E-002 -0.89112398323041508      -0.45042125088674856     
 -0.26658719159409477      -0.94484051814256376      -0.19028311683926552     
 -0.20304969199110945      -0.75699953632508221      -0.62106563629452793     
 -0.10034389033443697      -0.45801663752769806      -0.88326205818000081     
  0.50278552046615299      -0.15979154920230071      -0.84951361449544116     
  0.76731446818226812      -0.49692846620354320      -0.40532777649053220     
  0.75566157876825102      -0.47021269148723027      -0.45593377056082396     
  0.79509533202146576      -0.41790973674334231      -0.43951662645773265     
  0.82688935582899370      -0.12809330613063621      -0.54758204694934576     
  0.86621557056225507       -2.9506837211145834E-002 -0.49879848824280232     
  0.94806415637011610      -0.25695021120373862      -0.18748585111570373     
  0.82604267902712869      -0.56316132707262534       -2.2423472422625657E-002
  0.99481332000201850       -8.6482034197083876E-002  -5.3547325868788131E-002
  0.99397674788322077        8.7295253748914156E-002  -6.6255289150459640E-002
  0.95111132501606221       0.30083957740708428       -6.9877006888681883E-002
  0.91685750830279544       -1.5694936964975037E-003  0.39921153059290476     
  0.89330498734978525       0.15285438858101133       0.42266030741900529     
  0.81864126522455694       -9.7104802935485041E-002  0.56603633816072429     
  0.90023107836541116       0.25116117248698894       0.35567129625542554     
  0.84575315648426308       0.38455957732336138       0.36988583344836107     
  0.84043908615490814       0.37482881143609970       0.39136364749489516     
  0.25008689880363566       0.33474869639252552       0.90851519156824700     
  0.29386905635905003       0.41451414053748442       0.86128915296148756     
  0.39172153274239219       0.42970461573069973       0.81357739890294734     
  0.15880150270227614       0.44901388699309425       0.87930006938863370     
 -0.55376015324524619       0.43346368656450573       0.71095634543037212     
 -0.65815231281253983       0.51205413346714679       0.55193849072040146     
 -0.45990455162243604       0.62126328607210546       0.63444442843787163     
