  0.43527959309182862       0.86420244697452231       0.25236046933119849     
  0.15621975582978931       0.79985383265601473      -0.57950775169445812     
 -0.22860221889275517       0.76137951948089844      -0.60666486039026712     
 -0.77443831874496172       0.63190336692966564       -3.0715229486849460E-002
 -0.55943747628368512       0.65926944779625907       0.50238780372512448     
 -0.68104765052045857       0.66383372249160166       0.30902894136877701     
 -0.24311967248935282       0.96900164562598667       -4.3916234160019649E-002
 -0.16882682204614158       0.96739052785858115       0.18882020751841694     
 -0.10497140099416133       0.96327225277469142      -0.24715900147010345     
 -0.14248056427075045       0.77235025608808239      -0.61901080016892274     
 -0.83624117284809396        2.8518418918128868E-002 -0.54761975915416095     
 -0.74587869727442691       0.15806960264357159      -0.64705407013039773     
 -0.68282820578380798       0.26741713721582522      -0.67987772143920200     
 -0.98521925719192094      -0.15957054622885347        6.2291701168172807E-002
 -0.78356564508999971        8.7046726058458729E-002 -0.61518106872464828     
 -0.81550413420845269        7.8184234065989261E-002 -0.57344592825517149     
 -0.84442386322889340      -0.11431112180296926      -0.52333670484854677     
 -0.50831221114518355      -0.31692322835571718      -0.80073613839346724     
 -0.62998728580835461      -0.14191705197930227      -0.76352836887526054     
 -0.81871778459289202      -0.26346243364395355      -0.51018500100425090     
 -0.35585045018435013      -0.23045087361724598      -0.90568363789605844     
 -0.13266326714647372      -0.15339408713379366      -0.97921943995327765     
 -0.39490354491165397      -0.75212843188362732      -0.52759265742472616     
 -0.84113246557162635      -0.38457703208299177       0.38025870372107418     
 -0.97791382472341015        6.6783513045360357E-002  0.19805179575089393     
 -0.93632821475342831        8.9744235673915373E-002  0.33946346846157671     
 -0.60508287473886002        8.4310707461010131E-002  0.79168580845255854     
 -0.46938956395570935       0.14055966645999760       0.87173184948935123     
 -0.11342560394149875       0.13651917642199538       0.98412252633478592     
 -0.46799142782728026       0.14108616031998983       0.87239825701702611     
 -0.60644176183883203       0.19774333059973614       0.77014671634769327     
 -0.73096399417413138      -0.24140043813738540       0.63829261917092661     
 -0.77903554989053869      -0.43436188922647656       0.45214307602168929     
 -0.83867539074295883      -0.54182239344366256        5.5245659785452345E-002
 -0.62752096613926911      -0.71484785485082192      -0.30856114705325355     
 -0.86670364836397196      -0.48832411001716547      -0.10180544920838980     
 -0.69489257349635103      -0.71755113630611922       -4.7378033785879667E-002
 -0.89158768834620095      -0.40316894838414535       0.20621879896920853     
 -0.82356784552227358      -0.54073346689657842       0.17129892468960228     
 -0.44631232279967692      -0.64219478239915806       0.62321037537612789     
 -0.20787898110915323      -0.75781853504029706       0.61846373956958589     
  -4.4078853902495330E-002 -0.20021357330107931       0.97876022584934441     
 -0.93185007623441296      -0.24025403317168176       0.27190703368367791     
 -0.45895557489061795      -0.88540511609205674        7.3604080558303059E-002
   7.4476634797881885E-003 -0.82082312518005562       0.57113389802946624     
 -0.23760485019654523      -0.97128320785104638        1.2363871143757012E-002
  -2.8297631095197645E-002 -0.85906086408833937       0.51109067284210452     
   2.2316729711462757E-002 -0.94295392105464404       0.33217445167058285     
 -0.12279099412929467      -0.92713091645760326      -0.35404891683102491     
  0.58776642854454153      -0.69681310245722894      -0.41107435546373000     
  -3.9581709416984807E-002 -0.97347751613479061      -0.22533267375075366     
 -0.36274712053671970      -0.91841017508328548      -0.15791541041267976     
 -0.48853387240850332      -0.64219762407178826      -0.59069185464681995     
 -0.48269614021198481      -0.71154361839366698      -0.51059780194169679     
 -0.40965614773091230      -0.82810848872524878      -0.38264627468126067     
   8.8558858233325974E-002 -0.73899564297118792      -0.66786433375200049     
  0.31798893537064810      -0.94553801503536217        6.9576570085231298E-002
 -0.17753266691666225      -0.92603574313988346      -0.33307649962856906     
   2.5933300309422064E-002 -0.54410354032359920      -0.83861719594960760     
  0.54803661779805524      -0.49515578485170775      -0.67414880722312231     
  0.91004481226337242      -0.38084293233197813      -0.16363710021051575     
  0.93428336972383053      -0.24475255648819805       0.25925040241044123     
  0.85808403164301483        6.4477098812379868E-002  0.50944528496003572     
  0.70101115570191130       0.69329457916056136       0.16711070010041718     
  0.71063596885482694       0.64717977616470002      -0.27596169497445877     
  0.73998015433324837       0.66781662386805185        8.0313934522080688E-002
  0.64501949774289913       0.73464590771622362       0.21034552005521834     
  0.91506751048120072       0.36921928410032717       0.16226081323036021     
  0.93281913203608613       -2.3044807870743589E-002 -0.35960729099622557     
  0.85363211667504879       0.11657389023495994      -0.50766400059130146     
  0.98246046976188872       -1.3383744206721629E-002 -0.18599005550367687     
  0.98229552328409031        4.6181671112224557E-002 -0.18155648759907389     
  0.99673135124077406        3.6928650859218842E-002  -7.1853240702553153E-002
  0.67414586498766715       0.60840091883470504      -0.41877878967434939     
  0.12139032947472336       0.89939333307388192      -0.41994763998893309     
   4.4675073921286057E-002  0.99596561020629959        7.7824424549909982E-002
 -0.58548442730163897       0.36255162335800417       0.72509606659238857     
  -2.8044991899923558E-002 -0.15392449295702565       0.98768452903609860     
  0.39883778914462342      -0.41009934835632889       0.82021152297925481     
 -0.20659892199652641      -0.48535990426630676       0.84955438246205361     
  0.50383625442092195        5.3381615345465531E-002  0.86214814960899355     
  0.85748493535238957       0.37027216637163096       0.35723676806030485     
  0.96789175342242695      -0.19131785331793644       0.16304303928311681     
  0.95422084882059766       0.27740455396653740      -0.11184491546212277     
  0.97049748609120812      -0.22619520568007895        8.3488672393292870E-002
  0.98521043874886682       0.14542139771571305       -9.0625650158673021E-002
  0.99447152447161036       -7.8595017715534371E-002  -6.9636270760388169E-002
  0.96192722076341153        1.3595438969802101E-003 -0.27330234831552425     
  0.92810196989941640       0.32387024806140985       0.18367034569977386     
  0.88121701874172353       0.17444535897285648      -0.43934654045842458     
  0.21928760546019366       0.75544470036800437      -0.61742712183498438     
  0.73456860675049995       0.56012350701687696      -0.38297600298680262     
  0.72649582583054539       0.58396219645708203      -0.36220431825120225     
  0.82783067373811237       0.55878357771648035        4.9571048936629086E-002
  0.49215861383692006       0.73867424509293445       0.46058686310240282     
  0.64826241327027889       0.58962494590485626       0.48176577992598457     
  0.17571469075322357       0.88134979817789028       0.43857368902533511     
  0.35995417825546888       0.79340835609240390       0.49085249315775248     
  0.70815683381001471       0.68447536422175315       0.17322636780142414     
  0.42514182906762116       0.82763413681253795      -0.36643711706048265     
