  0.21699070572249929       0.85031482789149004      -0.47945774276563630     
  -7.9179649322245416E-002  0.93482647907352456      -0.34616475435289817     
 -0.53965811263693364       0.81769683477150634      -0.20035220954558466     
 -0.84875743482908517       0.27644798086549388       0.45076305382954940     
 -0.87416973804253573       0.31036313132125720       0.37349965971484295     
 -0.94225529233862471       0.32143530343222149        9.3991008970473536E-002
 -0.96101539634013566        5.0474207420304227E-003 -0.27644878647058879     
 -0.91799284866888609      -0.31872380610299722      -0.23601751040124624     
 -0.86914366527948750       0.48451397818008873        9.9174059373623294E-002
 -0.75839773293311175       0.64410436139658622       -9.9812074980012322E-002
   8.7545404444209399E-002  0.99000833422427192      -0.11054094412110636     
 -0.21340708351115983       0.96206579069898790      -0.16996126345140192     
 -0.38059430592684557       0.77115584511307478      -0.51035932130607864     
  -8.7288383653736756E-002  0.41168106953071859      -0.90713804631332506     
 -0.58047853464952137       0.43452672738607134      -0.68864446124128365     
 -0.49287223863297963       0.21764887668199684      -0.84244045656887534     
 -0.72122788057473641       0.22826427898479101      -0.65400746419381450     
 -0.79150074183833896       0.47573131258122442      -0.38367472408161174     
 -0.96589958709335921       0.20538053953328578      -0.15766046312845736     
 -0.85758515265998281       0.10101671039245683      -0.50432462775342735     
 -0.60433036508381255       0.57495096093880538      -0.55155797732713663     
  0.26032920998459680       0.25875881838080522      -0.93020028829223578     
 -0.10782679313496284      -0.22013618865130058      -0.96949133112591879     
 -0.83052332504665227      -0.55363652986709411       -6.0972119449549778E-002
 -0.73669621543078145      -0.50223581301681375      -0.45281108013530835     
 -0.82855263388357248      -0.55985904647069129       -7.6407440424996476E-003
 -0.93407859154816120      -0.34447140411051741       -9.4003385904603817E-002
 -0.91214174327475328      -0.40853809680703407        3.3076632733419181E-002
 -0.82502020712883972      -0.21026359558525509       0.52452919670942910     
 -0.62801053509602744      -0.77598609739188107        5.8722606063740440E-002
 -0.45247204964858567      -0.78673012197653580      -0.41991041837704990     
 -0.40108607455192902      -0.90139700475769258       0.16313614134944524     
 -0.51994154493455380      -0.78161437968005498       0.34458634814576411     
 -0.36384296984817499      -0.80416413751710281       0.47004077825592300     
  0.23198180813334138      -0.66696272788568245       0.70805731428075402     
  0.20461953547794487      -0.95236535102487951       0.22612183412497666     
  0.16236601705367532      -0.72008957759623737       0.67461713344933660     
 -0.30165822312220358      -0.87420648834414494       0.38048039655119409     
 -0.17208829617939483      -0.86166021566086293       0.47741731332803028     
 -0.74921835180324681      -0.45139332483911065       0.48468126393735939     
 -0.80212648554899624       -2.0083376710765204E-002  0.59681635296019364     
 -0.95415565495250554       0.11828752334367770       0.27494553632196861     
 -0.93505444118788728      -0.34879120715973394        6.3386795335141827E-002
 -0.47031503606812597      -0.36827622961991102       0.80198278382093557     
 -0.13348562538972755      -0.23568286701827540       0.96261891421701795     
 -0.20990182656184450      -0.65107695093889728       0.72941073968108616     
  0.41639520208450359      -0.16103505568213561       0.89480877651174862     
  0.46176080034375538      -0.46448562992853526       0.75566531140166604     
   4.2879189478309161E-002 -0.84622551938570212       0.53109673831617077     
  -7.8788476561857335E-002 -0.99005481459039857       0.11654973216367487     
  0.25630489038632026      -0.96034010628198407       0.10979382236882680     
  0.26531371680107735      -0.31300099798572001       0.91194243619711879     
 -0.12817803640457520      -0.85923169948664035       0.49526889421884918     
  -5.9998567457685302E-002 -0.78619048485870480       0.61506478798631281     
   3.4655501272373296E-003 -0.85752244540350597       0.51443487983562886     
  -5.1929759186754007E-002 -0.98186338770041348       0.18233921137337286     
  0.44087720521686879      -0.89695423015728371        3.3172261350545781E-002
 -0.11273265940125121      -0.99171666916421020       -6.1558066946256138E-002
 -0.13199165950834246      -0.84801442183807763      -0.51327355491478344     
   4.6700151358440335E-002 -0.68505457001639491      -0.72699335070050786     
  0.67530953153270090      -0.33475983650838503      -0.65718558146232131     
  0.45387137159746238      -0.10203580028219647      -0.88520589328416155     
  0.83316421026582632       0.13314341034283417      -0.53675900645858299     
  0.59937537418746323       0.58230616040676197      -0.54924374950469479     
  0.44846351904891230       0.18733659678424200      -0.87394820875585677     
  0.84876936762318334       0.43246022936825035      -0.30425106507505323     
  0.91914754158792011       0.38889674623564674       -6.2666718122197637E-002
  0.74689634796406990       0.56359741143361985       0.35285096460581933     
  0.98377058916626003       -4.1028650191007709E-002  0.17467706705511279     
  0.94058442645531870       0.33954881481467897        2.7457362708699085E-003
  0.97101433821188610        4.4043996798266774E-002 -0.23492824720108146     
  0.91922663383823022       -3.8447046086017497E-002 -0.39184718997294560     
  0.91848076315033456       -7.5492041463045056E-002  0.38819330158894638     
  0.86149677581017714       0.45582727923052146      -0.22370694396457494     
  0.60419889876656008       0.34263805996293500      -0.71940451110214532     
  0.46638447432170715       0.60216148793431623      -0.64798693239941207     
   2.5922151768177800E-002  0.56925942701663645      -0.82174919945224378     
 -0.53284058674377865       0.83205283235402805      -0.15417196012955151     
 -0.66857997050357654       0.72982250706751584      -0.14268823083606935     
 -0.64511736313281987       0.74923270326462654       0.14991312198518497     
   9.2385386312135456E-002  0.82438638572808676       0.55843712933699940     
  0.35007847371137990       0.65017184008637774       0.67433051288119206     
   8.6775833575303940E-002  0.52352637572805838       0.84757895716231391     
  0.76144765765386946       0.33884364929070504       0.55261419271386858     
  0.77905297166676502      -0.10608156395999632       0.61791841623711807     
  0.91753357050283679       -9.8480187077017528E-002  0.38527107308179881     
  0.96140399605642213       0.26198770635128388       -8.4052353254044726E-002
  0.97943110708837444        9.5886654915946612E-002 -0.17754001204426631     
  0.96416957320833252       0.15481710590249859       0.21542678064540990     
  0.91313476124995296       -4.6173468756902036E-002 -0.40503446591611292     
  0.66739881915496535       0.72871979191108249      -0.15344797511739625     
  0.66454519723309091       0.71531882031109106      -0.21609874165108864     
  0.54082635419529879       0.82219666289780269      -0.17748099089069644     
  0.87549117884977590       0.42473646956891631       0.23046502375494912     
  0.69845104890485676       0.32387130427229011       0.63817984185704046     
  0.71052859616548825      -0.10804606979127419       0.69532378129455907     
  0.98120256615172763       0.19297404848669400       -1.5939849186901224E-003
  0.87469657709439907       0.40915556007552617      -0.25980305171153784     
   4.4705148724461082E-002  0.90253685654291937      -0.42828573669823478     
  0.39629516370709389       0.88792930181102425      -0.23352023083182535     
