 -0.71785759889951217       0.69143315927888083       -8.1244408742122076E-002
  0.56355831501901987       0.75668713230758922       0.33140097974062299     
 -0.19267920023375709       0.83728137642494838       0.51169778433097135     
 -0.56430268640337222       0.82555718535270939       -4.2204064320932183E-003
  -9.5426777640882018E-002  0.99537633803907466       -1.0939642635908315E-002
   1.2970538618388830E-002  0.99001463973739312       0.14036658517464967     
 -0.50692943468050911       0.85258699038829977      -0.12695657554898446     
   5.2041485207628725E-002  0.85188935864185400      -0.52112973859698497     
 -0.61870453675222714       0.47461245718289868      -0.62605727508673403     
 -0.79762501888159987      -0.15339153633553068      -0.58332269442801532     
 -0.85509548297252558       0.23466710350798398      -0.46232355069924458     
 -0.57397053858459668      -0.24870537993238737      -0.78019449807698249     
 -0.53711514622775514      -0.58258325690651536      -0.61000333479820723     
 -0.86643280174962323      -0.45383649001854304       0.20815052337178175     
 -0.62378960517400306      -0.38276134305368714       0.68145453461005012     
 -0.29585616668022457      -0.19611529651260393       0.93488390675583632     
 -0.77288020209699482      -0.36367508449532504       0.51999675587817706     
 -0.39472511844376479      -0.89461190966095971       0.20943164030854478     
 -0.42326773609500357      -0.89442380740950511       0.14439694013411336     
   5.1876834836671409E-002 -0.97153110009734633       0.23116253059475372     
  0.16966429932529278      -0.51741823026846823      -0.83874453829536422     
  -3.8655177978771688E-002 -0.75657621274853259      -0.65276198688229137     
  0.22304113743704007      -0.81972655689380558      -0.52754243709280635     
  0.15544300435199349      -0.81987684236428027      -0.55103487707476528     
   4.2293291168198827E-002 -0.99910436985058604       -1.3174473890983363E-003
 -0.62717122143929482      -0.51499875852059318      -0.58432228925532992     
 -0.58827526713889822      -0.51189975610494087      -0.62601186072818171     
 -0.13099611122509194       -7.4266761987533292E-002 -0.98859722177830944     
  0.53217177088536249      -0.37146853390737622      -0.76079191280496716     
  0.90301641881184580      -0.24528582675306632      -0.35269846973057800     
  0.83481745880656888      -0.20644004338030481      -0.51035509105021959     
  0.77553058900394423      -0.20305930317544441      -0.59776184631766294     
  0.81357571021706443       0.31577596714496881      -0.48824184818434391     
  0.94404956460226419      -0.22510200249572476       0.24103839537860494     
  0.91944940693109289      -0.33231607307000022       0.21018757259504484     
  0.83063891576597193      -0.55673064059723976        9.4860653235383143E-003
  0.95685674745071969      -0.16545319504080891       0.23885226628362582     
  0.87811074307348425      -0.28989719994369911       0.38063254769362637     
  0.90447711785826168       -6.6737880813207806E-002  0.42126855868362451     
  0.96786217469086533       0.20526640448701594       0.14528769387545176     
  0.78265987261329928       0.48075016577522278       0.39537678473581683     
  0.70073147094593813       0.55788454797350795       0.44467992619224544     
  0.86350620000768008       0.10432134321207909       0.49343094744728772     
  0.29889818126899942       0.14658596832951248       0.94295940056981609     
  0.19233067961814165       0.11344210360162257       0.97475114711810740     
  0.22651680407787000       0.29616270756753615       0.92788888780748691     
 -0.40469331442924938        6.1539073437217401E-002  0.91237945159717426     
 -0.73834223925486564       0.52072702183806563       0.42859550447918709     
 -0.71472408430196976       0.69642795971465843       -6.4479300914227308E-002
 -0.16311641512893199       0.92310056593125500       0.34825045627088952     
