 -0.23704342371679596       0.84010756022973110      -0.48788287786872542     
 -0.48310005343853046       0.46818169671212334      -0.73987852870011428     
 -0.88118092966493622       0.23517046864029151      -0.41014024415355788     
 -0.57650712533488635       0.71066761381031951       0.40322583885367402     
  -7.5013988014674987E-002  0.95069503527408439       0.30091834691048136     
  0.11086558331762281       0.98923020315056931       -9.5563735853763113E-002
 -0.77039189279604126       0.46958664437168768       0.43125945200293486     
 -0.54043725020477673       0.60616315030861223       0.58351847768433263     
 -0.73758852242404538       0.65084638906458270       0.17989482880257701     
 -0.74899037827266168       0.49370028613778960      -0.44189754550398241     
 -0.73817938228891999       0.41736554940085846      -0.52999735634894751     
 -0.95061891643466445      -0.25958698823466286      -0.17011252527619128     
 -0.80176810512530994      -0.12753948296957454      -0.58386778116935056     
 -0.88815014365629641        5.0224506124330742E-002 -0.45680063628224443     
 -0.92027767323931464      -0.32745236261434701      -0.21415871300397618     
 -0.94828260197890102      -0.15980315191548439      -0.27426822532330664     
 -0.96520742200778653       -1.8853005394777786E-002 -0.26080490158097897     
 -0.89062170217041103        2.6688489516550236E-002 -0.45396113066032456     
 -0.41936203620967183      -0.40735714254516731      -0.81129257423170076     
 -0.66667749243764851       0.16666205701419240      -0.72647428022528149     
 -0.36279247802910131       0.59548105381961847      -0.71678722953703011     
  -4.1808208603301408E-002  0.48878843417808082      -0.87139998870043534     
 -0.42291248194581682       0.43854200295640872      -0.79298546282855054     
 -0.82770166837515424       0.51147924871265016      -0.23086560225665467     
 -0.74091305338412450       0.62738084191947718      -0.23966878502930489     
 -0.79795514197918238       0.52248924476748670       0.30045395735667202     
 -0.76141235767668058        9.8057872867113677E-002  0.64080876643973617     
 -0.52138958755833842        7.5760809537580812E-002  0.84994893830391782     
 -0.95786048995203765       0.18069809032553796       0.22327445429681017     
 -0.64978993596920853      -0.50242682119464288       0.57038612225174157     
 -0.55789292795055934      -0.63656732280870643       0.53248241705703592     
 -0.13205035937120113      -0.88553526865215260       0.44540991296007454     
 -0.15484524597475691      -0.91281682803845754       0.37787350826543797     
  -5.9321440855166975E-002 -0.74063160956494545       0.66928752085191878     
 -0.10618801346770973      -0.96352764477949537       0.24563913275669841     
 -0.60148225897031682      -0.69642263287115513       0.39142637694561239     
 -0.46271687777970821      -0.87541786047745107      -0.13977360471448369     
 -0.31546277184048582      -0.91786516334713286      -0.24084597048002226     
 -0.45620515378251036      -0.86539948189876148       0.20726937639612283     
 -0.47142580648219573      -0.66540071692957570      -0.57879149517958117     
 -0.62384892949174531      -0.55760965196855117      -0.54761664438136959     
  0.25195707242372006      -0.77406893048612835      -0.58080541019495679     
  0.19768956990147948      -0.96866340687608865      -0.15036634640562591     
  0.29161563014264658      -0.94670558358749191      -0.13678034310812287     
  0.48730852767713845      -0.82117433417154617       0.29699008695754653     
  0.36191947808103897      -0.84895461616254231       0.38508486218217142     
  0.69425451581965947      -0.59975697397460170       0.39787213955344941     
  0.45058946478583539      -0.80066340384737500       0.39485091865607674     
  0.15511837907050804      -0.15932165295029266       0.97496405029915112     
  0.47873284832140528      -0.74808480994112203       0.45954757868301843     
  0.76533900388031073      -0.48496100015219573      -0.42316549655055224     
  0.59595306881950827      -0.71819970358644214       0.35920624372769150     
 -0.19542260198634162      -0.55662417710877343       0.80745249525335394     
 -0.14936942884713955      -0.87906317097944620       0.45269936509059844     
 -0.22884633059232690      -0.85900268594437190       0.45797788430750214     
 -0.12735894577374460      -0.76608768413009465       0.62999155482877889     
 -0.55376524080228173      -0.74647527361972077       0.36894271093700615     
 -0.84659873976804811      -0.41254298920556581       0.33627199687230042     
 -0.99360543216093167        4.0813231798765448E-002 -0.10527357356157901     
 -0.50364123769548852       -2.6183886217967078E-002 -0.86351601478784568     
  -6.3800593677981826E-002   6.9600458416789940E-002 -0.99553265161646798     
  0.54034390931580834       0.30055547027068019      -0.78593566464162801     
  0.49913581380378741       0.68925715946319677      -0.52515522229828127     
  0.61231124163554795       0.36906222169480479      -0.69919097525956930     
  0.60215006591476661       0.75569686943655889      -0.25756074942163254     
  0.93193647445342798       0.22393724403137416      -0.28521311035600755     
  0.99643666717414336        2.3461155999150621E-002  -8.1015692739514200E-002
  0.96621986112357472       0.22590957137906792      -0.12403243740919302     
  0.72340195546760744      -0.47970494330203528      -0.49656095114017756     
  0.58139437789344506      -0.58897313803698237      -0.56132986739061774     
  0.66703989311073486      -0.46181657626457312      -0.58462229762992268     
  0.75715131862904095       0.17451992694138357      -0.62949557250124932     
  0.88916473017301401      -0.44953899635061673        8.5444563176585039E-002
  0.97802227550951204       -3.8911331202887055E-002 -0.20483734257018146     
  0.89789921579380738       0.10632649902263565      -0.42716703276641044     
  0.69046345237279616       0.25925510612799163      -0.67531252830375454     
  0.81361002477056843       0.47063014748410309      -0.34138833001720137     
  0.50076645649777318       0.72286416934478381      -0.47613060049123279     
  0.37087669475382462       0.59237784800562387      -0.71521952048354287     
 -0.23498875621187579       0.95695649213806511      -0.17033659797240364     
  0.29810979426949713       0.81477578229087722       0.49726348664757014     
  0.30535543069301291       0.56473982283167845       0.76669876317517194     
  0.58529934843994402       0.56222324254875111       0.58423428370281971     
  0.49870504660619797       0.73305077386026152       0.46252550138602250     
   1.1604626487990474E-002  0.63740123696040851       0.77044467404572181     
  0.25017618738053815       0.40938611006586556       0.87739095513509990     
  0.64600108969978609      -0.18021623808654091       0.74175784433778014     
  0.62544851709959171      -0.44080991235135736       0.64381734492845066     
  0.51856847388346583      -0.24427002993279545       0.81940154403736487     
  0.73305756909916564      -0.13701899087087041       0.66622248275418849     
  0.67940648347481492       0.42110957844398411       0.60089396165639952     
  0.88691647513850980       0.40248183634429308       0.22668819453339772     
  0.92857520512137970        1.4899966855914697E-002  0.37084508817225187     
  0.69807025668355593       0.42197407668398262       0.57847713467384609     
  0.67310745676466410       0.48877399133138316       0.55500120454446211     
  0.73532492265927596       0.59135335529405686       0.33105659228990325     
  0.45411663664597379       0.81569607733743876       0.35835455869525501     
  0.85178025833685289       0.52386050403276707       -6.3689733979813007E-003
  0.17589258880538691       0.61203617681883538      -0.77102108626698740     
 -0.16608239316404519       0.81371164657772832      -0.55703679851932308     
