  0.44334178556323328       0.86759523093735857      -0.22522561228320750     
  0.63857172048415367       0.70429015518422999       0.31016372306973805     
  0.84771275139222046       0.52824701305279331        4.8354775646670484E-002
  0.68638805303902706       0.64721449783653695      -0.33163961529873531     
  0.90400493475264032       0.41236470394467739      -0.11282920226384710     
  0.59784813995333841       0.65363023259706876      -0.46405292865085435     
  0.27550090177826819       0.94403761611305970       0.18136215835430625     
 -0.50304954079008324       0.82808698333945197       0.24741282815296917     
  0.38127582302394902       0.63319440936762095       0.67356780410215278     
   2.7740725490698337E-002  -9.0674126466432817E-002  0.99549417624554526     
  0.61274158137050982       -9.3800530947635727E-002  0.78469689361785133     
  0.97241817442143297      -0.22979945353018910        3.9938768284846993E-002
  0.85820896517712308      -0.18095057802189590      -0.48034806172519595     
  0.30335162174336300        4.8904047479904400E-002 -0.95162292307707774     
  0.44944809231286192       0.58145140848524757      -0.67816714155645652     
  0.36353946121712483       0.80882054140670223      -0.46222115046429413     
  0.53304735520256752       0.83521265054682847      -0.13520482786533539     
  0.44094305445901283       0.86265347558423966       0.24778660937748404     
  0.36307287011214950       0.84716445796610107       0.38793101467598051     
  0.52659108390057774       0.52947809119176947      -0.66509757276984738     
  0.87954980807528538       0.10258049715922393      -0.46461745201541488     
  -5.1098651606449969E-002   6.9580613479794523E-002 -0.99626676449221363     
 -0.10488851918197695       0.10264383803651546      -0.98917270537401358     
 -0.18208582602040080      -0.27179987496366209      -0.94497067675786306     
 -0.31831322124889883      -0.35537488211118845      -0.87885458771210323     
 -0.61252008302574157      -0.63023780275739882      -0.47709481223930689     
 -0.36792626444672111      -0.92965285345365556       -1.9386490031933233E-002
 -0.31001152873772636      -0.94929286000544411        5.2306003406668550E-002
 -0.58139358427887355      -0.43975608590397219       0.68454078408066621     
 -0.78571764711228054      -0.15689828845847037       0.59835667130495040     
  -7.9959128925733924E-002 -0.92095727700085050       0.38137151393438895     
 -0.56368393103942849      -0.78355754086914253       0.26133887203214012     
 -0.79841211759650343      -0.53117868567298099       0.28352653202441341     
 -0.57503918059861259      -0.67045716357290852      -0.46884659814298391     
 -0.64566661117745872      -0.46103296503425595      -0.60873905112316140     
 -0.57610829793123153       0.29760843158821848      -0.76126766022364123     
 -0.36908047349927836       0.28030442559438873      -0.88612021366953708     
 -0.39300316185663708       0.81011296260016397      -0.43504655221926730     
 -0.54374704412552932       0.65694932858974431      -0.52226117189603605     
  0.25243827818992282       0.62649824664054987      -0.73741091845783058     
 -0.18057269714815835      -0.27917248271148365      -0.94310986949630360     
 -0.25934416001879868       0.21180266621636673      -0.94227397143706237     
  0.63566243722889448       0.46669013763885903      -0.61492567138381837     
  0.32572766024948974      -0.15138680667029730      -0.93326498172520833     
  0.19036960216232934      -0.34828159833324912      -0.91785583989807085     
  0.74284642204739892      -0.66915948250181512        2.0119150808996927E-002
  0.51511303731985247      -0.80054393342116625       0.30624821541632341     
  0.35835310115234176      -0.86572089379769757       0.34944296950520326     
 -0.64210479702511281      -0.51072690118727293       0.57171624258978815     
 -0.90990182554436505        9.7281111504335438E-002  0.40325556811470153     
 -0.96276274989534982      -0.26779012025893673       -3.7099041842720559E-002
 -0.89567905715038854      -0.36895792958710288       0.24825203478920341     
 -0.49549036843032668      -0.68462632061646311      -0.53458029884380276     
 -0.59818731521528101      -0.78567331929362183      -0.15776365635236381     
 -0.27869312584924549      -0.87649331807822672       0.39254248810618952     
 -0.35333121535362311      -0.92747996085260609       0.12222100667881004     
 -0.18643099633633614      -0.97094642459351099      -0.15002174567080398     
  0.64012795065490991      -0.75138775737234220       0.16016443069955807     
  0.30618975695391148      -0.83799044186463423      -0.45168556771279900     
  -6.0495313167398437E-002 -0.90211566136463572      -0.42723254862596305     
 -0.24777133404787449      -0.76541102693999030      -0.59393208859500368     
 -0.67071728015610366      -0.58839342742178236      -0.45158775965128933     
 -0.35876531406438339      -0.56512540833439673      -0.74291367081188175     
 -0.35502934857885854      -0.92046925448359707       0.16337231466221536     
 -0.59789464647993407      -0.70637139128564164       0.37889503729110302     
 -0.63053038559806107        2.0246002450241204E-004  0.77616453915874051     
 -0.54168376705904286       -9.9100161714149870E-002  0.83472022525691991     
 -0.47725447915631553      -0.51734913823061890       0.71033656198824335     
 -0.29162140620120575      -0.71505615395682542       0.63533585774274548     
 -0.55885658316529141      -0.44623561741061157       0.69896573106768978     
 -0.75739912165315149      -0.20140290026725613       0.62111467724002045     
 -0.83799384400648214      -0.45022933955413608      -0.30831778932115406     
 -0.37426320819238468      -0.80835999757629096       0.45440198647453683     
  -4.6857188368172327E-002  -2.3501556594333367E-002  0.99862509518631037     
 -0.35007471757558484       0.38804176035139015       0.85256746615019530     
  0.55827482974667941       0.23087722048523635       0.79688451078705258     
  0.44912556598878689      -0.23260797676132106       0.86265853912324120     
  0.25434040005995545      -0.17644371573447626       0.95088305068244161     
  0.74071375800147587       0.24265217607857667       0.62646871442367968     
  0.48081480778947155       0.57169822094785561       0.66481445890972024     
  0.74125445704214332       0.66507856829012091        9.0621895347170855E-002
  0.90509776839012468       0.40391648509027800       0.13285143103304076     
  0.60257547658797073       0.78205012122894990       0.15906100370789503     
  0.26550221033937205       0.87884587378265766       0.39640699595252094     
  0.45517547251596735       0.73298208331755998       0.50552206159109703     
  0.75976499945417819       -6.8769539677770122E-002  0.64655076832132030     
  0.60103257574824143        2.2266503393991804E-002  0.79891429184614948     
  0.57882279936617942       0.63293608089932807       0.51415570057104765     
  0.39096241971128592       0.89176429551248027      -0.22782631020718358     
  0.87252761240936427       0.34639092807424388      -0.34454156575235184     
  0.72930088831176743       0.31742316909681934      -0.60610456690920933     
  0.32699695668732032       0.89195336366440037      -0.31223738944110002     
 -0.41539420309290070       0.89855833039306776      -0.14156476580715591     
 -0.63634835957347358       0.75908550696360433       0.13729515062794220     
 -0.67056357494929475       0.55463239565600408      -0.49267372330996057     
 -0.88556557438336225       0.33240844390050178      -0.32446608434581020     
 -0.75919353412395885       0.60983277170403249       0.22744047199245143     
 -0.16682145307378787       0.69100384915974988       0.70333795805484478     
  -9.0762224437489630E-002  0.91665892806818483       0.38922824692979774     
 -0.53742565550428445       0.84330283594715116       -3.7405466546423516E-003
