   50.408163265306122        54.248623515158734        50.000000000000000     
   50.816326530612244        58.497247030317460        50.000000000000000     
   51.224489795918366        62.745870545476194        50.000000000000000     
   51.632653061224488        66.994494060634921        50.000000000000000     
   52.040816326530610        71.243117575793661        50.000000000000000     
   52.448979591836732        75.491741090952388        50.000000000000000     
   52.857142857142854        79.740364606111115        50.000000000000000     
   53.265306122448976        83.988988121269841        50.000000000000000     
   53.673469387755105        88.237611636428582        50.000000000000000     
   54.081632653061227        92.486235151587309        50.000000000000000     
   54.489795918367349        96.734858666746049        50.000000000000000     
   54.897959183673471        100.98348218190478        50.000000000000000     
   55.306122448979593        105.23210569706350        50.000000000000000     
   55.714285714285715        109.48072921222223        50.000000000000000     
   56.122448979591837        113.72935272738096        50.000000000000000     
   56.530612244897959        117.97797624253970        50.000000000000000     
   56.938775510204081        122.22659975769844        50.000000000000000     
   57.346938775510203        126.47522327285716        50.000000000000000     
   57.755102040816325        130.72384678801589        50.000000000000000     
   58.163265306122447        134.97247030317462        50.000000000000000     
   58.571428571428569        139.22109381833337        50.000000000000000     
   58.979591836734691        143.46971733349210        50.000000000000000     
   59.387755102040813        147.71834084865083        50.000000000000000     
   59.795918367346943        151.96696436380955        50.000000000000000     
   60.204081632653065        156.21558787896828        50.000000000000000     
   60.612244897959187        151.96696436380955        50.000000000000000     
   61.020408163265309        147.71834084865083        50.000000000000000     
   61.428571428571431        143.46971733349210        50.000000000000000     
   61.836734693877553        139.22109381833337        50.000000000000000     
   62.244897959183675        134.97247030317462        50.000000000000000     
   62.653061224489797        130.72384678801589        50.000000000000000     
   63.061224489795919        126.47522327285716        50.000000000000000     
   63.469387755102041        122.22659975769844        50.000000000000000     
   63.877551020408163        117.97797624253970        50.000000000000000     
   64.285714285714292        113.72935272738096        50.000000000000000     
   64.693877551020421        109.48072921222223        50.000000000000000     
   65.102040816326550        105.23210569706350        50.000000000000000     
   65.510204081632679        100.98348218190478        50.000000000000000     
   65.918367346938808        96.734858666746049        50.000000000000000     
   66.326530612244937        92.486235151587309        50.000000000000000     
   66.734693877551067        88.237611636428582        50.000000000000000     
   67.142857142857196        83.988988121269841        50.000000000000000     
   67.551020408163325        79.740364606111115        50.000000000000000     
   67.959183673469454        75.491741090952388        50.000000000000000     
   68.367346938775583        71.243117575793661        50.000000000000000     
   68.775510204081712        66.994494060634921        50.000000000000000     
   69.183673469387841        62.745870545476194        50.000000000000000     
   69.591836734693970        58.497247030317460        50.000000000000000     
   70.000000000000099        54.248623515158734        50.000000000000000     
   70.408163265306229        50.000000000000000        50.000000000000000     
