   21.590988901137106        10.593450620901807        18.327372152086241        1.0109253029529905E-002
   21.831461486549873        9.7908494243435094        17.959018460140580        2.2807827026721579E-002
   0.0000000000000000        0.0000000000000000        0.0000000000000000        0.0000000000000000     
   27.581769132848091        11.751584571827440        15.199115122153447        4.4700825524436941E-004
   0.0000000000000000        0.0000000000000000        0.0000000000000000        0.0000000000000000     
   20.572475927985067        12.620355007241280        17.306533264649648        1.2748878574442450E-002
   0.0000000000000000        0.0000000000000000        0.0000000000000000        0.0000000000000000     
   0.0000000000000000        0.0000000000000000        0.0000000000000000        0.0000000000000000     
   0.0000000000000000        0.0000000000000000        0.0000000000000000        0.0000000000000000     
   26.056794897761247        7.0078525817923563        15.821698400318713        4.8807662392037654E-002
   27.563673562294277        11.402729112780602        17.955076640033770       0.21792825045537903     
   0.0000000000000000        0.0000000000000000        0.0000000000000000        0.0000000000000000     
   32.730619178704501        12.601358443946658        20.507964513170137        4.7907041632509265E-002
   0.0000000000000000        0.0000000000000000        0.0000000000000000        0.0000000000000000     
   27.496482681013287        8.7941582707973325        20.376263461359279        1.5127301208404508E-002
   27.210198582057135        13.270967903814469        20.529020860703604        1.6589043701169610     
   0.0000000000000000        0.0000000000000000        0.0000000000000000        0.0000000000000000     
   26.419556649354497        11.495810803974537        15.297592081682120       0.75654667531943276     
   0.0000000000000000        0.0000000000000000        0.0000000000000000        0.0000000000000000     
   29.498759108493289        14.498156725060200        18.476613645698205       0.10789570372119497     
   0.0000000000000000        0.0000000000000000        0.0000000000000000        0.0000000000000000     
   31.681738336924635        5.3507150381878912        26.560147723016332       0.37062754801854481     
   36.175638214359317        11.581851624611906        23.649934262486479       0.98960977987545740     
   0.0000000000000000        0.0000000000000000        0.0000000000000000        0.0000000000000000     
   30.965916248758898        15.063514295265778        13.984858679831463        1.1592593145544736     
   0.0000000000000000        0.0000000000000000        0.0000000000000000        0.0000000000000000     
   33.532605654314828        9.0585518036065373        15.939146998434243       0.67198271640428486     
   0.0000000000000000        0.0000000000000000        0.0000000000000000        0.0000000000000000     
   0.0000000000000000        0.0000000000000000        0.0000000000000000        0.0000000000000000     
   21.612885977350274        14.024956429437699        25.326522208165464        1.6478101404360253     
   25.018461887407522        12.291132282942833        21.255167832921650       0.54412167561823899     
   0.0000000000000000        0.0000000000000000        0.0000000000000000        0.0000000000000000     
   23.260241134659353        13.394967150989643        16.021943940555833       0.22453668899357218     
   17.124657018592274        12.862145296477131        23.072880377786138       0.12179881542836421     
   0.0000000000000000        0.0000000000000000        0.0000000000000000        0.0000000000000000     
   27.883868878730148        8.2280142114576886        26.090953540577587        8.0949256091322579E-003
   0.0000000000000000        0.0000000000000000        0.0000000000000000        0.0000000000000000     
   38.379552490079128        13.511238700650434        25.439542551959580        2.9027449095598477E-002
   0.0000000000000000        0.0000000000000000        0.0000000000000000        0.0000000000000000     
   0.0000000000000000        0.0000000000000000        0.0000000000000000        0.0000000000000000     
   28.688226497079739        7.9129717824640542        21.576141012438118        8.1882056660041707E-003
   26.057458269883323        8.0555750985094434        13.945054361943440        4.6212263625691807E-002
   0.0000000000000000        0.0000000000000000        0.0000000000000000        0.0000000000000000     
   0.0000000000000000        0.0000000000000000        0.0000000000000000        0.0000000000000000     
   29.312176428345399        8.8334206258316605        20.728299587470943        4.2962890281095505E-002
   0.0000000000000000        0.0000000000000000        0.0000000000000000        0.0000000000000000     
   21.189779963340833        16.789415612519829        22.613780864506566        3.9636352683004382E-002
   0.0000000000000000        0.0000000000000000        0.0000000000000000        0.0000000000000000     
   25.600596630405040        13.190271817249176        15.063809650745611        2.5909297764679567E-002
   0.0000000000000000        0.0000000000000000        0.0000000000000000        0.0000000000000000     
   20.860263393621498        9.4795752299495586        27.722261332836197        1.8564297721861429E-002
   27.631207222505029        14.089850876055790        15.898062643023904       0.19627773829445741     
   32.564170993331224        16.098256557900740        17.155633868133293       0.46612373425943465     
   0.0000000000000000        0.0000000000000000        0.0000000000000000        0.0000000000000000     
   29.518298275377163        12.474627555837294        16.159362091502604        6.8760933464834612E-002
   28.968878235090799        12.164437626026940        22.970603440989560       0.29539447763170562     
   0.0000000000000000        0.0000000000000000        0.0000000000000000        0.0000000000000000     
   23.161210690014105        11.186760709236568        22.223620759318901       0.12360379129195380     
   0.0000000000000000        0.0000000000000000        0.0000000000000000        0.0000000000000000     
   29.851924055457044        16.146369204773542        25.845094186859274        1.4086480262585537E-003
   0.0000000000000000        0.0000000000000000        0.0000000000000000        0.0000000000000000     
   33.397391787902400        13.086088425199510        18.895548086540241       0.12708933440260267     
   30.688560850717604        19.560575716630609        21.355486880397585        6.4813388990666687E-002
   26.296114331097201        12.046750527033861        16.418585345222226        4.3979999650487149E-002
   0.0000000000000000        0.0000000000000000        0.0000000000000000        0.0000000000000000     
   0.0000000000000000        0.0000000000000000        0.0000000000000000        0.0000000000000000     
   26.709251820261041        11.365858960314997        15.894420364819943        2.4789612879703715E-002
   24.442105840665210        6.4277582457412255        15.578651971325103       0.14058224071163417     
   19.691771971224618        13.475307767953730        27.690968656839065        8.5547882753436694E-002
   0.0000000000000000        0.0000000000000000        0.0000000000000000        0.0000000000000000     
   23.823832743275013        19.184937411589363        17.235574325696241       0.43448372924956719     
   33.104974220265319        8.0596866332495516        19.644738157709554       0.70600923382501302     
   0.0000000000000000        0.0000000000000000        0.0000000000000000        0.0000000000000000     
   25.617571194864823        13.757551813268499        16.211772310138517       0.42276164228191249     
   0.0000000000000000        0.0000000000000000        0.0000000000000000        0.0000000000000000     
   34.840436966484830        10.458503997268769        22.423332372451270        2.4201373902387330E-002
   0.0000000000000000        0.0000000000000000        0.0000000000000000        0.0000000000000000     
   28.880909744709214        8.9558028103766230        24.583794537069899        1.2495208154623663E-003
   0.0000000000000000        0.0000000000000000        0.0000000000000000        0.0000000000000000     
   31.186789436830502        10.953826149019832        20.154344873792478        3.2882526982892611E-004
   33.910505470295440        10.193995497870256        21.309891435321951        1.9759397704023685E-002
   30.161348391223964        9.8135935263840910        22.351381319304007       0.10387599600777160     
   22.805423883140637        9.5152221399188637        22.663731347143376        1.3198112544485024E-002
   0.0000000000000000        0.0000000000000000        0.0000000000000000        0.0000000000000000     
   16.561176505515014        14.473193942572406        15.591926991064707        1.5169968927780979E-002
   0.0000000000000000        0.0000000000000000        0.0000000000000000        0.0000000000000000     
   20.534191508413993        8.5512185869140360        20.063744041852352        3.7049518967291768E-003
   0.0000000000000000        0.0000000000000000        0.0000000000000000        0.0000000000000000     
   27.655342348498856        14.436747004929536        18.735946269973319        3.9902731328281288E-002
   0.0000000000000000        0.0000000000000000        0.0000000000000000        0.0000000000000000     
   34.985214590826828        13.008043008320007        21.078890874555821        7.7953900992530537E-002
   0.0000000000000000        0.0000000000000000        0.0000000000000000        0.0000000000000000     
   27.165781255600422        10.521139289366902        19.379376837390897        6.8044376629945530E-002
   23.175932953790863        15.541757466021526        18.973156151624060        2.2874282292706877E-003
   0.0000000000000000        0.0000000000000000        0.0000000000000000        0.0000000000000000     
   0.0000000000000000        0.0000000000000000        0.0000000000000000        0.0000000000000000     
   25.229982654800590        9.3694643981354933        12.509793749453568       0.19689128713085657     
   33.132562694633251        9.6917930462670814        17.469191310748261        1.3720396416145428E-002
   0.0000000000000000        0.0000000000000000        0.0000000000000000        0.0000000000000000     
   0.0000000000000000        0.0000000000000000        0.0000000000000000        0.0000000000000000     
   30.238127961986070        11.292819180218480        19.257898709883861       0.19490615856230553     
   0.0000000000000000        0.0000000000000000        0.0000000000000000        0.0000000000000000     
   37.254540499037915        13.504368677885866        23.717462148663405        4.8981913894643868E-002
   23.008528206413665        13.945144771264648        22.032711262298161        1.0553980542510196E-003
   0.0000000000000000        0.0000000000000000        0.0000000000000000        0.0000000000000000     
   0.0000000000000000        0.0000000000000000        0.0000000000000000        0.0000000000000000     
   47.781423162878617        13.442078917121586        20.435843085600737       0.20936240937516060     
   20.516441691718175        8.3243680727867986        17.948485152340236        1.3348023534228223E-002
   18.946744561448774        11.351690475725865        18.583943949842276       0.12907056412488233     
   21.496417866396143        15.016325804614118        20.827732960811581        1.6952047797712049E-003
   0.0000000000000000        0.0000000000000000        0.0000000000000000        0.0000000000000000     
   35.250211501196866        17.007095901697461        24.175041303072284        6.2928462777055135E-003
   0.0000000000000000        0.0000000000000000        0.0000000000000000        0.0000000000000000     
   20.820988266606456        12.345506246312999        17.712114959536514        5.0699592692695205E-003
   24.187065177297811        14.717654247950920        21.591282038331272       0.15714291962342439     
   0.0000000000000000        0.0000000000000000        0.0000000000000000        0.0000000000000000     
   26.785945396978750        9.9757186433838392        13.582387448410826       0.24915625161509566     
   0.0000000000000000        0.0000000000000000        0.0000000000000000        0.0000000000000000     
   29.218444067404224        11.819346791344998        22.502442314153004       0.66131614112437020     
   0.0000000000000000        0.0000000000000000        0.0000000000000000        0.0000000000000000     
   0.0000000000000000        0.0000000000000000        0.0000000000000000        0.0000000000000000     
   28.812017045099644        16.273362297653982        15.546115510511276        8.3664676391672320E-003
   0.0000000000000000        0.0000000000000000        0.0000000000000000        0.0000000000000000     
   22.636036786934593        9.2413379954911292        13.042792174128531        7.8893991717145090E-002
   0.0000000000000000        0.0000000000000000        0.0000000000000000        0.0000000000000000     
   25.760062302250073        13.219854239872703        18.861364762855807        2.6048014470423519E-005
   32.857572851179754        9.8951914997048718        20.391557222507242       0.10916439984988578     
   0.0000000000000000        0.0000000000000000        0.0000000000000000        0.0000000000000000     
   0.0000000000000000        0.0000000000000000        0.0000000000000000        0.0000000000000000     
   21.188707850137249        11.904064032518738        23.868931936701056        4.8496280706194238E-002
   0.0000000000000000        0.0000000000000000        0.0000000000000000        0.0000000000000000     
   20.333594224615165        10.560726926188151        18.775406885661230        5.5495366057664401E-004
   0.0000000000000000        0.0000000000000000        0.0000000000000000        0.0000000000000000     
   34.500120455117035        10.821020323439352        19.212162474515949       0.16600209561040685     
   0.0000000000000000        0.0000000000000000        0.0000000000000000        0.0000000000000000     
   24.567307375107834        10.456111318982865        13.825661160506277        3.3698639407312166E-002
   0.0000000000000000        0.0000000000000000        0.0000000000000000        0.0000000000000000     
   18.767008058549322        12.155908435699335        17.405569903535987       0.29188420718222097     
   23.435779913993965        15.123792329255213        26.388467279705896        2.7224956176972674E-002
   31.083717959843153        7.4632455395013473        25.126540416827037        5.3794116828556421E-002
   0.0000000000000000        0.0000000000000000        0.0000000000000000        0.0000000000000000     
   23.396353513175757        21.868748674828275        19.644150227751087        1.6605916298894671E-002
   0.0000000000000000        0.0000000000000000        0.0000000000000000        0.0000000000000000     
   34.120400801216213        11.000958663346864        18.602183734841457       0.24506417052369342     
   0.0000000000000000        0.0000000000000000        0.0000000000000000        0.0000000000000000     
   23.598830081229519        11.374724024383479        19.213906451053013       0.22096362777557380     
   0.0000000000000000        0.0000000000000000        0.0000000000000000        0.0000000000000000     
   25.423520197285335        16.585485953429689        26.306596737203257        3.9050352835803048E-002
   0.0000000000000000        0.0000000000000000        0.0000000000000000        0.0000000000000000     
   23.300522268481455        18.000649689763286        12.151821676363816        6.4689212909772642E-002
   0.0000000000000000        0.0000000000000000        0.0000000000000000        0.0000000000000000     
   24.954395203285912        7.8638699390520115        21.068266158477407       0.10989415369491237     
   26.725700093016425        9.2373640854112331        15.419744269439999        3.3155371460386510E-002
   20.336510986710074        9.3241226931247017        15.617117927476928        9.2277699654318715E-002
   20.723288171924150        13.918005880681212        23.652199717510882       0.16798308305806625     
   24.839491909205812        10.687604393224277        20.217801929521983        1.3399173186063294E-002
   0.0000000000000000        0.0000000000000000        0.0000000000000000        0.0000000000000000     
   34.511966693059279        14.289293750838297        18.731905376991318       0.41523937485699641     
   0.0000000000000000        0.0000000000000000        0.0000000000000000        0.0000000000000000     
   29.817311257531685        9.2884624102309079        18.017647092953410       0.61170598164716694     
   0.0000000000000000        0.0000000000000000        0.0000000000000000        0.0000000000000000     
   30.743103672669971        11.020112768082752        21.844642669874389        4.6508079847445608E-004
   0.0000000000000000        0.0000000000000000        0.0000000000000000        0.0000000000000000     
   30.008562790087201        17.555207220583220        23.202202826679166        3.2313985871836497E-003
   0.0000000000000000        0.0000000000000000        0.0000000000000000        0.0000000000000000     
   34.412344891554291        9.0668188521420436        24.409442790432884       0.49711686150840734     
   0.0000000000000000        0.0000000000000000        0.0000000000000000        0.0000000000000000     
   25.576311479239955        12.329483008547991        20.313183667579068        7.2706723836028053E-002
   20.420015622082573        17.001139567786680        16.901778991119034        6.9891439021999055E-002
   0.0000000000000000        0.0000000000000000        0.0000000000000000        0.0000000000000000     
   30.227350931713126        7.2334658227897908        23.099231871076821       0.60903893953757071     
   0.0000000000000000        0.0000000000000000        0.0000000000000000        0.0000000000000000     
