   266.08284516502204        196.72223301013372       -112.36012654357657     
   258.42673120076097        199.20659449197200       -114.12613584432279     
   249.00345918665016        199.56188336442102       -114.94756635042175     
   240.05236414854093        201.33402761224636       -112.72883968149617     
   230.31635907158906        205.13887468680232       -110.45644355805024     
   224.92496369690738        207.13611576415335       -102.24047814843928     
   221.12755480099796        204.50090687720774       -94.101275054166649     
   215.29382171093292        202.76335526289679       -87.039296459308261     
   211.96513953641960        201.02052022515448       -77.098298363173612     
   209.05969987267395        197.01312496333978       -71.326943199582161     
   205.87253941717321        189.74656059566252       -67.768989594623164     
   204.15550743616319        181.93837612108322       -61.004334507572928     
   199.78422512902048        173.32334059694233       -64.632565934976697     
   201.94468173884871        165.53847712692456       -67.022108828900855     
   205.95428159175816        159.20851640689216       -70.055913403903702     
   206.84490615601820        150.34882914230147       -74.747276726632734     
   205.16111620223268        140.22477768708418       -73.662662284367130     
   199.49326556537522        131.12630241534399       -71.413782019740552     
   193.18211623206307        126.53730354965070       -65.003223931342220     
   189.74615422783933        126.70983013997690       -59.132866744018898     
   181.98716053037023        130.73766103686421       -54.962989110867319     
   173.28764753133396        126.53103595568732       -50.259200434516096     
   165.45642786410124        123.99066295571271       -45.130770924055078     
   160.92313885297605        123.48556153824995       -38.061859373757990     
   156.64832485458476        122.64474725812661       -28.784838192338270     
   155.17637528091856        122.91798433638898       -19.771488750163055     
   150.04060788387227        125.32808576509279       -11.275710987934547     
   142.90348413284033        125.02237397061401       -5.1508345612769828     
   136.47624735825167        115.83860317067519       -4.9969709006552749     
   135.76504054350437        104.87141455364292       -2.4081790139233652     
   141.34451933030329        97.521517154050386       -5.7427595595651635     
   151.31573693376149        91.994496492315250       -6.3581147521001338     
   158.69656206683800        96.129647765944881       -5.8111217801172419     
   167.42209359103040        101.97524794192528       -7.9523628586898427     
   174.24774503584112        109.51326895082940       -5.8164544423623727     
   173.66550036052067        119.96097672366061       -2.9760383453468724     
   171.61359857085640        128.51616470902295        3.1681336452237308E-002
   172.65265296855301        134.26644998389006        7.4154303524993868     
   174.60803221684046        137.30737925154040        15.200871419647420     
   177.31928850016055        144.31861446937697        24.443251261307573     
   180.38091938125379        151.12364025320602        33.939312716398533     
   180.41879406494536        155.28591549953651        44.354028107321056     
   180.20844997834212        149.42212887326875        53.760663578696146     
   181.16230710333278        145.00873818296742        63.425220126195377     
   178.12046997307485        142.59352979769429        71.290811152410043     
   174.44983994259496        141.60774877114940        78.887127084442398     
   169.34341692038936        137.42891558288227        85.379358263953534     
   164.36124340025361        132.60822223423889        95.339105109879327     
   159.77798962644508        138.49848487330996        103.18557453322394     
   153.89029396693809        148.24054694041894        105.36307670533803     
   151.45298999398150        157.27083904801569        103.94588467194457     
   151.57954854885753        164.59619810926759        98.818393456256302     
   148.12588882458672        171.13882768108718        97.864792252880918     
   151.60686102629256        180.27658498861953        95.648629244287790     
   154.70438606779274        187.35954620010816        96.073041590326653     
   162.27176733422775        188.93537025201573        95.480859367211124     
   173.91624362944424        189.41422890225758        94.741556012088125     
   182.48099553460460        194.05750852688587        89.159680728089100     
   191.15981674818747        195.79639908293618        87.366870563186623     
   199.42494536888310        197.57684995684468        90.678648879781150     
   208.45641421637418        202.31160020964393        94.756177721422162     
   212.94136662937925        208.57472161369350        93.428021210633759     
   215.71039464884359        212.86581889318973        88.577965923210783     
   215.90369572683716        215.58790003444281        76.807058959834052     
   217.64632689553946        214.87139812528622        66.948974677997285     
   221.16648563385237        217.75953081280980        58.982438424652926     
   223.04918117313656        216.74068335965035        49.415356013179654     
   219.49952868372858        209.07567963281679        44.121568600420837     
   221.61867247448308        199.27046391601314        42.394352034601283     
   225.08846355846984        192.11064575748745        47.651021541589806     
   228.06740923851544        186.53640051870764        51.988933192483614     
   237.19924514832758        183.16849259494808        54.088927486109505     
   244.69112629380754        180.41967959080307        57.974131068295968     
   253.91628192482619        179.98905418458938        63.635434494674641     
   263.48244335163054        179.44205997161575        62.468301996693796     
   272.44755474182915        180.51425321402846        55.023276877388298     
   274.53158983469802        184.66152874131305        46.587009322458307     
   280.58972684105868        184.51183671204384        37.649658304326628     
   286.36035108281868        186.08995524286951        28.248131654589606     
   287.30646809224879        191.52875696002056        23.147739192566863     
   290.40241080532905        199.86372444371094        19.691296374022521     
   291.67708749891136        205.76953045468670        14.772854242493095     
   287.65234947441797        212.25171195636258        8.4452696862294037     
   283.67899820172943        212.31293537425645      -0.42392057509497005     
   285.41133649923847        213.08197152593888       -9.6538492456066489     
   286.14526779109679        218.86976290304025       -18.310035212971208     
   288.27690034393174        221.46719595457171       -27.367375413302483     
   291.75217963199862        225.50236733577688       -35.056995370053151     
   291.67503972019705        226.67903263193276       -44.975463428657548     
   291.35963989853826        228.74295446974344       -53.294043298253492     
   287.24624386482157        229.63383886506134       -63.287175558118278     
   283.68824573450513        228.40787613839879       -71.540743981618121     
   282.39215082078863        230.42018606462599       -81.029166406572159     
   284.55736445371485        227.05965453734407       -89.239070459915084     
   287.01934383744708        228.89721248671250       -99.463516334682623     
   290.40319174414066        225.22202948529042       -105.86675330848031     
   291.91664805773416        213.53125484307068       -106.81315531308714     
   293.59782963926278        204.81235989430039       -109.42369700548809     
   290.23294939432742        197.81426074232269       -112.75836749670520     
   279.50351105309653        194.78732056064447       -112.43413745721649     
