  -12.693038345019035        51.326999468807742        53.841463343631645     
  -26.680786919875818        49.590583833032518        55.826410769549646     
  -36.932449263262143        40.993193524544076        55.134127693710752     
  -40.640099410173917        29.025403457456363        49.852699138058320     
  -36.650117516847040        22.034959593177334        41.093676955136431     
  -28.997121263765635        21.976345440621031        30.498361011989090     
  -25.553102351250068        19.583180857887804        14.987765381161166     
  -23.019472382161513        20.040324308598127      -0.34900720426476683     
  -11.651736582681821        22.004402467796478       -6.1051505041932703     
   3.3262131394284111        25.376443429417186       -8.7033581765008901     
  0.81283308440719781        39.023625059677393       -9.0610424471025350     
   2.5381240532732363        53.748499774644763       -5.5035561757435323     
   1.4446465929684105        67.651138162645651       -12.269187386827076     
   8.1576202540916629        80.034813901073505       -11.453087032480667     
   13.441897047807714        87.702070535374915       -4.6445976969040998     
   20.999392719345114        90.061546660619015        2.6661330648291472     
   32.094900429403928        93.576703684498668        7.3205419442553783     
   43.747137162997930        91.577289663709323        14.607340816453204     
   53.568448196664455        84.933924097366216        21.997655328012964     
   52.255267991425107        74.834078479528372        29.786033725575280     
   38.828362589170794        69.735696091079191        34.652255058078403     
   30.023366933942228        60.664318994378881        33.997990703803644     
   17.479119786663809        53.014702986238646        32.989053193467306     
   4.9918289742695077        52.606216195978085        34.432526116696515     
  -4.0558896858092668        51.559405802128701        43.405033285230211     
