   7.1803738891654811       -43.058764476684296        6.2216224958028761     
  -7.7495650693307594       -45.489008853750796        7.4948415677527871     
  -19.218813864565718       -38.638255648925373        4.0766250696719721     
  -31.095496575100160       -30.472628166975792        8.7767582785682805     
  -42.040998086978249       -20.518557109196461        8.5709907788028232     
  -50.489475069657146       -14.129764882876545       0.88070675107083862     
  -63.577454105530144       -8.8187400753629177        7.7010961174431847E-002
  -68.651768532833017       -18.138153077210067        7.9375555378787066     
  -65.337072877315023       -30.055642930088162        9.9314775106509536     
  -57.379833437769797       -43.328614839360135        7.5443480367147231     
  -53.301964058879648       -53.861918328316143        10.654366937888820     
  -52.577842915277536       -61.066887036249405        13.752468707187246     
  -39.499454149514129       -63.107745290807387        11.393515112878186     
  -28.548496997935533       -60.041581559037297        4.2132028894322566     
  -27.964242434283594       -56.410619290969855       -6.7621924937411650     
  -29.487983198962652       -55.655097149506560       -19.446668414819509     
  -23.816601988322940       -45.645590014195243       -30.731629398248113     
  -16.269532540374204       -39.342695802152157       -33.874154565089299     
  -5.7978099739857880       -33.310859128386610       -39.756563853116262     
   3.1660841100318011       -36.648134939570056       -42.679371516431203     
   15.680714124708116       -33.319882950708092       -38.690908190341183     
   24.977499458701153       -31.079454282542819       -29.949953471849337     
   27.480763861570455       -30.327927034860252       -20.755868189653231     
   20.245237482510628       -31.858023275537519       -7.8015389465433911     
   15.470506376606609       -37.632912480760680        2.7678338875577997     
