   123.65292242555012        154.85546987547571       -238.12576805701067     
   124.99243420098180        161.71788677271488       -231.36435847629954     
   131.67044512466319        163.41106576830020       -225.96360878987389     
   138.79190623791661        167.98322719645327       -221.06656477533446     
   144.32697042579366        172.04607832386898       -212.90209041115227     
   145.70801807196534        172.00091155768848       -205.21251451237785     
   153.92581570546065        167.72240406375508       -201.62930629952152     
   160.60510785460178        164.22084756164688       -195.18241971873235     
   166.35097088613293        160.27631774697011       -186.14214161240162     
   170.73519085175207        156.60067930340739       -180.30510405359954     
   171.51422276354404        152.84017644277296       -171.36786143063046     
   167.08466205011743        152.02030812597829       -163.06723365929579     
   164.17666234238496        153.63425933039028       -151.89721387674757     
   164.38046702189212        151.18751926524763       -142.21045952520797     
   155.84940633815626        154.96636863054920       -135.43342831788812     
   147.43915299808330        156.60162539249799       -133.87327988271150     
   139.89667845118481        153.72589274787669       -131.59658144421630     
   132.28109243121693        153.91110363927044       -128.33629107031521     
   124.66221560242869        152.54798374779779       -123.22578478636510     
   114.08322040095079        153.14642793224613       -121.91740161521510     
   106.48536206559697        150.19681072813151       -123.13420905075874     
   100.86322839727059        148.48522646280625       -128.02063735014747     
   97.005009913696369        147.19382416045406       -134.57820920904174     
   95.861641317418716        142.36952046862010       -142.97126014283106     
   97.960866106992313        135.16639528630887       -146.27919932632270     
   98.710175009599837        124.67996405280203       -150.79797385940680     
   94.120004707871473        116.93094755095484       -153.22912625139338     
   87.288486929874253        113.98520035449049       -153.70759996068705     
   78.921020010545377        119.30773948370447       -157.58787012187602     
   79.649011314101060        129.39937517920904       -159.42968020304272     
   79.533067127712670        139.37204807191998       -156.44389900530470     
   82.367946415327054        147.30311330302038       -156.92749515575639     
   80.878074789200681        157.82626752230323       -158.19397074804465     
   83.435832889487173        165.76134010048378       -162.74053777734096     
   90.171561106829571        169.37097427539575       -169.78754991708786     
   90.578087792695925        168.10574196269323       -179.07742318380394     
   92.696553435174579        159.10453878741131       -183.58332250074136     
   93.683850221998156        149.87008860193993       -185.54728211388439     
   94.367182839565700        147.64402310677551       -193.21962804925508     
   97.544799366046703        146.08406839166460       -201.48604423338659     
   99.489472825095234        144.16793100037063       -211.55403715714056     
   96.980302487657497        141.49180201277267       -221.00391859873696     
   102.20546773265477        136.39308305035954       -228.23266606539437     
   102.31058529679247        135.40412980212074       -238.01594122934753     
   105.94885784881578        128.45532231927768       -249.38175916844142     
   108.75907996531355        121.49566002909940       -258.00715244670630     
   115.35871705686752        112.89257596337934       -258.00787392627893     
   112.92097507416192        103.17121018298960       -255.13834188219346     
   109.02725320378924        96.516774883897867       -250.68541262669970     
   103.69374624867339        89.939651324231590       -247.23975572046783     
   92.854223833103731        89.461065789600710       -240.04628196180190     
   85.808814661935216        84.595997106197487       -237.21029342001671     
   82.362898353746331        75.030483483341385       -241.00103624473937     
   81.065345185817179        68.615333829596864       -247.05626029501994     
   76.030711985608377        61.736801311938535       -251.00631211507607     
   71.413328164817656        53.608780914166644       -254.31339567608399     
   62.141799141591349        49.855250483798258       -258.93609909321543     
   57.422261160176561        44.637652023957457       -266.82245771719033     
   55.695134265184180        42.889395374406462       -276.00766207415074     
   61.712612246178303        40.847762297613691       -285.11498868716882     
   66.564982565279294        32.766380159405927       -288.82518813570834     
   72.175512517700312        28.829323787841783       -295.36177833179585     
   78.093324768382800        28.920252652946886       -301.37879693208316     
   83.170597532409531        23.528813407529626       -304.97721428738993     
   90.539803346889528        22.982869681642555       -309.95077185291353     
   94.483799500749029        17.106844194793105       -318.06798460813133     
   93.175053017985803        9.4970187064181797       -324.34111317855223     
   88.936293023758708       0.32865053756734697       -328.19217212264391     
   84.446135363984695       -8.1502053718291982       -332.15130520797891     
   76.503634822771204       -8.6622746992936595       -330.09366881742011     
   68.902017786447630       -9.0373015909608956       -326.71188553732151     
   62.804171332335983       -7.2968495711496235       -317.85957515408450     
   62.780989464882474       -3.4647899753648534       -308.99784441464681     
   66.646739092551044        1.7650027167727613       -304.24946430423449     
   74.643734343194140        5.9660321379224523       -298.22676925184408     
   81.404108479849171        12.265883116568700       -298.16518333671411     
   87.761615793873332        19.123284337487995       -297.59246312524937     
   93.662213608123054        26.796668857600999       -295.47973019562744     
   96.970666249407898        35.575622838047117       -291.69883293430746     
   98.859702678982146        42.532319363042433       -293.73731460546441     
   104.41445293710952        48.696109072096313       -300.66764358504543     
   107.91205158545759        54.312249764276025       -309.43406869569702     
   111.90632339705252        59.004252096046336       -315.05963412599050     
   115.46279898928589        67.675866825482473       -317.76897984347443     
   117.44509342930019        76.118059809312143       -320.58165859615912     
   121.99230969084149        83.609023768938457       -316.56242318134122     
   125.22875340253408        92.655298817657538       -313.97924265456294     
   127.64862952389754        102.03433918375319       -317.05499367814667     
   129.54950498812684        110.70247883035140       -314.32299616423916     
   125.21806479989982        117.74031309999575       -314.60501821157800     
   118.24825410668872        125.25662359764064       -313.61883544563085     
   114.32210831703284        133.42550508110926       -306.63847355556408     
   107.89373315139844        136.29201366817148       -296.61982212492131     
   106.43566153490058        143.64874755216374       -291.95801033080517     
   108.94110292486579        155.30444486313493       -288.58326153526644     
   109.60547821304718        158.98876860550374       -281.42467459703187     
   110.97291929021799        158.12482779178239       -270.98007416909530     
   113.12114717093813        152.24897822378563       -260.08180028543774     
   116.73312749343808        145.50654880386696       -251.18797073170649     
   119.56701785524344        148.38759925782387       -242.72204776759978     
