   140.28594703382873       -95.195504839679003       -111.28236416854566     
   139.08373498106297       -100.27049062746326       -102.26472316641915     
   136.22798671024623       -105.55320637020878       -97.607260687613433     
   130.83843189714943       -112.36131052936604       -98.966221993584085     
   127.99545433689364       -116.50168702212353       -104.64419188182097     
   123.98999001715427       -116.61527249514155       -114.20941542398162     
   121.13828385741340       -113.97325816611780       -120.58576007953343     
   114.92437636098636       -110.48709120856533       -127.77778345889877     
   114.18856998689022       -103.26653866892413       -131.71751871332805     
   110.41256246686001       -95.219883846535467       -137.83431634936665     
   109.62734161543838       -85.939554983875510       -141.01618580702214     
   106.26636106439753       -77.729048989153810       -142.13402090211417     
   108.68655108809874       -67.788285459881010       -140.48647663255480     
   110.52134906178388       -59.926802072923465       -141.80458997439496     
   115.68446902051832       -52.550326420947435       -145.70004522277091     
   120.82843208352496       -47.259267776280495       -150.81237113605943     
   127.81944691779185       -41.439232275929427       -152.09339963532557     
   132.13572828190036       -31.618864980339371       -153.26113926340142     
   136.43922365670335       -25.326619029934115       -157.27328679269107     
   143.27913195671127       -14.503727873629396       -161.64636868349848     
   150.12809162333878       -6.5840452061206074       -157.00813307890590     
   152.16033393449516        3.0485816396321752E-002  -150.19907012421891     
   150.69432203186304        7.3848426614579381       -147.55233639987000     
   150.74837506690335        14.816218585027819       -143.44758078929755     
   149.27911824495672        23.284751229072899       -139.75934090403717     
   142.22108695989203        29.912225806051445       -135.36755422960056     
   137.84835475071364        35.704868550366953       -129.70691125243820     
   136.42775290949007        42.245180305621169       -121.72828708643904     
   140.21449420187577        51.348250092443926       -117.28761838791648     
   142.55072615499930        57.193471757597734       -109.94157592656725     
   148.21061186137985        65.354601410220880       -107.49683091320554     
   153.29158511882187        71.242564581862055       -111.25773294594573     
   163.41646349380824        74.120551470148683       -114.03355186770104     
   171.66107500560997        77.042057025686205       -108.80471068409346     
   181.50183888325395        80.219740458426713       -106.07330879151547     
   187.38452312455121        82.980651929279063       -101.47482512335192     
   190.67172174112375        86.387274355065827       -92.581970695911210     
   189.15119628570241        81.626918150226587       -82.808348937270907     
   186.33473494592704        76.603914117959320       -77.852355494143694     
   182.62958805760965        72.440609244170091       -69.790143442253409     
   176.94612621220736        69.104759069828319       -64.697761826656077     
   169.20770556365363        63.957412373546866       -63.595884668850523     
   163.07819370508486        58.814465244897590       -65.490360041811172     
   160.24771833012707        53.888078879566272       -71.685939040398566     
   161.05406643448555        48.136408841374049       -80.800005689865543     
   164.11352978445225        40.164404900887575       -84.095568305459821     
   165.11448750636947        31.294400605106556       -89.390128095505418     
   161.90361007073216        27.561762320933656       -98.659821172804953     
   154.41321572688844        24.118083540112263       -105.70208614785926     
   153.99265233258743        26.178494734435059       -116.73129612085756     
   155.92299744330666        27.670261855128249       -126.77170899810874     
   158.65862080468673        32.668571648825200       -131.39735601431329     
   158.28187699307981        34.007986600016487       -139.99916341882266     
   155.82781355422873        28.773091363560120       -147.21824213671405     
   152.09633690571746        22.375794992727535       -152.18000476486372     
   147.42387951466571        15.510160735215006       -154.41175869271976     
   146.43779904406023        10.848742926120217       -163.52586748819689     
   146.05680881845493        9.6904164504671311       -175.94290943718016     
   149.81527651625697        8.5776273086131845       -181.62061709181887     
   154.44848919796814        3.6073681678681635       -191.85217018068215     
   155.30533811812958       -2.4065783004614096       -198.83777420734884     
   150.23252807058097       -5.9877079948921290       -205.90636902554368     
   147.53042522836208       -1.5191202775333426       -212.75671480740820     
   142.20936685177634        1.9081104880302786       -221.93283239123554     
   140.62853378384023        1.0158952715783554       -230.41829292767724     
   137.74026503136412       -3.2035995462024931       -240.00408369922562     
   132.52404526885286       -12.050966327282918       -247.97851154014623     
   133.26522796690000       -23.608609299751013       -251.55633716111413     
   131.18458809717768       -30.818349689461218       -253.79723554717933     
   129.14835845846804       -40.268848115089241       -258.10529336931580     
   132.69126398869929       -50.300569693764885       -262.07806173091529     
   134.34149285239741       -60.763331420517517       -259.07235697850570     
   132.11018365019251       -70.227897565059436       -255.60959554204828     
   129.80425711603505       -75.812516830388475       -252.18019940364465     
   132.68488464751940       -79.811609643263367       -243.90207023737150     
   137.05263894277692       -82.134555442432870       -236.15655943622770     
   138.21078277293421       -81.963253834626443       -228.82928538945612     
   146.35433379510150       -86.238234295291207       -227.91985440141374     
   156.36389429695498       -89.917472371153508       -223.55728492260963     
   162.01747715359429       -93.904828936079639       -218.34595709892398     
   164.29120457311728       -93.299340363658857       -209.16007099196122     
   163.00986311793682       -88.105259925480183       -203.91951442133879     
   158.65028355520155       -80.791959898531303       -200.09112599949643     
   158.55429624693596       -71.761055534434306       -203.06933637621358     
   159.48188537064127       -63.249670646869824       -208.50730789191184     
   161.74875991337305       -56.997736282500647       -201.31721062558944     
   161.88344850784421       -56.790025245050288       -193.35238822354157     
   164.35870939528650       -55.291498587292907       -181.15081863441225     
   174.18694550497892       -56.661631289909806       -176.18692413446564     
   182.69911393386238       -62.414330063002801       -174.64915248248579     
   182.57075819256093       -71.433517814180291       -175.01353049861382     
   180.11137958920543       -79.136901368912405       -176.47756776958076     
   174.01443524702074       -84.283133175584041       -171.41681665041258     
   167.04802870504514       -86.174989907776066       -167.25415338453672     
   160.80667383049254       -88.098346702711552       -159.14297728620053     
   154.09944793839819       -85.179012106854145       -151.76087160991602     
   148.56990919388144       -84.633330502187988       -143.22369764800422     
   144.24189925242584       -84.846932422799298       -134.53716764828798     
   138.87807489226901       -85.806481750449478       -125.98667644523483     
   138.43774682573977       -89.589061096954538       -117.76142199449919     
