   193.65790687868335        1.1215231141697042       -185.89650534682011     
   187.30615464020204        5.6144607161838422       -183.45856424719636     
   179.84059944122163        10.747813119135543       -178.43320232232981     
   171.60144273095213        11.757933525575503       -171.08416439874870     
   163.32973954658408        12.553019078191767       -170.26587608965301     
   155.31699432914283        9.9527586423982299       -170.43792622186501     
   146.72402380467159        9.4818190040276242       -168.10450155438795     
   138.20501008972099        7.2488251215080481       -163.97314395465963     
   130.12592025034041        2.4715302117336928       -164.06126780686964     
   125.02015078377015       -3.0073375711233368       -161.02692238868747     
   117.83506151977757       -9.4018940031070777       -162.11622454544568     
   109.68511115530856       -15.174945447615393       -160.53001056676928     
   104.82491571434065       -21.143495957756706       -158.47930248451223     
   108.70947479519451       -26.910764346875819       -152.23566728483519     
   113.68546322006036       -34.868115492294116       -146.53915401528525     
   114.06402116078675       -40.498333491609777       -138.68363443556177     
   112.63951775598809       -39.676999751231804       -130.64653507706555     
   114.16690787306172       -41.554763608231177       -117.70669094913393     
   119.85518415617302       -42.027845574803912       -108.82611093351166     
   128.20933271810642       -41.198539942250918       -103.84530012526814     
   137.88701950341695       -38.894198665553994       -101.95642463844122     
   140.89435258974996       -31.763469345823292       -97.348008267379697     
   136.15659013837328       -23.699738905847589       -92.567852499658130     
   136.02915306662035       -16.266099541466740       -88.986631320226010     
   139.98536784173243       -4.9818850963509673       -89.865166386959231     
   142.51327474921780        2.1986601924291866       -92.275152504760015     
   144.49133747746620        10.371682134090085       -93.920639713614733     
   150.23911573459404        15.703031638723930       -91.945749286040012     
   148.49982055822903        22.821270109962601       -87.015139944759255     
   143.33969533301652        28.650385671538100       -80.879489478937813     
   136.43079233804909        31.683956773231699       -78.944641009303155     
   126.92956957373909        30.838703425696167       -76.060209149846457     
   119.84679730294840        27.925056821533531       -71.879566339666496     
   116.37523903053005        19.792246489871349       -64.347212671701925     
   113.46576662076114        12.172754674399126       -60.120166364486984     
   114.58261223452078        2.1354402557942076       -58.412647687696136     
   123.50513110525756       -6.5006094745155005       -61.484066808309073     
   133.77915719986893       -4.2697585931149717       -63.162078181210397     
   139.71683209760849       -1.0348700374081157       -65.281105083709477     
   144.92832176881416        3.1028275607465572       -72.214272252243646     
   152.60031241371152        1.1929231570559746       -78.315806450572580     
   157.03568480277127       -3.2506972537393799       -87.112575398746188     
   152.98987412697164       -7.2794116177581891       -95.775479557085589     
   147.22335869185247       -10.306321450480254       -101.79538077767671     
   138.33566588720339       -11.085618388192167       -108.37627267032002     
   135.13242272329529       -15.321518638696489       -115.50531666350568     
   135.63526051034475       -18.310664112406805       -124.53716970980835     
   139.89182517811608       -13.510277847420298       -132.48228165640310     
   143.62038052196087       -9.9012037690076529       -139.48289346389643     
   151.80021494436062       -6.4438625645500203       -146.20058235573987     
   160.94744509024341       -3.7773620088272875       -152.30100791184469     
   162.49558287828427       -3.6360585036431559       -162.89128023326981     
   158.70576812464708       -3.3812009504586378       -173.14289592903793     
   153.39439982624876       -3.1698308798432642       -181.28554269454378     
   149.34799705096771       -1.9729988077195451       -189.36316101108903     
   147.74225815871063       -6.7285954638796710       -198.07527508748697     
   146.21162294106620       -7.4178292037565861       -209.10912198873206     
   141.72759642774463       -9.6524262599837556       -215.38687969807850     
   135.18845419094129       -11.715643997936750       -221.50009405597700     
   129.05656515381449       -13.942276739207736       -226.93527128317606     
   124.47038593995561       -18.425624375982046       -235.56470469732244     
   122.85668177677964       -18.529888854657003       -243.65940893144909     
   120.94996483029945       -19.095355311257094       -253.37682862175976     
   116.75539943327796       -18.553820206190188       -263.82409187184953     
   115.71602369948495       -22.522523313834583       -272.98841127289450     
   115.12897901949074       -33.319561683048789       -277.17383202605532     
   114.78684445984577       -36.708952944933081       -284.54071895999874     
   115.23400649855839       -40.415741038904493       -292.32405904101677     
   119.07203576520136       -42.555118517974421       -301.53977737771947     
   123.50802617600100       -41.289480221880389       -310.30102364353593     
   125.43716548194988       -40.045063467472396       -318.03034587575831     
   132.72722181393468       -40.708569698916158       -320.50242407073256     
   142.25800476613722       -39.290727129399940       -322.60145737707848     
   151.36525966079674       -41.590165432395445       -324.70245509473716     
   161.73544035587187       -40.821874533311309       -320.98670384683794     
   168.52689256326167       -39.074273330514266       -315.28931920872395     
   174.27562144231717       -43.394770237101490       -308.69690236482683     
   175.63988269434168       -46.704787988977507       -300.73044412223214     
   182.96306202408638       -52.696062795317786       -296.64550727998903     
   185.03524137791243       -58.511288737733139       -290.73036805098150     
   183.08665364502141       -64.399016967401195       -284.41449988198889     
   180.57598879710417       -69.662358690368222       -277.53330963887908     
   175.32908395891650       -73.650134387027137       -272.14471666144226     
   174.41235741252140       -76.296927677395018       -266.32207257766885     
   174.19270527629564       -82.962129444903582       -257.76837654662501     
   176.89848199457543       -85.176746351976632       -247.15938527719121     
   181.00565999868155       -87.260849924485157       -237.19078535725203     
   188.74365942015217       -90.842428749524359       -231.50686010727196     
   198.36484638855427       -92.762915817734523       -229.97225503645964     
   203.84440839926950       -84.331585410648188       -226.33311950421100     
   202.89845033169036       -75.636923629886653       -225.13302947339434     
   206.81951907988443       -67.617128467112138       -221.65650901634493     
   208.15935611318014       -58.319912141255969       -218.12529725425284     
   206.53310013564564       -50.764811498614904       -212.02814609549839     
   209.01218431051865       -39.941019609946764       -206.10095069993730     
   213.88488807692369       -30.096431967063378       -203.98465938118801     
   214.93289560917964       -21.481029501436840       -200.80821124561638     
   211.53544410257632       -13.700339998226923       -198.66911388374075     
   206.83224406727845       -9.0222167367127515       -196.00307473575387     
   201.19006371109302       -3.2721488464046833       -193.12049974027576     
