  -49.599531463539151        83.225140547480706       -313.32769763243516     
  -49.872902182971046        78.059069556927795       -320.13208029574895     
  -49.132469043264251        70.507512902858196       -329.57246291644947     
  -52.482610066941930        63.378608983953534       -333.78325662164968     
  -52.357394610147161        53.777112290996193       -333.44167673439949     
  -50.599927022561033        47.918886032182421       -326.93230620200183     
  -52.016544694638739        44.721384806028048       -318.21804029765138     
  -50.909870908240634        40.725677036272543       -308.49599434848903     
  -49.169852365659253        31.511888868261195       -301.38565102954942     
  -44.610054286790231        28.343593042728358       -292.47410859879136     
  -41.226255424995514        22.228567478156311       -287.17782984850396     
  -35.071915120476788        14.749361613712614       -282.76648144947791     
  -27.792165353943922        6.4628244519815858       -278.31941142512062     
  -19.734633277358494        2.7068793859076159       -277.67695986117178     
  -12.410994345161452       -3.0805351234937097       -283.97447166348013     
  -6.1421845825699970       -4.0960069830117787       -289.33478852181827     
   1.4636653451451851       -2.2906191111279020       -290.87478616367355     
   12.088784829443513       -4.4796847727861948       -291.84296845708496     
   19.045348526243789       -10.963621509984673       -296.99964964504420     
   25.469037015603746       -19.933312152257287       -294.00980895876347     
   31.218678222455367       -27.935514558045838       -292.85127415114232     
   37.932589825115500       -31.664176345357276       -290.45672796063434     
   48.337252532530051       -31.375972841803360       -287.82056048485833     
   57.326578603652813       -29.646383910529593       -287.83339834040510     
   64.188770678571188       -29.481279114863135       -279.31243827371861     
   68.518150088103837       -32.531904349711048       -270.95852435829750     
   66.214813793440499       -43.289968011892839       -266.25466365352975     
   63.005452909325598       -50.788765165666227       -261.24939338663245     
   60.325064427185616       -58.879608895634490       -253.58337579945120     
   56.387135631320987       -67.271692952317778       -245.99841377794775     
   54.456006886910501       -74.668112952059758       -246.01418281836283     
   52.090905013086044       -82.527108911092299       -250.44315340797962     
   54.030896490598501       -91.426839950793678       -254.59326401151512     
   60.713208618425632       -97.204765108947953       -253.21358858485081     
   71.204767177804797       -102.90663520439315       -253.04731900072576     
   80.888958439348457       -100.97462834839891       -249.93204086174251     
   89.095291273147950       -97.239967499827657       -246.92113267460797     
   95.079454492810697       -94.807936077766357       -238.54924919686928     
   99.966241872687050       -87.045531976028883       -233.67486699202067     
   101.24393502305151       -77.648040726732475       -229.54359473151970     
   103.62528756361976       -67.528639389208820       -226.23129066070507     
   99.808062521241354       -57.213141385552241       -226.21459055818107     
   105.25687322932723       -50.362208881273837       -230.32704499222484     
   109.18722101967246       -41.348499749501137       -228.11130257131975     
   105.04280715427332       -32.601886231199252       -226.85900763433980     
   102.10747855216125       -25.758247023688575       -227.23171786864717     
   100.27548555355988       -16.499878728930568       -228.67783878551305     
   94.151969036528598       -8.2576317644877975       -230.75532059479514     
   89.230917800915094       -3.1406870994765406       -236.13395934846722     
   86.974622623282087        2.9470237267520343       -241.48370957786261     
   85.802588765467277        11.429469936106553       -244.87295130993391     
   82.955511988613367        19.372587128351455       -246.30704997000080     
   76.381007149543578        26.999792767101390       -252.62775591797910     
   71.520982331885804        29.654488304485756       -259.88459151424803     
   67.030214856399397        29.418640195277408       -267.67640072779130     
   64.255031553887846        33.671306177687825       -273.22242466830932     
   55.068783818019476        39.403686957945716       -275.55756153965945     
   43.933615723546588        47.241542636518055       -273.57382155300849     
   37.908189914403081        52.634641323511168       -266.88839717416806     
   36.902234519753833        59.048800770679748       -257.89180788593239     
   31.739916330459184        63.365173095670706       -248.78278778583922     
   25.809368202054340        69.400779249111267       -246.91244670580949     
   21.987926589231876        75.666904439541625       -247.39554137685536     
   20.140425404274154        83.262094508146461       -239.15685633754242     
   20.510493399629691        83.760471759379172       -231.52582335907729     
   21.480291239666524        84.513817232272672       -220.37541542748460     
   16.817482286994181        83.133477665815192       -212.14333882340071     
   9.7323263550611170        76.330591363836291       -207.81339625047036     
   6.5038094507638649        72.296448236787739       -200.70368285058487     
  0.76832595369930079        69.388314434709216       -193.13958829347561     
  -5.3367072611364996        71.877938487181922       -182.52023210473493     
  -6.2582280509131447        76.686116459560822       -176.16801034270912     
  -10.593117793617685        77.835714265090871       -170.10181406001098     
  -14.165506018501985        79.705151850997183       -161.30844685811562     
  -24.176215743627857        82.447094930576810       -159.20990030436701     
  -34.762333763139523        82.694969137855310       -157.90500980420137     
  -45.261843154293722        81.075424430644318       -158.14376621522425     
  -53.620655661617057        83.026853092331294       -157.74460201835578     
  -61.499782356201969        85.620536938052823       -162.76653221680345     
  -70.826020007421420        87.257796444951182       -161.09948569222053     
  -75.053068302443990        90.747329062031611       -166.59695719584693     
  -81.298899280929476        94.282813804340776       -173.79552800836299     
  -85.505939683839188        98.909386264943222       -182.17806044622398     
  -83.197030809974635        103.01712918404910       -188.74050042266560     
  -84.311075488105175        108.09597550623725       -198.04747155932267     
  -84.063319178557848        111.55064250993479       -209.02481536257017     
  -84.803297383751953        118.56755111082512       -215.29855232932800     
  -80.132629962170981        125.04943329994397       -221.96457484104585     
  -79.256755011605250        129.31068593582694       -230.44485307084199     
  -76.557182318734462        133.75898438227065       -240.68890508529282     
  -71.940266231381443        134.25577915102576       -251.58832228153500     
  -69.295729047790530        130.47784928488306       -262.19218389808674     
  -67.733263880370998        128.02555831513143       -273.49310989348413     
  -63.421000259988411        123.26429602614301       -279.73720818772671     
  -60.028156016458325        116.14173882656047       -286.27343790889040     
  -62.081115055928215        111.60705776508883       -294.20762964332908     
  -64.982097727383149        104.54313686138342       -300.04333599279647     
  -68.883247838381223        97.986524128741806       -303.22979627859860     
  -62.406695120237480        91.975755667203430       -305.28578309285450     
  -55.016867408517200        87.335706963788994       -305.95257986755485     
