   117.64552285101658        44.587862480803111       -116.00197615624036     
   128.18835953775118        45.060598909122859       -119.54412009470001     
   134.86918927145982        44.847426533767646       -122.37541291721752     
   141.34786584256435        47.189271296846862       -128.15483348730532     
   145.80556459755735        49.447921038893448       -132.69073436971101     
   147.38551857928417        50.565497322323331       -142.42773626464961     
   148.66170442719056        50.028690073871111       -153.02913376180246     
   153.56765528407956        51.129125855786192       -162.01722907562475     
   157.02379340901521        54.013200367819586       -170.12570473406285     
   163.43612906039334        61.731919282511733       -173.58503722209736     
   164.96673840031710        70.631626878506523       -176.39976676397191     
   170.12427112976215        75.945202453184478       -180.87166945408552     
   176.16956172833952        78.169798344502183       -187.55800900533606     
   180.35552789046963        81.628624950283623       -196.87496805986393     
   171.92592071574228        82.350204299540266       -205.26658553377538     
   166.22994679798555        84.084649085705124       -209.94171597954858     
   157.46865167576286        85.887275275982120       -209.25103187007326     
   153.56369616089907        90.274712368844789       -203.36130868309593     
   149.69226500639698        83.426967596171593       -194.20184948656407     
   141.86214085157354        75.259606036060575       -191.64821492661676     
   137.63658037235029        65.532144588546757       -189.10475468199161     
   133.61854516437387        56.092632170981403       -189.10103760690669     
   128.28740059320486        46.858881987307356       -188.18760953188257     
   122.80187029244402        36.575807154600447       -188.67682692976260     
   112.25948464720362        34.735529728049201       -185.15633922613642     
   106.71498764623746        37.187689957728622       -176.50192225928225     
   105.12876329198306        46.423939374918639       -171.62553690994096     
   104.35261913278478        54.846227746145630       -163.47404497899774     
   106.28187781759065        63.060719616820840       -158.97597113152122     
   106.74462559520391        74.341568304396418       -156.59185263668937     
   98.269626801144241        79.140027824087213       -155.00831529297284     
   89.437354346112286        84.722463850265768       -156.97879684824204     
   83.568203503174473        91.015760855226858       -156.83638805123408     
   79.053959355469672        95.503714431208579       -159.48909537203119     
   70.916864851736420        92.542916730013687       -163.83165580303913     
   66.995304324805417        88.862275432991538       -171.16151393453453     
   61.900556784364738        88.136301621599458       -177.46830053075951     
   59.309701736949883        81.534165448128405       -184.51637460018961     
   59.627554477622624        74.383705392053457       -190.27062127385344     
   61.446464928864678        65.951191929019885       -196.49321750021389     
   60.874248506826916        55.015017035780723       -201.00178496109467     
   60.995802103349661        46.087801622629691       -205.03366151004002     
   54.974057282620898        38.914301186121129       -202.97686745144742     
   46.966104647317849        35.492290502448782       -203.91726845763588     
   36.789443212526336        38.278066446646193       -207.13982097645979     
   30.551551124911693        42.528937483224915       -209.24790942631176     
   23.108491265811136        47.968056702744157       -208.03331938247570     
   17.602528537734603        51.037111904726629       -200.80527492546327     
   13.813691496733188        55.557407637891174       -195.71482135159647     
   7.0469179292777078        54.826920386040904       -188.03258042183529     
 -0.86880186213644850        52.243457202485146       -179.74961737098897     
  -4.2970677152711119        44.903821010853754       -176.06317900062106     
  -8.4269842283075143        34.946840726165611       -174.34065989959248     
  -15.914330798569061        28.445976124762272       -174.60916968781538     
  -25.220683691193607        27.617318723719180       -173.10285870417295     
  -36.662610111313732        27.256441050968558       -171.77311512194200     
  -40.602504175575348        22.226776798937429       -164.37730639299471     
  -38.368617923513852        15.419006606463354       -154.25196810152309     
  -32.402909128246797        9.6451876213881356       -147.91245593531090     
  -24.220864628867083        4.1767577795667243       -148.07823153494596     
  -14.461329066368279       -2.1976774075684120       -148.96607527340856     
  -4.3281468191061032       -2.1378742041058092       -143.87473587277552     
  0.88971191895755286       -7.4845459276499273       -142.87852217176459     
   8.9823118257992274       -13.826607566976374       -140.90243489187924     
   18.308507485105721       -13.564086101644241       -144.19847178401307     
   27.802478681364207       -11.617275288471021       -148.75852151059436     
   36.605792071853571       -8.4185169753057121       -151.25057420100137     
   45.399531216771514       -8.8359169796467629       -156.61133702030926     
   51.967672207469747       -13.671367803439498       -161.13064667931562     
   58.882967378700307       -19.325117645915643       -161.08268013245049     
   61.757216269292030       -27.197377819306649       -157.62604694991265     
   67.365855399558811       -26.568342352829976       -147.43471058192165     
   72.837657471527677       -25.888011280987804       -141.45138190790192     
   80.902066697010639       -24.394824933868023       -137.99160708009106     
   91.055684626401742       -24.945801836520694       -135.96407993604845     
   95.424312160870045       -22.110489763898695       -128.42196866218325     
   97.533120012894329       -18.646203063058902       -122.03708138632693     
   96.336831832794147       -10.543881586349654       -117.57065547091584     
   96.999254846744293       -3.9354752158172244       -115.28049814438170     
   95.323366933685406        7.7137564782015069       -112.64294745714695     
   97.185325621943875        15.672644287221811       -118.93133752522759     
   99.573835306734168        19.705298331241746       -126.61921031270812     
   100.10246395067047        24.561548765353859       -134.57666535878320     
   98.382556719944617        28.252004616068042       -143.79024949253750     
   91.823979285814758        30.507315004222519       -151.89813792462257     
   92.184734401636035        30.480928552464473       -158.12167807597848     
   90.361668233139497        33.229578477945687       -165.11694894163338     
   83.887352456386353        35.651951419313590       -171.36734465149385     
   75.924123244519279        38.333889437513022       -174.03588584723317     
   67.612292694844740        43.498917829481691       -170.16049032333109     
   63.670291380304363        52.075721831085794       -165.80876869895599     
   61.496375893228176        53.465413706718607       -155.71506301191951     
   64.006865005488407        54.090297319328144       -147.97825812773712     
   73.787786039740851        55.105816487820427       -139.92617419732562     
   76.527731459914079        54.843213851433575       -133.17096385270577     
   80.265561478172387        55.445170554100713       -126.84112937931626     
   85.135255463916820        50.943609087181144       -120.00158449364473     
   89.791947513911069        47.219480171813728       -113.44887630132072     
   100.24052176656787        43.991868900222400       -110.62286316474710     
   107.87535251938600        44.626585023625850       -111.12102084577886     
