  -7.6354008301486660       -17.932138583914266        178.36451643074975     
  -6.8656844046956440       -8.6250780918808161        182.99444693400329     
  -8.2669427966616080       -4.1656425695380648        191.68318908415645     
  -8.9499456468960474       0.88515432176592757        200.95754840893619     
  -6.7141769477827173        4.1967838166285771        208.47909743262264     
  0.22063561708622004        4.1545693468424085        216.09113501534389     
   5.4843334529670793        8.5383120895058671        222.67346029695622     
   5.9740147189706363        10.688019005512293        232.79430957954889     
   5.5593688067830485        15.912443182717283        241.60314448154654     
   10.988938760646226        18.480945345946477        251.04207638885273     
   18.911617904280579        24.291576335812316        255.16786490166606     
   23.870263386469514        31.569149317527000        261.73009731267769     
   22.857981042004447        37.884973534954817        267.27800583906691     
   22.786872123448589        44.233977959932425        272.50659966113852     
   19.141852598090807        53.942056166529859        272.73931301779186     
   16.411450246383104        61.979295355953560        268.82671384699404     
   14.204208299914733        70.111807088413414        262.95043145016888     
   7.9427897641354548        72.521856895850604        255.75498008915028     
   7.9765321659803288        76.732731039294364        249.89852391910966     
   9.7795600837167989        85.038284149779045        243.87629731919847     
   5.5420471501904736        94.725005741353002        239.92278750659932     
  0.65272083398916947        100.25579228596749        242.74313570992874     
  -7.1911839182484218        106.89136658084803        245.64735814633752     
  -15.530777531046498        112.58442051098615        245.61889776523881     
  -21.641274436103565        114.09459664747601        252.02006309304261     
  -27.433141262751327        111.27089086000146        262.26455477652814     
  -31.279694791991815        106.46106977647435        268.93295679718602     
  -31.958227195114315        99.514869577087552        273.53406696521029     
  -30.499760595399554        90.766813245189553        274.70706281269497     
  -26.130297658459934        82.473901676246129        273.35721390994956     
  -20.850779950298630        75.466985729954658        272.58263321346186     
  -14.217341631706795        70.788248348061643        270.12373049576303     
  -13.343644646492038        61.328463736559172        265.88605665397745     
  -11.343774784532973        52.974334081226424        258.72309303317337     
  -9.6854626901538605        50.403717095637951        252.65029771602920     
  -6.2806065272964959        47.897947045212121        246.10881813458522     
  -4.3823872490469400        45.177787611240291        236.59371386687994     
   8.4523826896751642E-002   39.586758535389365        227.51044999083425     
   4.0409591923330934        32.758562801569774        225.14507359752287     
   13.658705882537186        28.444989262614452        222.94230451023981     
   19.304740232352316        25.552016633928059        218.78751340575801     
   24.244588278685153        20.255643518081506        214.39964357650101     
   32.241878454985091        16.518818251449193        205.95675887212269     
   40.868717712071344        21.223703764589043        202.46199790509399     
   48.219581441359310        26.592007305489819        196.83676011605152     
   49.328716220949190        24.382558961131931        185.57972987301181     
   51.511215961066277        23.111477581988563        182.06094268994235     
   56.452474153932378        22.327793322190011        172.30195061902270     
   57.076884222902599        19.312040525880171        164.87345858062946     
   56.813670217619254        17.730929845081707        155.02327118000915     
   57.972656351623762        20.965507309932836        145.26254387714175     
   58.410266489194044        22.986569990401204        135.08978685568542     
   52.541883805472956        18.902947030338421        128.26531696796894     
   49.236627433867774        15.417714257547367        119.26593530914134     
   42.059301366859437        10.906427875684621        116.85950936208907     
   31.908125808552345        10.890518907733268        116.07530154584899     
   25.738161873062221        7.9124336966788000        107.19477344474487     
   23.094175445575498        2.4930546318038216        100.69085347590399     
   24.550146267590090       -4.2322751053716665        96.158948328191755     
   23.159810144694010       -13.474994974952288        93.049878570580006     
   25.745439593909659       -17.919608680698577        84.983535822415391     
   24.826596875501455       -22.277623608352389        76.788956420982572     
   26.845314537346862       -24.240503009106725        67.468231065854482     
   34.714821362876748       -26.461221970401308        62.324229551015812     
   45.049341735683655       -27.136865110085449        54.629250416822288     
   51.242150984402123       -31.916921045364127        57.851594626444495     
   55.674789353780909       -35.915261133266583        57.793488878897350     
   65.164899887549467       -42.049919780315534        56.863774630451864     
   66.776864233129373       -50.127248052167005        58.354825269856697     
   65.073761665899369       -61.615894589462073        57.527437286564378     
   62.819316903123031       -67.938313862633535        56.599453917710726     
   54.327436173289584       -74.285004046647572        54.182908102081306     
   46.475885963918650       -83.575922112150252        55.091379222972748     
   39.156564515337664       -92.045932675730398        54.242633382538216     
   33.306078215148666       -95.484635619341560        50.883646163483320     
   25.722573854393982       -101.55796054538561        49.247829600609997     
   17.748426408412197       -105.03800725213598        43.703266586266253     
   7.3877325548533435       -98.124458145224182        42.085586982902718     
   3.2983250619806301       -89.555482378531735        47.070577955839894     
   1.4771673233172105       -81.796695767877651        54.384188432835721     
   4.1672117406874083       -77.879501842094115        63.547632887462115     
   5.4852816451631892       -77.322405927799522        74.153484658103082     
   1.0546382647283123       -79.602631148516380        81.891598858009189     
  -4.4798081572697210       -83.290824259267964        89.664317309018301     
  -9.3079753284519153       -90.408634543453175        93.019716388494530     
  -16.795868643407246       -90.058476263118422        97.749063109303080     
  -23.995860503511768       -86.318447674058859        102.70059183801190     
  -30.622443402916467       -81.113334601297311        104.63245423415576     
  -38.889216907680613       -79.634831021622318        110.71387421304101     
  -45.895489319448394       -75.993958164078762        116.30698892526173     
  -49.817439201761552       -70.446047344458350        124.65534005063655     
  -48.842769454228723       -64.142419292572242        132.62765888434276     
  -46.631020167682337       -55.926665475603741        139.74696326475072     
  -40.920966367542121       -52.564403046851282        149.36280171092318     
  -33.477598564587247       -48.566194298048359        151.50886195877305     
  -27.654779560719540       -44.462987156752682        152.44675760324614     
  -19.862391687240244       -42.191933205044357        154.79090684012263     
  -13.738736428033526       -37.720614940177384        156.93419461249704     
  -10.709053315077956       -32.254688706306091        164.89344103201202     
  -8.9750388987824046       -26.079161959186784        171.83926543368983     
