   21.502783355166208       -46.037423492810184        16.703859076315979     
   12.536346996143447       -37.191267724228751        19.019039545130632     
   2.5597868897381493       -28.330587559473749        22.066234627582759     
  -10.376046624243724       -19.006065939679772        25.645591118458658     
  -23.466536790748279       -12.904933303419618        24.220663247991965     
  -34.557179122152796       -10.131427317928226        20.742141601384485     
  -47.128775335662588       -14.111709705759889        14.750130653431052     
  -50.978939469589456       -25.878453904038984        7.2933070353137106     
  -52.772231026232610       -37.304030538953675        2.0313367034580403     
  -57.604588901454392       -48.531580980129810        6.6805826654960727     
  -63.711916763256482       -61.333314197073491        11.822489496166117     
  -55.194687133823429       -69.877635061662829        16.076303322791929     
  -41.048642755618040       -72.735361135418543        18.089410618024480     
  -26.340696518263471       -72.538960411723977        12.878396475474371     
  -19.631400346576815       -73.058687866544020        1.4221759694713771     
  -10.531891602980700       -66.637627513208770       -7.2824249215938597     
  -3.1222180325543434       -67.445857333288487       -12.456577149865002     
   5.9894706543417442       -73.516620686332388       -20.207401985037354     
   17.205915297000658       -77.773144553544896       -17.850682142718529     
   32.161174878707463       -74.679595407485337       -18.454038921275671     
   37.918783415931777       -69.475178583522705       -7.2696154108805446     
   42.180854834197909       -67.222616588330382        3.6910413055405398     
   40.677751159417411       -61.431992752734899        11.694721063634933     
   39.585578476933080       -51.894336006277562        14.676785735820072     
   30.483854488958713       -47.636282830259837        16.375121015014741     
