   6.3267635388433039       -38.798560564772856        35.119940395747392     
 -0.53937006234364393       -32.599820253352739        29.918450159872823     
  -7.3398823074604067       -24.144814706720229        25.820510585476352     
  -14.100718057869541       -20.427018093383602        20.115113144173783     
  -27.039500063873827       -16.685584261437814        17.275827879892113     
  -36.254023584746463       -12.285699544805546        10.904305766676169     
  -48.159696902319602       -16.657916684449283        9.6660062219544685     
  -54.688624195606657       -28.917717750932795        10.102702053444300     
  -56.313205390115343       -41.592573411718021        7.4668581264626397     
  -59.526093480485166       -50.799714637981459        6.8026759147265023     
  -65.494442290044844       -58.631737191260221        3.5775864193470879     
  -59.262494119121776       -71.960185756611537      -0.17056217073599564     
  -51.351618038303386       -75.264492658259030       -3.0491626037471913     
  -38.776700966483567       -72.450404834916398       -2.8597036751907408     
  -25.862066736708673       -70.471596805779669       -5.5936559020302017     
  -21.972365746732049       -77.211972666154040       -12.228222326580791     
  -14.929336777089457       -86.792361182541981       -13.287072537245747     
  -3.8722089034395148       -87.836882024273081       -6.4783265418385678     
   5.7830290208190345       -86.608402184846241       -3.7920066896135207     
   16.727297358259097       -90.446961796002086      -0.36354536204451493     
   29.320158711155909       -87.822568189231177        3.7038645422762468     
   34.296438822262232       -78.524567328599261        14.415827438493720     
   30.775319016612308       -70.030825618610109        22.910526034794909     
   22.438203903292994       -61.058629532783421        31.604226344332613     
   15.039309633904479       -49.443824071746931        36.730500645915470     
