   2.1483230371383013       -49.260703462888600        46.669147115109610     
  -4.8397619386658377       -37.824767390014614        40.754529861218636     
  -8.3736515879299063       -28.231184019175995        33.819123434821130     
  -12.489672449383153       -20.329885493016040        22.977182776484895     
  -22.303152773957599       -20.589806193862611        13.384240932830156     
  -28.525881787247769       -22.620644785005798        1.1791976090545664     
  -38.798908229658899       -25.639462163647082       -3.1023016031002246     
  -50.528588928173427       -30.496974378088698        2.5069254153306155     
  -56.161815021163115       -39.513557609661589        5.8246497005659190     
  -63.125065838357628       -53.125835568570075        2.5777995133922476     
  -68.325449623072359       -65.639719597189313      -0.20885077500917618     
  -62.542192439862049       -70.421469660441716       -13.069290718706370     
  -52.845159200456337       -75.930604341681928       -16.625500874460972     
  -39.433745423761586       -78.847184977197017       -17.604771716363967     
  -26.411682084901848       -76.745309121237526       -16.594153310698353     
  -13.867927824547101       -73.223213719973842       -16.439977058184994     
  -5.8734985534108182       -78.159869309455388       -9.0232029071920614     
   1.6269383024893809       -81.559620025386863       -2.6857757536686577     
   12.589249783082733       -83.662813776816691       -3.4312849970927650     
   20.221386357967422       -88.854927181345076        3.1362357481524024     
   35.656422618474494       -88.577757717768478        7.7290305204252459     
   39.345132163904154       -75.571192036417628        17.148159550736622     
   35.370203065202276       -70.278732913956603        29.122657394044207     
   22.104488484911105       -67.056816992353959        35.179241520395671     
   11.424137441887979       -60.119560981365815        38.768493375541304     
