   19.290820122606881       -41.372546744983651        32.556162434155233     
   10.857009366653120       -31.020044269317161        26.882644372438349     
   2.3738181783989103       -30.102397655729177        19.157881312044392     
  -8.3203718125616835       -31.758444556582592        10.855106478056969     
  -16.723964245851775       -35.586387573214097        10.032632232745550     
  -24.902622711207805       -42.862804393286432        7.0256042330181225     
  -30.246837034051058       -52.049114583754083       -4.5654320294819826     
  -42.125523391251370       -53.651529298361559        4.7799224783242877     
  -51.158826407370533       -57.165869157559584        18.914964395578878     
  -59.341838538836498       -65.829543658731041        19.794866073004084     
  -68.616015199046004       -77.031055655107821        13.339781838712408     
  -63.349517786458136       -83.644584352247065      -0.13896523096328986     
  -51.418845683419370       -76.783380674252314       -9.4349972930217181     
  -42.416183005994107       -80.077847898580671       -15.679433078052970     
  -29.255754465025706       -76.082833181209196       -13.831210364067346     
  -19.444834113563168       -73.645527569661652       -8.6185739093389166     
  -10.553629122090564       -63.300384767057729       -4.3010941233635984     
  -3.3658920504785907       -65.685708260153646        5.5822677545528396     
   4.0939927337375384       -72.704550065494104        8.7066448522169573     
   16.772288994523290       -76.471783833081744        9.4720098821491643     
   28.849901278723806       -83.581714225005214        10.790238896751166     
   33.464113564225926       -82.708052112538098        25.867822676805439     
   27.953979561354277       -75.236080721342177        35.849440690544178     
   20.335959601769165       -64.604466460682801        38.137703101822161     
   19.856383058715206       -52.562921095268038        32.218025812240121     
