   25.219912449726742       -52.637992870869269        37.711751218356802     
   18.224228973764461       -44.919903787959925        30.917363676958264     
   9.9459505309005056       -37.279803211171014        25.138007300606805     
 -0.46912151387295431       -31.128520710895835        22.202173160542529     
  -14.212757068875177       -28.007879414848684        21.997975253274575     
  -29.500392095327040       -27.779837696224703        19.511520923441793     
  -40.374225983676659       -33.544211586919204        14.948475867296363     
  -50.901999217490818       -39.660900675004399        24.672848086898814     
  -62.203719677508523       -42.144051156838735        34.354572609801551     
  -68.774515893060212       -49.195425067175890        29.012664929830816     
  -72.990348894808648       -54.318793484546880        16.410661337025147     
  -69.103014274622112       -53.585679287640104        2.0928499191929872     
  -63.609901428372289       -59.868589165825178       -6.8078686487108175     
  -52.223001975324372       -66.757386717164749       -9.4761307308133187     
  -37.764664153664050       -70.285479721513880       -10.509309482258109     
  -29.398785392328694       -66.809330374827567       -3.3095364149414208     
  -21.578576841678910       -66.687662275328137        6.6148195015784239     
  -10.783583086639990       -65.760148283494999        10.339567373609317     
   4.2387504603637258E-002  -74.414424783832843        11.729923931038639     
   16.357653162480059       -77.047304909146206        11.082913881469167     
   28.124636828154866       -76.138146295488283        15.614225285643593     
   39.741569028905992       -71.370606701580812        20.246641845139109     
   50.519392813874653       -68.382646845438856        25.839357008782546     
   48.897288720527342       -57.373277250090425        36.949059533329162     
   37.854576009619997       -57.136124634663574        39.261096471924056     
