   39.251478948562465       -43.941215224066923        39.754876307681144     
   31.877525545047185       -37.838076805075509        34.510764905319064     
   19.440509422408201       -35.406133112600898        37.620469979279761     
   8.9898467200329648       -38.572132615299530        29.810252798380880     
  -4.0979791607559584       -32.556703501280708        34.982287895847485     
  -18.281254602514526       -27.202323072632691        34.777918782350085     
  -30.461655100745155       -29.944786454292583        34.101927139614041     
  -40.102634555425261       -36.208335745553228        34.540073145778805     
  -52.852627207887572       -42.305635519876134        34.308753245034374     
  -61.087478487748044       -49.460250611376587        29.189432576688386     
  -64.049254293719940       -56.186638845995745        19.257433783585846     
  -67.579828404041947       -65.622378280046462        14.050121493099020     
  -62.982030227215724       -72.137246267818398        7.7746000651982028     
  -50.922243855581691       -74.640151371898511       -2.2121859939682667     
  -40.169157612924479       -77.729297031205547       0.54971396356503377     
  -28.023607533769592       -77.827014399301234        6.5357633868786342     
  -15.931270494137152       -82.546199965275264        11.473763247511156     
  -6.7788052427323588       -85.092461231610301        16.874613998496372     
   7.1069209160632667       -82.358129684885924        20.034974033758509     
   21.564156296772566       -84.899963042220591        20.077745580730525     
   34.190344554409251       -84.797943270601579        25.938862263071062     
   44.081473564096896       -85.882245229757658        31.919484294757524     
   45.768238762468208       -75.807802574134143        42.717573846440978     
   46.223567287759955       -63.059964304718534        49.910485209146444     
   47.767973422612194       -50.999435166167210        47.561363022422448     
