   44.437050947711271       -42.105781739242829        52.120747518234623     
   29.539728129437165       -37.501630962165329        53.257711093543847     
   22.277271576202502       -28.427940414444866        48.267338512290948     
   9.6234621268725888       -26.303669614819469        40.839435167111695     
  0.58824025405116132       -29.787546640348371        42.592385071034343     
  -9.8139796367470069       -36.433525141781011        48.558867603594869     
  -21.569017088021610       -39.194418460280971        50.200019530670154     
  -33.071896912768636       -39.865567260410998        49.494429494468285     
  -40.794864787175577       -41.862902131958947        43.272699242328024     
  -49.543464820762068       -47.801653544760107        35.413461736207402     
  -51.752334676636707       -53.648337824015904        21.197300812622732     
  -51.865646254370432       -63.881487527724438        13.863386164206160     
  -51.583298877029868       -77.275265670094029        17.258465116261974     
  -43.323603327860965       -86.274358108461527        19.228161868904543     
  -33.750253704112751       -95.797577461824346        17.562720392932992     
  -25.083509796515433       -87.763701754716806        19.655838123499034     
  -15.286335078807621       -79.744286129317814        16.723841223647973     
  -1.2703941171744604       -76.435098556844068        12.524612340414121     
   11.678378588894322       -75.651200192436391        17.623834437605023     
   22.031227114426741       -72.986949225776158        16.928233005089144     
   34.107588831086275       -71.357259565191370        16.881626347142465     
   45.818095692469072       -69.823970721960308        25.239872019690644     
   52.226021102571664       -69.896046040403277        33.811449824014588     
   50.122804140193054       -65.634482665172555        44.382867971166419     
   45.382989769805306       -53.545624219993748        51.455844169394211     
