   19.208169329799603       -62.343104621224562        69.858442377783263     
   15.437686626267721       -57.161025649884735        76.496112550656534     
   10.815527139550003       -48.276647477356775        78.128409174840172     
   4.0120996116358176       -35.649975631684569        76.282866009929592     
  -1.7175258901335189       -33.111042890214712        68.771248641179142     
  -11.119435788318349       -38.077268701110732        60.416928839966282     
  -21.317109571217259       -41.484379309269428        55.553284801940748     
  -35.473465446995178       -43.437382564943356        50.805145823035105     
  -50.457605849770324       -45.382446343311869        47.291003107591536     
  -58.946607702504096       -51.223497971024379        40.374224537854083     
  -65.248213494258394       -57.930569761928673        27.830234702586623     
  -67.466048543797214       -72.537967184150858        21.861870692584340     
  -58.615563094721921       -81.948179762961828        16.152731253464157     
  -46.588606202869855       -86.221123881354345        22.881182194358871     
  -29.497817097703209       -88.565152886819050        26.885086564320765     
  -19.219468962228849       -81.801221965631314        29.192200338516294     
  -11.135938963519264       -78.384002112201429        32.418501136893148     
 -0.19515737661045574       -74.194515693777177        25.966321096671777     
   9.8314980839114909       -76.167621831083125        21.718537430584178     
   18.719781690164520       -79.235146336780275        21.391287682522869     
   32.074809650679434       -82.886372069718533        23.573520076686385     
   43.064612440491011       -83.874090474011140        33.535245185384511     
   43.440172377793083       -80.107039732394483        45.799681225587825     
   37.678232804562633       -75.787539006517278        57.510982581464312     
   30.942761803544439       -67.485293924822315        61.605796260456927     
