   25.922319634076036       -47.080145165326428        62.109037552840569     
   17.148913073771517       -43.886648316421109        72.647528746160830     
   7.6507012819440652       -47.826569554924781        75.102079053640679     
  -2.8741781080955549       -42.407490058277190        73.705438478071954     
  -15.176302388295957       -39.474720471223769        64.338145459663423     
  -19.692702789939187       -38.362131156827424        54.276134910875847     
  -27.285779238506390       -44.314472031280111        48.383411015397982     
  -34.613699362457872       -49.307220702191380        42.451156385570911     
  -45.196264913854769       -52.802750785950643        38.670181109469461     
  -59.575927521052577       -49.626676941280188        34.474433973541281     
  -61.586320570075550       -53.616940654393304        26.387315303211661     
  -62.165933122747624       -64.240525044501410        18.213844921315854     
  -59.487335119038953       -72.148462237375867        11.131717703237101     
  -47.734123251142776       -77.498532356822409        8.2046393259685750     
  -33.169615071275523       -77.772983850738555        12.151328463688472     
  -23.926638199863159       -77.722288495180450        17.764070314564318     
  -15.295532707716944       -77.219779539801905        25.104762975134321     
 -0.98923432021186231       -74.347718283797377        29.020350965029600     
   15.195972252902234       -74.119423050332088        27.309426415018006     
   27.902944420666262       -80.440126361172815        23.194258867915874     
   40.888131547907363       -77.744189270387537        23.166349169372001     
   48.178449329868009       -69.978867123317286        26.980184084980895     
   45.245101720830668       -64.014222929169861        35.475214183217631     
   37.626078866936659       -56.332621065475202        43.678867196533041     
   33.367573330470407       -53.183786283267025        54.656125854913256     
