   151.68447227904642        68.205097060392944        38.312488150846903     
   153.94588667375774        79.384129874498441        36.652189546970988     
   159.16576391696577        86.303805953972812        34.078234229475392     
   166.82069032081014        94.376849552074532        29.753337955888632     
   172.97027044701488        99.282348364189289        23.956352951121850     
   176.24063587957389        106.48700918145815        19.213768424252908     
   181.87382335095211        112.01610721183623        13.768460674213221     
   185.55876661289039        116.58773280879547        8.7978795273060495     
   186.84239246351979        127.59588547566391        4.9682378302077650     
   186.43989957366415        137.30066212216616        3.5056870560250837     
   184.82749895590658        145.78119845059416       -1.6833167188305027     
   182.30909731610561        151.62486913503267       -11.017225662522860     
   178.84015276618055        155.12821273661828       -17.676093041440240     
   175.63491792135821        163.52738813123975       -19.882667520380995     
   174.39684795609807        171.62274782374232       -25.829167497216822     
   168.76681073914048        176.71470790552453       -30.413186428573447     
   158.66843563326114        180.46976069101376       -30.725029946434979     
   151.91216709942151        181.21033503423124       -30.960632875749148     
   140.29964586956726        182.22006762335826       -33.043287891173492     
   129.71253220234576        184.36756949202504       -32.515393240216142     
   122.26782664448228        186.59524253466904       -37.127555550651863     
   115.07239651240951        189.14957172607487       -42.343218756112364     
   107.12670381379115        190.90489426163515       -47.120909212866692     
   100.12945951697134        191.91983573771526       -46.268749847186776     
   93.582376716549888        196.02491582468676       -45.923541013817122     
   84.000588428191861        197.30599939694494       -48.397789694401041     
   74.252559336801511        192.02810638150817       -47.564030731857116     
   67.548211435836578        183.23860792843737       -53.695587611282704     
   60.502022447083043        177.78385471527588       -53.416216784067487     
   56.852837000252130        172.74565713536742       -54.064336722592657     
   49.362244639671616        168.14227264217769       -53.174872202272311     
   42.339906343391540        163.13899760301803       -49.023117696162039     
   36.260251813433989        153.75803795621130       -46.166895115560010     
   31.198229737642464        149.25444125721592       -45.436200239003270     
   22.621849360197867        143.73654195861755       -48.558141453278786     
   13.598738021263882        142.64198222251949       -50.122442359664042     
   5.4623111756631957        143.50933185131004       -55.413678436300401     
  0.90812443425512046        144.68643759203749       -61.938750631679653     
  -5.8985772037285384        145.64131150332548       -66.373144762512965     
  -14.235995802086462        144.10132661431578       -70.850500745861751     
  -23.559716953593139        144.56054971921930       -69.982004084561439     
  -33.192929982319264        143.75331292020880       -75.679953297961632     
  -43.009772155357716        142.73797609678172       -77.223290388320450     
  -48.045049415578248        137.29517899577317       -71.345529020480029     
  -48.739528796834158        132.29456191611371       -62.782400355786457     
  -45.471685129508003        127.20799667444088       -55.112077212377464     
  -39.385497640243877        125.16084856048964       -46.841490146708871     
  -34.738930894152446        118.67487553900435       -44.089618264042379     
  -34.119587939791671        112.71092598640422       -37.437243354533393     
  -30.648795582996737        109.18771736696051       -31.026833687688487     
  -25.902047527035357        104.58544224788322       -22.747953768631778     
  -27.858225845655088        98.117084099514727       -16.057074327512815     
  -30.828289403760483        90.106556584825938       -10.801581780292580     
  -33.990849355301506        80.900777699615404       -6.2127552071075067     
  -35.638228648789578        74.823025511739843        1.5024518672578224     
  -39.307399186486329        67.970485522997208        7.8104500347147896     
  -40.050881691770726        54.882666114710311        10.170858772050533     
  -38.232722073133509        45.749441405218704        14.453730610341331     
  -37.132763685703225        38.056191166173015        22.411157298377518     
  -35.403789675559054        32.183912470532313        28.963034035740534     
  -29.667325444930594        32.445676335627930        35.684862333288635     
  -24.302952521113632        33.814048157933975        42.603169174435848     
  -17.229374147375868        29.468528302909519        47.083459028136609     
  -8.7783587196403889        24.030852613288868        48.057315408035095     
 -0.83665362764432238        20.370689077088191        52.752317813905293     
   6.8925213571108301        15.180264638100429        57.724859312940239     
   10.845734627269660        6.7390722714021205        62.503838372514636     
   12.947893310665684       -3.4777062857346905        67.970605905160681     
   17.455668614084622       -11.036517729166427        70.462951212973977     
   19.087935041362428       -18.547316378816760        72.210912733912267     
   23.824549120933039       -24.492325094794953        69.297156974690267     
   25.001266521615705       -31.129764872732114        63.151041268654915     
   27.627783376213046       -38.707912274634509        57.493716483767777     
   32.477807714908074       -45.004525581286735        55.663789464353037     
   39.117053980788050       -47.944383810232871        51.075319298896495     
   49.351241553886730       -49.362477322280618        48.491736052835613     
   58.831484660919401       -47.414729240369049        45.973378179865747     
   65.771429080251139       -44.295763876929463        44.972733137288934     
   73.229392928897028       -37.443215062269843        42.566606804592517     
   81.160112454000327       -30.484192654303794        38.364564177395515     
   83.767926744969117       -18.942635472346872        40.356958883268035     
   82.311244868751771       -10.493254385480158        43.125888541516957     
   78.557249862156908       -2.3579341399271301        48.312457298812248     
   73.432611046265450        4.9908654381297985        52.152378917718281     
   70.242577678892118        9.7920392051857803        60.080244040034245     
   69.814964384764835        12.374574710070952        66.758312652628334     
   66.302556978174749        15.374952308657473        76.793642910762102     
   63.991356837064060        22.156958086973344        84.768229489877740     
   65.710872281151794        33.284847483729351        87.125689747539127     
   66.424104217890587        43.135841718717550        84.697832923221512     
   68.169981181241923        51.897596874350398        79.295976996879659     
   77.321575232028835        60.780760020935986        78.507414052877252     
   86.088152557819328        66.434885398570543        75.714092061537329     
   90.464119746485039        67.420593481034416        69.100754323195474     
   96.683241752690918        67.753119288697803        60.873605931738240     
   104.73244490632200        70.525280355488263        56.846556419089168     
   117.84808539726907        70.302893200753005        52.574467423074324     
   127.29393325082435        69.863015500880323        53.105333610168216     
   136.29222414537188        68.015543936530989        51.596376360584728     
   144.01174918089487        66.860941585062207        48.031156313169689     
