   40.199005026686969       -46.282369818954244        64.074858023654230     
   27.983548489333796       -43.344423661168740        69.822703250340069     
   16.930148077648109       -36.926309051763880        68.758141456743530     
   8.3012094570587127       -30.425608307451594        64.994822296683395     
   1.5657569641142475       -27.458686202369588        57.010312678802769     
  -7.0293758413084833       -30.951486890657705        47.348504768896106     
  -16.487696968265883       -38.313041150175302        41.093258983154762     
  -30.456209204095686       -40.351796737882999        35.807008361931565     
  -39.817259538468591       -40.744821618778914        30.582194464533682     
  -50.098332424112684       -49.487937012329361        28.308531194462610     
  -58.400024071777857       -58.713390987621352        23.024174260257357     
  -57.350578368613995       -61.727985157031753        13.069901287564690     
  -52.427708883926975       -62.558051671668004      -0.42429842607765800     
  -45.107752152075037       -70.918686039606484       -3.3836632736694416     
  -32.061967330442577       -74.004180474592658       -6.5573267554747110     
  -21.344307603884012       -71.264037739327946       -2.4633513834416036     
  -8.4477039468982387       -68.692030047427068        3.2121640616258791     
   5.6459597082238879       -69.598208461972490        2.6431324558698672     
   12.489992808233170       -71.775909025109073        8.7361251467759242     
   21.814644840644505       -69.563598885788409        13.622155141314652     
   29.485051269811471       -58.702824729330743        19.576525767268087     
   36.167311315281118       -49.437661932397688        21.815323807183908     
   45.248380825894493       -45.772121309189679        31.359176383831322     
   48.310107265916223       -47.416318623105028        41.508298775766050     
   47.438732712827147       -52.242336539141185        51.755074692419903     
