   33.092788178407993       -45.310803125641712        63.751505172130102     
   27.787433250590446       -54.815359528805992        63.060753112886943     
   12.596789020339768       -57.586468810965400        68.970558311951976     
   3.7752501845338715       -52.731388553556400        77.751533400605595     
  -7.4387031619191859       -53.233534758311890        70.390042594778066     
  -16.139230530456484       -52.806249649519415        63.798828985841674     
  -23.580176552059694       -50.252970008903681        52.125751276008202     
  -34.710560284747210       -47.730636671094359        43.708873871659662     
  -44.591710322322463       -49.342789278572589        35.681763027680013     
  -50.656203029449564       -57.276129782942938        34.282813236229600     
  -56.271844169660355       -60.482003785006349        32.644419940268349     
  -58.477089413947233       -70.829240942567097        22.339955431596870     
  -51.982157436692724       -78.729508061717084        13.277996395057237     
  -46.005512035515885       -82.567334302591547        2.1200449536376169     
  -35.469886102392884       -79.953967009002810       -5.8280905796879514     
  -22.563797369043797       -75.943195926147681       -9.6350814620639085     
  -11.113522500962933       -74.787424205812883       -3.9366352160772182     
   1.8969915256087542       -71.407539413706843       -1.5581671749887385     
   15.297523017950891       -67.151762683799831       -2.1652967319040597     
   24.869983846263398       -61.866177064340768        4.7782996232155730     
   28.497656524940371       -56.896493766643388        15.218886015806298     
   27.154363891333134       -52.378793051879754        25.416575322860563     
   26.263206812886665       -46.899028222462505        35.615513568659196     
   32.104401534339388       -40.859737727462907        44.151235681057464     
   31.100388811182956       -38.602698135737484        55.941257694693569     
