   31.005964482307313       -37.289112425951203        69.167838906373774     
   30.434357624828838       -54.270214222202547        74.891603304094005     
   23.100135650714542       -66.422360352116058        77.755882840371143     
   15.029005748925169       -68.845349194238651        65.557834066230669     
   2.6487958435464529       -64.147000256705240        59.524700315248893     
  -10.984961137947579       -58.771751217707305        60.077434204462811     
  -26.000503755923308       -53.880111001268375        59.365933282332932     
  -36.370105553208624       -49.445455468658402        55.351982850135229     
  -53.605583067629190       -50.023076316608723        53.288557163295977     
  -57.663921463475326       -58.434356892508667        51.111555928017175     
  -62.901161150397499       -66.947339601207133        41.681980803780178     
  -61.165895622679237       -71.608825921936429        28.845929279568043     
  -58.766322522934644       -85.159744129023451        23.702258979796632     
  -57.958125588568898       -84.080665630852678        9.7302506217018880     
  -45.151023888501399       -81.685645865132017        2.5956782253240038     
  -30.989240118782167       -79.249858863471630        2.7195750771839280     
  -18.138436929777466       -75.804161908067101        6.1207906068332703     
  -8.0816401633358055       -71.014649847276885        9.5684400399610183     
 -0.43695028816804715       -67.489965095061990        12.127678047228340     
   13.540694420343796       -66.122803158502094        19.025018939581887     
   18.296375611780107       -56.119992656717557        28.524733612329232     
   24.769291148256077       -52.537984382450830        35.918716496660679     
   27.899621675181528       -44.578924534865472        41.583072940573238     
   32.140642289445807       -32.879561995803570        47.429051432823698     
   34.943729714721215       -30.026333844881176        60.788857571340721     
