   27.276465296377200       -27.096980890659498        69.075272400798013     
   22.451772914719484       -35.753881961743097        77.028032427678141     
   10.793636868644017       -41.455310197471974        77.826406875404587     
  -2.0514692882587493       -47.863937914787222        75.554604448605204     
  -12.354840944640028       -50.915339963408840        72.119854572462586     
  -17.989985339265846       -53.795055278110631        60.870396535637276     
  -19.647235224920781       -52.692772311289552        46.669084480144441     
  -21.515710362944212       -58.001728201100555        35.297771173813160     
  -29.163071299290646       -66.734001257812011        28.550813094172874     
  -40.609928516693131       -67.516151107218818        25.086061171125039     
  -52.550732139732816       -62.817799575088479        23.971827624176676     
  -62.810236363541556       -59.413709854126338        27.393542400159941     
  -73.904888720366287       -57.796648964811588        22.386088866027809     
  -66.860590854646247       -58.040251358087382        13.064996518072542     
  -59.191743172176317       -64.413721599138498        14.600616892564069     
  -42.828761798406262       -64.663293736153165        11.885081169716855     
  -30.772186297560381       -60.745761934249394        3.9122018269046865     
  -15.930334723305544       -56.172288485655848        2.0924010142020562     
 -0.23777150187989871       -52.869338115808652        4.9640740945506447     
   9.6867920649986434       -53.108001897364773        10.514859754715051     
   17.257577518883089       -52.894734811119712        19.796155342544775     
   15.084254091966008       -42.669983178989405        25.292009890494310     
   14.607088916730959       -33.026686586247138        39.059737182433487     
   15.838804214790686       -23.097549337339988        47.941557301373344     
   18.345416969937538       -22.196915611158236        57.857408249449371     
