   35.620440666447628       -40.577194362901913        54.724262947807333     
   31.973366682007399       -53.810569975067700        59.981562107908886     
   17.969311774156523       -57.311765171536621        63.728573816649586     
   4.2117300963454483       -51.059955854163285        63.680055168857010     
  -10.394587133051310       -51.345132007270003        61.554669380657351     
  -19.942889527946111       -59.399645774445901        59.348665487927192     
  -24.149485465070811       -66.728410179060901        53.119847005592938     
  -27.531561664796467       -67.136080559279009        41.387523797590632     
  -34.950807665280720       -74.984963966361960        34.927590656802636     
  -47.217067420084391       -78.050507764761008        28.505831736781651     
  -57.454216908255539       -81.365220114437989        24.063341707606778     
  -68.007223111451367       -72.276203728395458        20.887170909138149     
  -69.944664732454257       -58.646274370484221        22.519030965152083     
  -59.836611722789641       -47.610381679564469        20.853603725987739     
  -51.555461786704910       -54.093403246296333        12.937905836640155     
  -40.598703288554248       -59.308294786107822        12.060377565322259     
  -33.745665748750241       -62.722071198529591        5.9527040196335053     
  -19.496645379543104       -61.694636614319592       0.49798799944932270     
  -10.273921815877317       -57.178696933718804       -1.0991263671494025     
  -2.8016372186118286       -46.313632866242642      -0.10393750843481964     
  0.71956666796855340       -33.474349444535925        2.5483583902668236     
   10.029135705853411       -30.530827425237586        13.809438863141478     
   16.877270073457030       -31.055820794739436        22.479792849419081     
   26.810304914425227       -27.180226478223926        35.752317587951083     
   30.337900454306659       -32.612172997664032        50.238251130133747     
