   41.412827467669182       -31.851154145261958        43.313365975853827     
   43.561451572875860       -42.788906252367092        48.288418012829794     
   36.315508766965124       -52.482431977531888        54.956050439557337     
   23.899386867520263       -61.923990032369616        56.559881082068451     
   17.100027993966275       -71.293377995786443        51.518226776172753     
   3.2920549649627171       -71.588506323529799        52.715246006914931     
  -9.7860706888908986       -68.578104286642485        50.114654898507681     
  -20.176588086683719       -72.282785378735340        47.637613027651682     
  -35.724464228664921       -72.929468849455503        44.867287345770947     
  -41.416247345468008       -74.249961618257800        35.362865506134185     
  -48.025418338696014       -72.999131602852373        24.928470777136933     
  -46.717537570773992       -67.580689921759955        16.152204002506352     
  -46.355654232702626       -55.826152216311399        9.7357874110970979     
  -53.200029874936895       -44.799096300125562        5.3238992352692494     
  -47.200554007589417       -44.004089459472745      -0.42657249450821172     
  -34.030632651177797       -37.990953915965619       -2.7305225369517943     
  -24.714492036569460       -43.449866914877703       0.22599318449606795     
  -13.821188434420149       -44.278107456819065        3.8438732580960764     
  -3.4304080994016006       -44.997130084225958        2.0946164286315812     
   11.466659944868084       -44.116130933237891       -6.5244363079712793     
   22.163297989374460       -36.937217153107845       -5.3115805716478510     
   30.696056389907962       -29.749726141089774        2.1992804130797845     
   28.800269307314110       -24.489643870761192        10.719030993933519     
   33.598783353141854       -22.388125519653265        20.915110818389369     
   36.769825773976251       -25.959484946411735        32.834669123827851     
