   26.787622304721232       -38.243580293990199        41.964747615877272     
   38.769320713966394       -46.326281495655486        42.863304287984100     
   37.125885871475383       -57.093323027283049        52.450958976587245     
   20.561378260387706       -54.215916796292611        56.278677520435330     
   9.6618652165839585       -56.175942062831680        59.531077399655338     
 -0.48243865523119789       -55.902511157951878        56.708008317333409     
  -10.513595642489822       -62.447658530991063        46.590474031849702     
  -12.556436658840290       -70.847360497777373        41.144114228357878     
  -20.983505776563547       -82.186625403628085        36.355482088771261     
  -27.238835152755783       -77.639898322635588        27.047068376117586     
  -30.652858480559427       -73.443257059652510        16.945890428780046     
  -42.799148775486302       -65.729885652253344        12.736826843630745     
  -47.761904195450072       -58.431254901807648        7.1920326737939870     
  -43.817638664935089       -57.269657402170324       -4.6042499558910475     
  -38.317619832101514       -57.696723640567861       -17.290627590252029     
  -26.988573830211340       -56.507077846793621       -17.597661648548531     
  -16.503214990640263       -55.437671670967660       -9.6375915391231377     
  -4.8037216825992894       -49.252134712423562       -1.1643749052529244     
   7.6627856750132981       -48.004105005534221       -7.9369125841361354     
   21.421369474364223       -45.629726588159720       -8.1295218762558630     
   30.012069336742133       -37.686822927529363       -7.3703646247430337     
   30.232641123821498       -29.437128040160545       -2.3446794712490524     
   27.699107936568748       -24.232933578978241        9.6265685687020568     
   24.331092711158544       -19.012479390548705        22.395301100759283     
   27.471294323163079       -26.009721261114148        34.150678619524278     
