   38.815411133973114       -39.166402873903159        37.981021672873098     
   40.739074706825718       -48.935567935589859        53.810443815907249     
   30.713722449828666       -55.915991316374360        55.948133483220246     
   17.528061686814691       -55.545462572727686        52.185170069450223     
   5.8680979244833011       -57.680371492785447        56.589008911515549     
  -6.4136507292863225       -62.551579898325116        62.036717175530839     
  -16.459642172593210       -59.996732330713293        53.631596193348038     
  -18.578627192505444       -64.312185322734720        45.304101811209001     
  -26.448406327348330       -69.437142968974385        36.097084787140808     
  -36.610898130930352       -74.363511990880511        24.680015942382987     
  -40.377858229091295       -77.080742208357691        12.952706397097566     
  -50.419343085659996       -79.621759424081404        5.6192987751520045     
  -47.379362465469860       -80.483178049901554       -5.4771976816866967     
  -33.306389101090389       -81.971927481494063       -5.9878966567900944     
  -17.230678180019211       -86.027758579525639       -7.3866760963077782     
  -4.5086443076407656       -72.804603239471646       -9.0129725093047046     
  -1.2506729052141417       -64.302105688580667       -6.9787668498852113     
   4.2420923335214749       -55.699590273078996       -8.1926466563350324     
   10.720778904370983       -48.148748269438165       -16.171291974712734     
   23.858024344082271       -44.885948149970204       -17.907525325059595     
   32.832750494143077       -35.312358597919683       -12.976283027236484     
   36.200942423681262       -26.676336041416157       -3.1808205796961690     
   40.512277476279543       -26.557659002774908        6.8322114658168340     
   39.996254524494070       -30.097144108303912        14.918786205340124     
   37.278432212765175       -30.951509581461693        26.330515875183924     
