   129.29713527401020        51.638414594067328       -50.496989213820306     
   131.15201058274769        60.277354824551082       -49.029375465587243     
   130.13213332146719        67.514039306871567       -47.021097384382884     
   129.20448468575620        70.017681812080468       -37.860172358426659     
   127.39067898511655        75.516789788515624       -27.368391978859108     
   123.93683858406105        77.869075848414880       -19.190909157917936     
   122.49590123339988        74.888998825817040       -8.5642844340663000     
   123.00282863153681        80.785782291741398       0.93511843833614083     
   130.04864285281178        88.534658910567870        4.4276928657768728     
   134.32959500318026        94.004057130270908        11.171355802286943     
   141.91087847877162        100.61217653765959        13.827194587644284     
   147.22735463159435        108.25415064394049        19.937078777064301     
   149.49629592875533        113.92708093216865        26.846531912912099     
   145.15009622682277        117.70112599966978        36.121835529477806     
   140.80308694619302        115.19778036088591        43.686190443009572     
   137.11783601351431        107.78724713041110        46.958655291328739     
   131.71968841105965        100.84045615915109        51.538187135919614     
   126.83218007335704        93.914227502582762        56.389817673294509     
   126.77973428698549        87.181330381636741        59.640963513745781     
   126.90427186341047        77.370002503671827        59.548715177606425     
   125.21709157968280        71.037422466284724        60.994095731805935     
   123.08302575142093        63.969130772058385        63.636610099321530     
   117.81689399549504        56.705085283912695        66.060247309616813     
   115.45225091707144        49.859742063750382        71.577315261146396     
   109.06252051035545        45.028824086076824        76.484532474231600     
   103.63566398542454        41.541566667032754        82.204226764890876     
   97.213979250954750        44.663739296028353        89.107335804354889     
   91.472349551217008        50.887979206458766        95.510073728841775     
   86.956239762703746        58.445991776016655        98.306388514768713     
   83.430843889855211        66.940385156683433        97.641379110135375     
   80.307775893871380        76.149455115283175        95.548754324030071     
   74.557130219035272        84.221068046879338        94.097332171209715     
   66.259073845734179        89.371001121183454        90.648552507579268     
   57.451756136056360        93.541192736339738        84.972535029803140     
   51.646767522458674        100.58575147223766        86.322080766909835     
   46.278657376449416        107.88742927928922        85.781403291658478     
   39.149706479411599        114.02429684479146        82.923605737947909     
   34.302146685414932        115.41656847695084        77.785865197677523     
   25.475733200695821        118.50098934318686        74.417403446460526     
   15.275230122918396        121.17322377154420        69.075051161125259     
   5.4597625498891071        124.92819987772593        71.419981694146728     
  0.49592300288706515        129.82287754614856        75.151443336505665     
  -2.1151241756884938        138.02917190390468        80.135608811072970     
  -4.4308391367071476        145.40276955797927        83.064957673678435     
  -7.5496704966183010        154.01144976129055        84.309858424152608     
  -7.7490918541143978        161.83169923203383        84.148399393850326     
  -6.6368597954498174        172.03464468305083        82.996510385487952     
  -9.5713670204460790        179.72835486594653        78.047723850643337     
  -17.384590713580614        187.38734797679726        74.961542269768074     
  -20.292620139061842        187.91451440984528        66.745625920163207     
  -27.557216966507220        189.72835985979987        58.961633938660299     
  -32.317920108639441        190.49714178175446        53.683506555449682     
  -36.089103083231905        187.29553616936036        47.846528105482264     
  -39.461375558182262        181.63271794600647        38.939518184182155     
  -47.522283241537004        177.42837603258158        32.244783252987844     
  -56.984069254572276        178.04797905953350        31.117116947083737     
  -62.180051017129450        180.08122303168960        26.149734713428749     
  -69.581170633226634        176.49860963567181        22.748661693264431     
  -77.716031443611598        168.01134029818962        19.933939380111191     
  -81.058058335489719        159.07553166475000        17.021391225748829     
  -79.761796212864823        149.80731160201199        18.798109886968913     
  -81.200860352548460        141.53530589453527        23.980601406156183     
  -73.647031782437793        138.47907447311951        32.073398633116334     
  -64.273651010885985        135.55472689055696        36.615425805233670     
  -55.834221392167549        129.68612365653200        36.973399392510181     
  -48.779004109450476        127.46267705606122        36.379732549645155     
  -40.717109797501770        123.39282271210661        37.774724463220871     
  -33.319856256377477        119.78266610182409        33.879895030454975     
  -23.673614309463829        113.18114504733306        37.035618131744322     
  -20.805630939736044        107.69432196360837        39.216392729138285     
  -15.836548473941731        97.776757470820698        38.268906309369534     
  -15.362132511995515        93.458274756183471        29.690863526535153     
  -13.068949447905597        92.454488619184829        22.308629815145569     
  -12.350335979495824        90.895221463461866        11.794946741381546     
  -9.9725045658338960        91.368718439879416        1.8762585886852678     
  -13.034267277742895        91.835618147272385       -4.7989360851038292     
  -18.921401896904147        89.574651571785878       -11.823671258523746     
  -22.084224309337280        84.882658352181267       -20.812237813510329     
  -20.343587218582865        79.727675150221302       -28.228024201336375     
  -18.101911133304373        73.468103270909182       -34.671331028473311     
  -12.087860428948405        70.319970890505218       -43.561749355864066     
  -7.2108067375043667        68.914927784485187       -53.805656187321027     
  -6.3720303647887624        69.509825188180670       -61.429780531501663     
 -0.27280647542487302        70.734193574777578       -69.345186689777861     
   8.9205508331055192        69.619613420008250       -71.837428025329814     
   17.746948297975717        67.478373905680940       -74.105149871696099     
   27.033995151049581        69.119204430599851       -74.450153303213952     
   35.972893147647220        67.669007245658761       -70.921747242850955     
   43.638157128603474        62.609430486085358       -67.611199520522149     
   48.337354617110535        55.137229849626976       -70.986744000749084     
   57.640765139873203        51.012630553381229       -73.265836036641304     
   67.069706360588143        48.217457656896897       -76.103711189491506     
   73.069979014197415        49.164828962236804       -73.896005575398149     
   81.270806862524296        46.911610703886147       -73.506456629351220     
   90.878577527125486        44.120696012965766       -70.136762476374457     
   100.38299226994626        43.633463912755822       -73.583252903447914     
   109.73555339248819        38.520959020708460       -72.435252783400571     
   116.57821519513811        37.366998718420454       -66.917964440556574     
   120.15159630066218        39.897670980586589       -60.873076500884096     
   125.66358681585660        46.756435006604548       -56.386747925054173     
