   37.950498493777843       -27.154692484361163        44.550929953268010     
   25.790164715749686       -17.697713998378099        50.197620215798949     
   13.390060705247015       -14.822501800740868        52.596824413048346     
  0.21689399646581700       -12.213916472655788        54.658365627586058     
  -12.216688851199409       -15.633510234698310        55.096515457533052     
  -18.288443361688024       -21.848962301021224        56.919297760373880     
  -26.272747102051362       -31.954861840053319        57.489980366402889     
  -34.499892302496853       -42.747399290148799        56.069276591416937     
  -40.476563282012869       -49.949361899932249        44.877191450739488     
  -44.315667303964098       -50.284103310898672        34.486859746467978     
  -50.179040599972261       -54.448245902503935        24.746547636874805     
  -48.833330423157207       -55.155583149390758        11.420182530868216     
  -41.208924652677204       -62.219069465767710      -0.67637134430659962     
  -40.608417784663075       -63.687694727224937       -10.865567535387203     
  -27.927470396191360       -64.762770923790413       -12.013581112004562     
  -17.949312193895405       -60.739104935201105       -7.2718011689019750     
  -5.3549660239316372       -49.744978940891336       -6.2901363917768407     
   6.2315010341715666       -48.860131109035606       -5.1702847184415504     
   17.574932361704281       -50.064210242775154       0.33928823017839549     
   31.343862394107600       -49.078672916216391       -3.9587566996535899     
   42.306120998887359       -42.415420129474462       -6.6484628275653979     
   45.226855197874009       -35.858759141820897        1.5038332974256203     
   47.658117272895304       -28.582913758426969        13.173770766625575     
   41.613479440903369       -27.211024898095033        23.051978545813075     
   39.721780616658783       -27.743608904708115        32.958820040058072     
