   36.771301581447695       -16.272917570604989        45.407032360286607     
   26.569465184535623       -12.367985193126366        53.357803197104744     
   13.864709208206373       -9.9958956314610869        60.840007134860514     
  0.24025426480462109       -6.9416303533396944        59.466934004880386     
  -7.2400631961200386       -10.306109725111552        48.072958332079459     
  -20.670265452311270       -16.487658136138506        44.094455093660052     
  -33.455145141688739       -22.080719974225381        40.465025388575413     
  -42.358586807083221       -29.491401642961954        48.103386186302316     
  -46.941112872068821       -41.458190542627918        44.313314245926200     
  -43.957976453219331       -50.107780024238380        32.580292085456634     
  -48.120388350154663       -55.956116481559079        22.469505479846724     
  -45.946838727287847       -49.834065358250697        9.3670658072332262     
  -39.386307401946233       -46.898570357547200      -0.54543046795377825     
  -30.801564385452593       -40.596854177538887       -5.6174135251560386     
  -16.803916007897566       -40.638202021530610       -9.7942337023201915     
  -10.832198611679180       -54.405798879647847       -5.5784456588558484     
  -2.0147855244558208       -59.718127173958777       0.86935894449784434     
   12.809543050119720       -60.707543741598222        6.9272936297800456     
   26.953474921487096       -62.737797274258178        7.4302566327589528     
   37.528187687813890       -60.755434368730711        1.0570709578893511     
   44.670926323212498       -50.272535173254852      -0.63703503673437367     
   45.006666786852939       -38.852785455261220       0.32802555925854682     
   48.171273419361810       -30.376399932923579        10.145949142758219     
   48.309102138730090       -23.367714118072364        20.906170950764075     
   43.372685801604504       -17.443968985028270        31.566086069253785     
