   36.124420092849817       -9.7949304996096522        40.296897168263385     
   26.766666753038102       -2.6533804543745578        41.159526107648901     
   13.847701770855300        3.9502346126985506        40.861637749274422     
  -1.9550933439812210        8.6252017049482212        44.296892681760582     
  -6.4686395410563273       -3.7679942493347949        42.709370868377285     
  -15.681965872005179       -15.012236213740589        43.159502653725397     
  -28.782499280885890       -17.285520743022367        43.428646542743707     
  -43.233262637573596       -23.809761381034679        45.250739422658157     
  -52.977103818519552       -26.451673445697843        37.397045101487663     
  -61.059175028431646       -32.196103106414355        27.224524438286821     
  -57.393264504470679       -34.186814803089156        15.595235097453520     
  -48.280024269502213       -34.400262029545928        6.4198057252159959     
  -37.170546791902794       -38.939389639557561       -2.3668753169435202     
  -30.235282383603433       -49.125781232823734       -3.7384341494476949     
  -17.848465745048944       -53.531803145627975       -1.5801744077718829     
  -8.3770796465006327       -58.751886462215097       -2.9259148666969139     
   1.7082037878742193       -63.159071266408539       -2.5798628454808661     
   9.9965820127863125       -62.168170382244021       -4.2038807895539634     
   25.259701614687849       -62.330536932302941       0.78799024682131003     
   37.038486508592115       -62.224879610528973        1.5971005942097716     
   49.531285877699041       -55.283275546549298       -1.6068530449373364     
   58.230446682665857       -48.413558451587761        1.1468992494733925     
   59.343779539765301       -39.276649672470498        10.212050322534399     
   53.914887951946064       -29.059947933421746        22.080147767350883     
   45.825908576679979       -19.871830700098904        31.827393266333992     
