   64.222783668730585        23.430020985683718        67.236360547578130     
   53.111970353497789        29.355962212079731        73.343756186951779     
   43.543923658675041        42.340538086621251        69.606024119681933     
   34.089263709450776        40.933284892743735        65.270898861112485     
   31.054692111142977        42.137304689682473        50.855068975857399     
   29.660853965722268        42.120257296159558        37.440921511465476     
   27.403074055615903        41.472187194478103        25.786653137797160     
   26.315797440287675        42.223643814926497        12.725252006401421     
   26.691257295171027        43.410457711738502        1.0901621533243138     
   34.588402178225472        50.577730960048171       -11.038895649213023     
   46.618550716435358        55.489733093214909       -22.007796860353466     
   55.823166363995291        59.636195652338650       -29.559571757423512     
   60.048723890618511        70.995223250694409       -31.824779923779055     
   49.044179338376857        76.575998244818621       -23.892750719156048     
   41.788359784577288        76.262734334754484       -13.665734237087628     
   31.418393008061837        77.942991123616011       -4.5548336804419343     
   32.182361478025300        83.336034351360581        8.7375305399210532     
   45.828711153345161        82.400305750102262        17.833494476640631     
   57.658082727581608        76.122787874986301        16.945965659498146     
   66.736723717260688        70.853795051413101        22.710480237023894     
   70.315598286845031        62.557756953487250        28.158810288059744     
   83.070548081468345        55.849598564783861        39.994191022545962     
   85.087436510045151        48.134530305912534        50.364951581540417     
   79.755941618398580        35.825566912167389        56.798525333855942     
   75.266406402109894        25.102942488780727        61.854395890368082     
