   56.568446792221380        28.234609894248102        67.774470123723702     
   47.030432773700483        24.414021586418631        76.231680430347652     
   35.447047472664828        29.962572584668592        69.769027623491993     
   33.166508685940485        33.017956938395912        59.700852534351661     
   26.778986392392440        35.478562231439248        50.021834090268044     
   20.756848885378790        41.199792849545339        39.144445255679891     
   27.011282247491881        44.292861934932205        24.654857984422200     
   25.104629224122863        45.991043201599823        15.568971144425394     
   23.481064867298677        48.679326042136907        3.3465786721533211     
   24.244806971310897        47.548976232596530       -10.344010296450879     
   30.125648113199350        50.178370372392564       -22.448322948621922     
   39.150995222938796        55.533672493761685       -30.366893233313654     
   44.308663009540879        62.920604348714541       -23.139619545597021     
   41.478986501418326        67.964504677079404       -11.016493451002518     
   38.887183993148383        65.186663348936676       -2.0743987726194764     
   33.423589301590603        62.589847471247246        4.8311078162320795     
   35.757937763182845        64.401137422747865        16.110312059245700     
   44.323769330730443        70.116265164526055        23.799232556413088     
   54.229924535133215        76.327364244027549        28.669763061670416     
   58.276633689165472        74.817558476582306        37.237557066540731     
   65.608388634481017        65.346450597073698        36.366849907465053     
   70.241630148251346        54.319666908193376        35.922721356983118     
   71.997782368106144        45.054567055719197        42.119327095255429     
   72.495275458653126        33.354382511799926        48.232103138368416     
   62.437930184362713        28.376740677720058        54.638765884018348     
