   55.917365689672529        25.865283846139395        63.160180996615864     
   40.964336031246006        28.126903390637906        64.176517662568543     
   26.355933612358815        28.831156976363538        59.622422087395094     
   21.941090182217238        33.011368401755988        49.870876914313833     
   17.413325487450006        40.617367152317435        37.345390153842743     
   20.005802934010394        41.161228209512508        25.681342161828145     
   25.579481374710834        31.032537401520926        17.369919995315097     
   31.007237613360559        29.269814777747502        8.7133775372464104     
   40.621070332017844        27.702363259798478       -2.0489132279220095     
   51.273895050763507        33.228618074969440       -7.9237009858480461     
   54.244944137557226        41.690631174375440       -16.166473829813746     
   55.941525621522523        50.939181835021095       -29.471698389202732     
   50.288664457090171        62.829190104824953       -31.678634521697479     
   48.792163997214367        69.490758819908820       -20.148845444751498     
   46.559692727564538        68.229126647741566       -7.1239326976162936     
   49.327154406702633        57.234777159546482        1.1483134535551425     
   45.670941214036667        47.548681798286033        11.359766197509334     
   41.653556087261890        51.429913186431499        24.683271306901439     
   44.315233280227737        60.111239698725356        37.689468026752103     
   55.252988043178391        60.957901183778624        44.558009137032748     
   68.428599453728651        64.547049619397214        46.431870573988483     
   77.968025788221610        59.207470521015551        44.117508169781324     
   76.785143468592935        48.175961301811682        50.602291183309113     
   76.263422105904198        40.921043891326804        57.448576001326607     
   67.569507522335357        30.893543565965217        63.175600235905748     
