   11.816373228829065        22.058672217643217        37.305708230353815     
  -1.4060849857759621        22.844013024755117        44.386346151588327     
  -3.4514156131840164        12.645975154998634        54.245356507192973     
  -13.669562078520517        1.8032820746756770        54.283130015228650     
  -18.476721588994678       -13.091937963858664        52.773316327536797     
  -17.248906344376792       -24.808595824310501        55.960272669497968     
  -19.090271323508045       -33.704599485779795        53.994158155127906     
  -21.846902517600395       -45.984370529530793        53.055016950815066     
  -24.918996296167485       -55.750009883578421        46.834588914753148     
  -17.923082285421035       -64.311710979426749        36.160386150713762     
  -10.472163653430901       -69.205943609598023        29.196242188814576     
  -4.9588699400934866       -70.971860419680638        14.313129994106273     
  -6.4468740836366587       -69.830556796629168       -1.3824572308784353     
  -4.8208789786290778       -61.978104383758414       -8.8889845036660269     
   6.5263644557591229       -61.894516453935069       -11.618104125717110     
   16.214951906831264       -53.783134666699965       -14.865719303061244     
   20.887347332102440       -41.328544200298850       -19.885197541901054     
   24.503392982616695       -27.680670280027346       -23.027284586869186     
   34.412786802111775       -20.260071142653864       -21.134368548551059     
   36.855286065062458       -12.918368783843144       -13.787328089064021     
   41.523104858074177       -6.7515563010614912       -5.6641631315777605     
   39.786103043243180       -1.3735277878108456        3.3711605308175190     
   37.177080009008435        6.4547160728059003        11.703078232729741     
   32.604777028625243        11.014890240262121        24.744122507100087     
   25.801733100115097        18.386884336446265        33.434860351757486     
