   24.867945507128429        13.483617181407242        40.829245459842276     
   11.491084890926047        12.869260580312538        39.616206721707819     
   3.1197806093809657        3.9016605260316801        44.146048321622629     
  -3.4146175131695049       -4.3822971417037486        52.813092547626162     
  -15.449044173375357       -9.8975465798248639        55.391219199911369     
  -17.599035254161301       -20.335957367487989        54.362675189788163     
  -18.281478957196182       -34.229527718746780        51.531834859877605     
  -17.380231787877523       -42.234687553975689        51.968378909627674     
  -17.600544450014091       -55.043170341727063        45.512245191402464     
  -10.757126624378122       -60.096000459243271        34.151018904763752     
  -8.8507751386999765       -66.208575688865821        21.212981795697573     
  -6.8109805538367949       -63.416957651240288        10.289491787006654     
  -4.1115643531013824       -64.568518099455403       -3.0003372744424479     
   3.1988471078702156       -63.240826302224782       -13.270021241921791     
   9.9141824382691155       -52.986967230171729       -18.314807231161158     
   10.514104037586986       -49.060353630624682       -27.248716245588191     
   10.950107567421860       -39.005110804799031       -31.103202755297435     
   21.414438684366679       -30.430371629135440       -29.416305497643034     
   31.912548104360955       -24.202218670245333       -27.657069573913791     
   33.821084043162188       -16.864696591537196       -15.724976310301226     
   39.588239684383673       -5.7873249511534457       -6.7203055786599775     
   32.234125089600646       0.69951150609032720        1.8600714827615950     
   30.857558508738030        7.7744658293970268        7.5137836524326183     
   33.000317495186536        9.1963451727568906        22.050075208172093     
   35.521078295361569        9.1180485631291681        34.284934151704618     
