   175.78551252660529       -52.303666073931659        185.03474994492251     
   175.34369453853259       -44.582473478416425        189.63843406437832     
   168.30917664969672       -36.531814337996757        195.81110637969863     
   160.46616573475163       -40.133313558762353        197.77282103459845     
   149.77282832435552       -39.589683064391252        199.77956981903768     
   140.19297571818038       -43.564766696920259        200.10926271728783     
   132.96934975262863       -48.917776552236589        199.07838060299196     
   125.68730701051749       -54.354315601907260        202.50822792599803     
   120.22024883913933       -56.165815706730527        207.58351576189295     
   112.77705056633083       -64.847432852730890        210.81248232327272     
   106.18612096475094       -71.568423081084319        211.93953916086949     
   97.624356961423302       -72.747029679280018        214.93656306832716     
   87.793700111205879       -73.289578564135070        213.88405818790014     
   79.349009725600965       -74.264679068689901        209.49766498392822     
   71.538467232954460       -78.079886755218894        204.31408694302556     
   63.428384143686451       -80.336557797733690        202.57407590209036     
   58.668982997267477       -78.669526283142915        209.70598804130844     
   53.858732295260175       -73.846847433957208        215.42986001901494     
   44.591170434444194       -73.509520707624560        219.01587741252354     
   36.566411636831035       -77.345665812421984        214.93848752228715     
   26.420510370913135       -79.008572675020929        215.97471700582361     
   16.145602867322715       -78.468703730037106        220.23756074228442     
   9.4490525238768761       -73.147883860486274        224.61149837296117     
  -1.0161156728085288       -71.453350068304985        223.29289342804063     
  -10.846305639009028       -76.436986170366168        222.18193433291955     
  -18.837589341052517       -80.786247588644784        219.68093326069365     
  -26.695374450703895       -80.220013094399576        216.20603585916606     
  -35.886741060487417       -84.238504298900239        212.55845534886305     
  -43.071537354188060       -85.235898890149770        206.13915943872854     
  -51.127549227050864       -83.555867328717270        198.68612795139850     
  -50.745275957783178       -82.065688748272237        190.86048634382337     
  -49.668006992347316       -78.178814615784049        182.27633188765864     
  -45.879565986485893       -69.654588393864117        176.67714595606151     
  -46.523453923221012       -59.822359270539643        175.06694274047032     
  -48.269209263237627       -49.340444189537202        177.72371067815865     
  -46.677167796964184       -40.643843766445997        181.73940400211566     
  -42.735204402754910       -33.373307918870033        180.27707861421558     
  -35.648447383994622       -28.672713904346001        178.80449511598917     
  -32.838782783642046       -23.196093520037827        172.69297327553645     
  -31.785715843595252       -18.475718761371823        165.37503487429038     
  -31.288275673354171       -15.834118338104805        156.59916329830418     
  -28.793937818227626       -12.488197480816785        148.05010204906969     
  -27.443453553067183       -10.906459233899023        139.49442835106922     
  -30.203439531110710       -3.0598396116886630        133.81773202040671     
  -31.294022226928675        7.6652875558673141        128.90063650703988     
  -34.870099490686677        16.391328004737272        122.95647994811117     
  -39.249857315453042        20.768614657124729        113.59961280595731     
  -42.241498977700317        17.459417930411867        106.67081305015761     
  -49.104254997465745        10.995659749092551        97.057398945687297     
  -48.045541887987838        8.5049100334429326        86.005296964087023     
  -46.922752982869739        2.4904815982714572        79.276696276847829     
  -42.274924222192034       -6.6010297796298651        79.069281020381965     
  -36.942253149406568       -14.276697993191744        82.369362449469591     
  -33.652712852686193       -22.809179424426549        88.619346965763640     
  -30.734243425492856       -26.459597803528890        96.744005726481205     
  -27.228143215660253       -27.242424391265885        105.11888008732465     
  -23.210808265151201       -33.375000948121745        113.60144130247512     
  -23.528294891821172       -42.553101180449481        115.40131504440981     
  -26.070389516357480       -51.570308081201581        114.28733332656455     
  -23.876946142166126       -58.501215147444718        108.10810492165403     
  -21.020218650016293       -66.626915700391635        101.84078830141839     
  -21.020377638888672       -75.857106388804851        98.662022631930697     
  -16.476527138589553       -84.063558623103717        95.685659943410030     
  -8.4901032474719909       -87.405129921681109        88.146495681282985     
  -1.4636125659466168       -87.693522087967068        83.630270653557687     
   6.1739096558607152       -88.062949912693739        82.565996180657507     
   14.728881807502768       -92.449150479991204        87.595120872970540     
   20.084515424096029       -99.334508951030983        94.977269384499024     
   23.636734822565828       -100.89080773236512        103.28596888514549     
   25.741072773642504       -106.05263758059323        113.92944235815190     
   33.180468116280281       -106.91347588805310        119.27608550673133     
   36.161589232680292       -103.95274259768419        126.46759723159529     
   42.526184408845474       -98.931768730680176        131.54527641589164     
   50.256096750219243       -91.745952194441671        134.12341196746800     
   58.933463903853777       -88.403284479003332        135.68134272582836     
   64.850698829084010       -81.276719716862843        138.90819192863489     
   70.855610368637031       -75.963644673015395        144.80150625875643     
   74.218088642656966       -71.381658199217000        151.44124320089463     
   72.747662416229957       -70.347727554890383        159.53487464612678     
   71.057786880006248       -77.859961960155019        164.70431906734558     
   71.091999030361393       -87.251323584800488        169.09210614177337     
   71.261723244743308       -93.343790224230915        176.26292404784905     
   77.170837670413420       -97.601502645745882        183.07780474458815     
   85.778624518454379       -99.861807536535778        190.13560071706195     
   92.133948264819367       -102.24766902034010        194.93720961752061     
   102.38254054008551       -104.47538546224432        195.50239829898584     
   111.43970924508494       -105.04571967354076        190.60860273903242     
   120.64378275136747       -107.95265664875902        192.69872862714277     
   129.01430157272731       -111.42869983766666        187.89731333776285     
   137.24392831912510       -117.37187189856976        185.71610253743310     
   144.83901690387151       -113.19394771961854        183.79008441050414     
   153.30919252450721       -106.92978694567338        179.75473759408422     
   160.90751801490072       -101.92378328047249        178.98811232251884     
   170.96380796243417       -102.72969268226737        175.60450104308200     
   178.75867798554384       -95.893699073242800        172.68442042274967     
   179.20161507631843       -87.619764668706296        171.23818605855115     
   179.29645362764029       -79.038812283582658        168.98186447200109     
   182.78221896598214       -69.896198941031926        171.78695119297890     
   183.59036513611835       -64.403431600319834        175.66573376141545     
   179.96123329438728       -55.139676379593531        180.73904347493331     
