   32.428209962686765        7.4301348740699247        46.440076965339046     
   23.000513792270105        2.4712103779738923        44.729867152111034     
   10.879804432313113        8.6446754992602273        44.760252010902107     
  -5.1552109021379211        11.613294222637476        52.108388938987218     
  -13.355940101085354        2.9708065541234863        57.272641139758633     
  -17.140360523956769       -7.3014384570113346        55.261380312216218     
  -19.089017529314543       -17.607373228220688        55.442439308017342     
  -22.130473357999648       -29.932733594362830        49.543175224106442     
  -22.983476072850952       -41.370229751193882        39.968792445710470     
  -22.110043506587317       -48.355338523946514        29.672666803741567     
  -13.055947068699533       -56.776604293799082        21.761729021815736     
  -7.0073147017719055       -59.973778776004288        13.802251527256015     
  -1.7246495216007676       -65.007962173127325        4.1507837156780374     
   6.0389433123660350       -67.038290847763179       -8.4658030419122845     
   10.159915505514780       -59.738908910304019       -19.361840493484152     
   14.168304034489200       -56.569629703497199       -30.517457192761515     
   12.785669134113196       -42.630630512534104       -35.470090669418532     
   19.082139537199005       -30.150075004294195       -39.435255458439720     
   31.330742760511679       -26.365428751091379       -30.812804146751954     
   32.420487643594555       -15.090067515453805       -20.276530523341346     
   33.457082077374572       -5.0032776009052125       -13.935786825094379     
   29.500585837578658        4.9018504797482585       -4.7845327934642228     
   29.293139091566946        10.367860590214065        9.2314179035920905     
   31.321129377533079        12.669620176368936        21.825194547517505     
   36.715721025373142        10.714216231198062        34.631217579306927     
