   20.850710742818904        14.309769827939526        25.690180922721122     
   9.7188751636500008        14.152771466920518        31.365426191067726     
  -1.8041156651436019        15.987104858355083        30.052975294774257     
  -10.947557219803745        9.6407406704022591        30.409790527865017     
  -25.019367353777312        2.1735781141849486        30.434235931958270     
  -26.753486399143672       -5.4861678991594021        33.859977677281400     
  -24.909820270372439       -14.487611684539441        40.263727610075229     
  -23.542563396516364       -29.375484561625921        38.509862166119291     
  -23.159699567655050       -41.039721290440625        39.333675193019829     
  -21.813419851887780       -55.314494114155046        37.028476253954068     
  -14.730390294314903       -62.956518733817965        32.240283219648333     
  -3.8970923103774706       -68.921788567524501        25.362098463447634     
   2.4213791096143109       -68.344430960012815        18.137656312478097     
   10.208112928056682       -69.181343031585186        6.3425850515242876     
   16.162740412630132       -67.622341380307816       -6.1426843561352547     
   23.246357946928644       -63.426591848008812       -11.921637420236557     
   27.973050764903114       -54.888580065366710       -20.669652260805645     
   35.524294825822594       -43.928617955458726       -24.119798183817139     
   38.890675273953555       -34.819801661873363       -19.563954260287865     
   35.824362617216970       -21.591563263723554       -17.667798325022680     
   28.779027120770046       -10.415786087421020       -15.923708112126677     
   25.884568339466799       -1.3468436729698130       -8.5366000685982062     
   26.424276658956277        7.1890419498104174       -1.9556213851158617     
   29.431031551653238        11.117831132077502        8.6312773099281159     
   27.546217612671573        13.896607989863419        18.428824665658055     
