   32.486315807182173        17.660161547537818        28.703793176097175     
   28.108813568095389        11.047965272959244        40.016764744208103     
   15.962353158972107        14.718919173191370        51.390276188218365     
   4.8937175881491513        8.5695591401326823        53.070079418030964     
  -6.6066808875552168        1.4590728456065087        57.242417799337204     
  -6.0172885289019957       -10.825344446281763        59.222170637614369     
  -10.612937411282619       -21.400418047815190        57.722996469847999     
  -15.924375790649322       -28.213943552081073        49.633276575555591     
  -19.718591685122462       -35.735711406660876        40.737186224488120     
  -21.580789241721178       -50.115559304704327        32.892063399684091     
  -13.515468716784046       -63.214885841747467        34.317907320329688     
 -0.91180977869365520       -68.923477353612682        28.093089003680113     
   8.6620401520432111       -71.826316049728575        17.904662417478580     
   16.026580769533339       -73.335153629263615        7.3731308665231081     
   26.397795622969380       -67.525521146394993      -0.31154583831084048     
   31.166240446470972       -63.537785572627953       -12.544372249568074     
   27.253123045712911       -59.501495295547599       -23.380057768664940     
   24.462816586496789       -50.372418568879347       -30.203078377531028     
   19.416267994565974       -36.169218888906833       -34.551736351587294     
   15.654565567574302       -27.351019540644639       -29.185108194751958     
   18.021020415797754       -13.497143216175841       -20.770776668799680     
   21.570063105884486       -5.4871625141960214       -11.023247201179444     
   26.199926618121879        6.0195255991124554       -3.9254379695500492     
   33.185190755684182        16.863088585917694        2.4707376949785651     
   36.158246312411208        15.891612094648742        15.306613558224150     
