   39.353471984664900        3.0213413468450261        29.614206444777651     
   27.565337304342357        8.1385608794893916        36.307417659356190     
   15.511146735575814        15.495013553937628        37.925086144856557     
   4.5007515075392464        9.1218518034056135        45.596389026053934     
  -7.5781526758526541        1.0169355431124143        49.325042772428716     
  -15.282223604742040       -12.869105465401402        47.702398726082336     
  -26.003885953499204       -23.556883172464502        45.380564320692166     
  -32.312274547874658       -37.573980100334843        37.016488775195988     
  -28.812872575614318       -51.109511670125535        33.057303284768722     
  -28.135090403198024       -61.280553959351735        25.909125248881676     
  -20.118032235885106       -66.939046940187055        18.139082251278577     
  -11.906095000158913       -69.058999094227815        9.0635477287399411     
  -7.3379411258278955       -66.908950185877998       -3.9303271483577444     
   10.099145385581584       -65.237079686179015       -1.4480915111138675     
   19.659075296705186       -67.640994666137317       -8.4092072277236021     
   27.168259095917975       -68.636712424915373       -16.590844351980675     
   34.266420200434851       -64.255813867316519       -25.287227066707302     
   39.062171658957006       -54.504175692043674       -32.555377463906659     
   39.838607156995174       -40.119991986740040       -30.732199998651129     
   33.953040655359210       -30.424226658459339       -25.556421849888121     
   26.193533381749798       -24.659739082912058       -17.764286654362614     
   22.689960950705061       -16.125137939244855       -14.956793862133949     
   28.830049552704576       -6.9498389233714013       -9.4011496929106872     
   39.710296772753054       -8.1093529026023212        4.8085356517853848     
   41.813657894679835       -5.8936798333638825        18.538722110230491     
