   32.564948862161195       -8.3649591568615271        31.806974451208049     
   30.710021612098792        4.2084265703865888        36.771073445179503     
   15.191329408151587        7.4842674221981591        34.911325868457169     
   7.2693608538743195       -2.2277467818778303        36.261142392874881     
 -0.70534090491323997       -6.5863784865147688        49.888529472563661     
  -3.3766309646333408       -19.360937196981368        48.683612066838457     
  -11.926265074372154       -28.065475656903736        42.507473767676188     
  -14.031697548427960       -38.842347883372568        35.936830164455536     
  -20.758734938675104       -44.536662059129981        23.831578375055585     
  -25.239092702871215       -51.280043719376067        16.326476347482529     
  -15.385292955109437       -56.095036944236313        7.2951860083528253     
  -5.2483816862926655       -55.574325330434135        4.2173473629931149     
   4.1154814791776202       -63.984950012842326       -2.5613009965895253     
   10.285518463873984       -66.911949855698552       -12.089512755087069     
   13.221732387763272       -67.627178041579100       -22.345824103329200     
   12.966283273342698       -63.966792162912284       -36.016695211173875     
   24.137919400858568       -56.973661035021586       -41.280337930354094     
   26.046006632959614       -48.275300120824184       -39.005833873833275     
   25.935006100323260       -33.720310680526850       -31.662671034649094     
   33.445984350350393       -26.871368733698272       -28.562471756316761     
   38.629213352215871       -28.313109337853131       -14.565215859873927     
   45.995089639795708       -31.662731690853029      -0.55785822530119911     
   48.294523175764056       -30.957880720249278        13.636619412365347     
   46.310583044342103       -22.371849645150188        22.519734628892397     
   41.251248955326780       -15.717239401077714        30.565632846142485     
