   33.686420021136769       -6.4515808990605770        36.147404615693112     
   22.082438361206837       -11.500686807438001        39.674060620032066     
   10.836724881048566       -14.661513567778766        49.745266561740003     
   1.0723825077481903       -15.188519088311818        57.208812528835416     
  -9.8462498179432583       -27.150573371875957        56.796696759663220     
  -14.202290622865991       -38.093048211308940        50.593342903628738     
  -17.123037116049982       -35.560485928909095        37.182102992743523     
  -21.690444495993290       -42.464981379203017        29.206706850238582     
  -23.035469816661156       -50.767980301188935        24.743772652076430     
  -25.141717718553867       -59.401584707266487        16.672009220946784     
  -19.630072349180253       -69.424619256951459        5.3085080483581253     
  -8.9492727389232236       -74.461112837951163       -1.4895056887106546     
   5.1664607554168800       -76.867792465975072       -5.8872331991105726     
   11.959521643448793       -75.056469613646826       -17.329657595346067     
   14.289094358920163       -73.131716402250333       -29.665792857310041     
   16.202860998603803       -70.278409359256543       -40.730422647034473     
   16.908845582482591       -57.149722937713086       -46.018633240548688     
   21.833286376056755       -46.720408961579494       -42.913062099769640     
   21.538267996190694       -33.974036494963279       -37.057487998591846     
   22.059965645315700       -27.484616725632307       -25.027486093549431     
   26.513217211317539       -25.809432659528916       -11.750978438509783     
   35.129188992599097       -22.683631924968342       -1.8931653686273899     
   39.575992388926892       -11.876805960966088        9.9878294762693614     
   43.915719138957016       -10.113852770449462        18.615668125870609     
   43.007572535583215       -10.829263581170004        31.241872787290283     
