   34.574688272626624       -3.7390715803496493        35.004660799347235     
   23.282672863227486       -9.7907101050257168        44.308246259041610     
   15.231555595441449       -15.840928694776185        55.519447572031694     
   7.0543084641800355       -27.579420694153058        58.248139742175113     
  -3.5467382593865509       -37.759139736131829        55.647252720741747     
  -12.293484353330932       -43.504137117817798        47.084268967916600     
  -17.895264135417680       -53.616884088506339        43.246151963731648     
  -25.669119488615504       -59.781388715212294        33.075106664734179     
  -36.861783102007806       -59.452946934178449        22.452218765356331     
  -37.646086845917495       -51.960379012934773        15.537722938696472     
  -38.884555801954860       -41.914436756007845        4.4673867973084622     
  -27.456964045166934       -43.056904028325697       -5.2214266658978890     
  -18.690680592680785       -47.979949140921420       -13.242823656052193     
  -8.1096176939460225       -51.441253427381220       -21.960391721837262     
   3.8788498466102141       -57.569511925698428       -27.958037578635942     
   14.551418717091575       -60.331881731038600       -30.040839922226329     
   26.395283206336984       -55.455189294011966       -37.012180675222055     
   35.557916764078207       -47.075595697241162       -39.721893401941109     
   46.342606848365094       -40.600142412643621       -34.108477634143952     
   55.645167371553200       -32.725988722563422       -28.459431398495148     
   54.740638968965087       -24.080557854349109       -22.363211320807775     
   48.947484218842476       -18.535688301815217       -7.8499816592462546     
   49.839736795085649       -19.059224315388867        6.9423324672337010     
   48.459156561476043       -17.719866857035679        18.242007149226165     
   44.439848983593805       -7.0086496771470346        26.764625695943746     
