   97.737000679897690        63.419246174775310        54.860356554857930     
   97.494524531024595        56.867444202212432        59.373807519932683     
   100.49590518494851        52.386439635847054        68.302778393730790     
   103.84267514599055        53.880940195188060        78.780078293866140     
   110.02634288651983        57.606221555065936        84.780412228313850     
   117.82571388008644        60.347202810212238        87.721624775481658     
   124.32259408943656        64.881747964736704        91.174501054644921     
   124.80880626703039        71.069475081121467        99.141582895686469     
   128.87357987555092        74.897144300775494        105.44423419574953     
   132.69435570408172        75.826008283641826        111.51498494676147     
   136.19351388599958        80.443104750886704        121.49201383013343     
   135.75447197122440        84.931237208266410        130.92752895093199     
   132.58855833644230        87.102707622025818        139.52961323352110     
   133.46514317286079        89.671672136159017        146.80567581026486     
   137.36570606917553        96.942658356147973        154.06684760989779     
   145.30339747489055        103.12132997049062        155.42142598691510     
   151.43076521457874        109.27767617841837        154.92345305189241     
   155.89778215043734        116.86668234804209        154.00159365423491     
   156.75406143643252        126.95211422880615        154.30059587083718     
   154.23091562387984        136.31366706502254        152.44325131462850     
   149.77651135392728        144.69177693365586        153.44030387816474     
   145.45149216043035        149.51373685341861        148.08473702703304     
   140.76631922150821        155.63871388235759        140.35839470578415     
   138.11805693667253        157.49808306671500        133.87007858606526     
   127.86968211934310        159.66008676436689        127.21501436745548     
   120.18958415344321        164.23872526196649        120.05336824516826     
   114.29717919298255        166.49881233590941        112.81776696491913     
   110.63892520591072        172.00654415153400        106.27274118716257     
   109.73471243957557        178.45461179206717        99.385521314123167     
   106.08110597733894        184.40431797234081        92.215301853005514     
   99.440040631193426        188.33757891023188        86.254218529464467     
   100.36024074795448        193.05939584603598        77.902503094141295     
   99.920217274047843        196.42025622188251        69.198565458307513     
   102.88496756778159        198.61667425769690        61.095978711854244     
   99.098548428393642        196.54486747893270        52.918053325629145     
   88.866814743934611        195.82340180261954        48.989976300711362     
   80.266779320627194        193.04786798683807        50.638245275909256     
   71.036675263777838        192.89005428458623        54.273487663359873     
   60.925574107918301        196.01329586687604        57.318072817860447     
   52.125711477697408        199.00081493811297        62.586630572680377     
   45.308352066523739        199.32782376392569        68.930748718205592     
   34.642930189237980        201.50620991899012        73.078381282755799     
   24.445684101355003        202.04059744749489        70.264143336365393     
   22.859032639665305        203.76302990148338        59.982415574194576     
   17.695613863773524        202.54634177652679        54.103268257612783     
   10.674000568216844        195.47762261961435        52.712624385246301     
   2.0987118001847072        191.35107583368247        53.966404668313075     
  -4.5406806466121523        186.69454566992781        59.372809313167181     
  -11.648948932845062        181.80829663502846        64.166841918165616     
  -22.019014404960213        178.34148702171251        66.760607709259801     
  -29.245277596929313        173.93729034995110        70.765130779457564     
  -31.276089278315446        164.40187925299043        70.641078558159649     
  -31.366263854160962        156.12607914874764        72.994935797006477     
  -30.251531151911156        149.91520758283008        78.272676853894666     
  -25.369451862394584        141.94543660674515        81.312165661563114     
  -20.141907644409248        138.03251270824532        84.146623824909014     
  -11.683841210961811        137.17247900836907        86.557062389467632     
  -2.5796209145226188        140.68127229051109        90.717729973099580     
   3.2984848590079983        143.31632640682739        95.525375040069761     
   5.0972335887158788        153.15133962649253        97.648119739210031     
   7.5914834015875741        163.06979440471923        96.030759698915446     
   14.004472903789857        170.18893170898278        93.660850001363670     
   23.039582657011220        174.70396160244371        96.442579300381240     
   32.284528848920822        178.97115248605860        96.033331127921130     
   41.143883355876923        180.10519312847427        101.60904545334662     
   48.813798357925620        182.61633003737904        102.64112358561293     
   58.868104092765250        180.96837075290037        104.31764591065847     
   68.929742811940130        178.74606344633165        101.55507623963564     
   74.265961499557235        179.19670734145873        96.596689988553521     
   79.694528430131427        178.89191297395308        88.763181111986157     
   85.680144741360039        172.40347186211710        81.047112407555787     
   86.747463310424862        167.56531814027466        75.852100074100548     
   83.466866164632947        163.23722864610448        67.999584758303968     
   90.147470149982880        160.17035589655859        59.438364385911996     
   97.960015631871869        156.92871583114820        51.654484812886075     
   109.11416693984047        152.77359782102556        47.915141799746145     
   119.53890419933289        151.29340971429389        41.707162674615020     
   123.18100372711662        149.63710638516721        34.876438636714894     
   134.64131221710758        150.70602984209330        32.657726591476013     
   141.89705172205691        143.10417774040118        28.466819260845718     
   145.03424532463850        133.75903358975782        26.308897530753264     
   150.60281897420219        126.44575753667678        24.717826705055788     
   158.27652083223001        117.49959991310146        25.352360486976721     
   155.00902668709014        108.30201076365300        26.638435592208335     
   149.46652485377615        101.50036658869070        27.562318968337458     
   144.49912194924576        95.257319841450808        29.849406869696118     
   138.72744421540796        89.511235722508360        24.279458885286591     
   133.25753839674294        79.913092194597127        20.730848909860249     
   125.46102980343224        77.444564914590543        22.955118307478728     
   116.01201370149415        77.356348221703399        16.271103359916253     
   113.26345646295211        73.086005257932413        9.9581257947377075     
   114.02892520755692        64.372213989283381        4.9537841201765120     
   112.53797479297572        54.237686338003819      -0.32850196197412307     
   112.71665667404554        44.904450097901581       0.31419057670410999     
   108.09141924650115        38.455758771094111        6.0686827960334435     
   104.10661731391959        38.374713327584637        14.445886225516611     
   101.82099827884137        40.588153828773237        24.158698815246325     
   99.851953717967291        47.135217463954639        28.926686251028986     
   97.268394630619625        56.021413771534661        36.566061932008338     
   96.729218173119023        61.073506450919403        45.320406194854904     
