   47.972322610645428        15.076352927129347        50.453095982858592     
   34.911481735634133        18.010313225316267        49.470099025331848     
   21.884002017042473        8.8347712821278161        52.752057780899179     
   10.765300972255861       0.55417329852864117        59.440948259256011     
  -2.8407161592713521       -9.4176064045887138        59.234271924601785     
  -8.9039304755959670       -13.825403204415752        50.163320680438531     
  -16.410336420531838       -21.319779790089392        37.489327687794301     
  -18.660769599020661       -30.624869118448263        27.393869414334151     
  -25.587865062170785       -40.334985104557056        26.223274227015867     
  -28.824988564418238       -53.017315393765230        19.635561440919961     
  -16.949931687661511       -50.200285585439254        8.7072405000341995     
  -15.130835877357059       -47.136192897719553       -2.2289788763799048     
  -19.018049572309977       -43.255771398837354       -17.515160099095798     
  -16.395577361528456       -36.649647329184837       -30.590251035040943     
  -3.5148141216995263       -43.264151567992620       -34.097085964692326     
   4.8369607802457821       -49.474810630861896       -32.973282312974739     
   16.063704580256370       -44.768161011000217       -34.563391968357777     
   23.667445056528251       -32.980367974894847       -27.695538379198371     
   30.109274443146695       -32.339984946446982       -15.386436483032693     
   35.342992571375305       -26.948254068963706       -5.8428498340977466     
   37.073543075233431       -26.411651913518085        4.2115837163942746     
   45.356152970456009       -17.783699199546380        14.674451146350048     
   47.034854381633266       -8.5710463183315539        21.796087482708010     
   46.418395892599470       -2.0850126043191608        33.394664226991203     
   47.366878006834263        3.6937012202415804        44.164182375261397     
