   21.636462760945754        18.180362163971701        51.026180099690137     
   6.7752630902456739        21.397282777574155        50.892106551097939     
 -0.27292749367801417        13.261403375068820        50.402774500366988     
 -0.62759581694792776        2.4753596836917717        54.960506529474550     
  -2.5646072180561825       -9.2730822008278331        52.294272328714271     
  -2.3092167706220543       -19.633990912478541        46.501983155935228     
  -16.388928197008536       -24.457764826034008        37.971845478294092     
  -23.173079590280278       -27.604886548097753        27.162906035928390     
  -29.721614392874464       -35.319514893907645        17.872776445451567     
  -31.184224509950745       -37.692464929139561        5.5851033320519523     
  -30.770329349697079       -36.315208242481781       -6.1645087650420800     
  -26.636096142465643       -36.544984841447722       -20.138278346349324     
  -22.105747747591089       -39.793254344089974       -30.897610753057009     
  -12.701688027741309       -36.635165142908818       -41.722607237912825     
  -3.4186460904625293       -30.204994340277732       -48.039469149420391     
   4.9595728020691681       -25.635156267408618       -41.594932492206823     
   9.0949979951461319       -23.076712397633656       -30.849393721050131     
   16.762324798144085       -19.881891573692297       -23.138305494969014     
   24.659749423472228       -16.334905652119641       -14.509483876338464     
   26.931318377281869       -7.5174052959617663       -9.4640366062646955     
   35.774513274749410        3.1163908493589778       -6.0402974072041777     
   39.896401889845890        9.7407558713276625        2.7015746785558226     
   38.078987421280075        8.8674161256210517        15.834016123005417     
   32.155274371382362        5.6328666624444237        30.211044383187108     
   27.253338529781921        11.946415880610260        43.437838468336793     
