   18.241104495816902        15.241018538285900        45.146897121973275     
   13.906877026927361        9.8630524311403818        54.850762149548004     
   10.486494285793956      -0.90347883577088872        60.019176892169412     
  -1.5277553555495420       -8.8025774713629197        58.247744645787726     
  -11.366074614443699       -11.518328769785844        50.666588109317701     
  -19.010133802765584       -11.293973589168871        43.792259690934081     
  -26.899276153075498       -15.555155875310028        36.184640552763028     
  -31.874807994068522       -23.245595259833465        25.877635434644692     
  -32.814347163753254       -27.504670350877618        18.313787652968717     
  -31.270206483811371       -33.538121751757494        7.3783025868237564     
  -32.541114300413568       -36.158029719833735       -3.6656976176070275     
  -33.462295402211339       -32.936499849338638       -15.233785237399900     
  -26.026979102198123       -32.715268900878101       -23.763093044599287     
  -18.632076053112097       -30.294253390296404       -35.216475055122004     
  -3.6106014252891070       -24.250171705476586       -37.484992419782230     
   8.2017588039951796       -16.319051069526594       -41.801056903402944     
   16.195366501698395       -11.762109216947508       -33.920202324995557     
   20.950463818627025       -10.235958593049540       -21.149440219308811     
   27.941421701057568       -3.4668798783102690       -16.309966115843647     
   36.959085135510847        6.0674756487053347       -13.872131592197739     
   44.959721331044108        7.0608987132468766       -4.8937547738008575     
   42.304936032144148        4.7922055757438464        6.3281527327013256     
   35.927735817232104        5.3470072936923581        13.067470410284223     
   28.833590726920264        9.4020424009200116        21.266776434292044     
   23.133968731224940        15.573242835100741        30.846632299156813     
