   15.793989378075253        7.2917438517670279        50.184375808846404     
   12.171976214986753       0.14790605605720297        60.598674501993742     
   7.2617566296308818       -7.4433601543040044        66.965694195327245     
  -5.2697944725294932E-002  -12.022140425018092        71.413098630849703     
  -11.247473859629544       -13.520133957454060        64.852615396442317     
  -24.954267665085940       -18.960158675167438        55.938361294808843     
  -26.686410619124114       -20.404885344634700        39.561337995329247     
  -24.899839049808186       -28.047661013848188        30.801179734921529     
  -21.597832397480737       -28.287071921259770        18.878737681548923     
  -23.901859959679598       -30.713588009339549        7.0437185851417397     
  -23.638668504938341       -35.348202474695647       -4.3795389925208292     
  -13.524224203633995       -40.290138715499381       -16.589518513279792     
  -4.2835108391421066       -45.843633995305325       -27.182420176543545     
  0.88480278279044589       -36.843479315169226       -37.827908062921210     
   3.0454584125869020       -29.283798540309668       -42.659602045209972     
   7.9131238639355876       -17.033067385661294       -45.497731741654164     
   15.041556661764499       -11.940931532313426       -37.469840405490771     
   18.099466039832443       -11.115710181148613       -24.563172955425074     
   21.981927289037792        4.0103380382267559       -17.985879466680661     
   28.793268395159654        16.380743225845656       -14.568638082875129     
   32.821949000080636        26.761736276382663       -4.2886109119790810     
   39.177451525792492        30.240192687849255        6.5595634941412317     
   34.942355571968712        25.760287865336711        18.035505769892254     
   28.652429647433078        20.755544299911008        25.756756026925789     
   22.859663258058749        16.089333397298496        37.432661349272472     
