   6.3620781948334306        12.224582311620468        47.238522334077182     
   1.2132074613963455        6.2517013018504910        57.265759474781440     
  -9.6674273847016323        2.9959881837847258        65.788939779762572     
  -9.5890037538785791       -8.4841311357334117        69.791145077841534     
  -15.802183986960033       -12.509094016566770        56.186584942210658     
  -14.426125898397396       -18.816923866061352        49.210874270420980     
  -14.906182372746320       -28.273183512431842        39.784644194631362     
  -18.986912941858677       -30.358855159134595        27.372871548222182     
  -23.680138441145331       -29.115388949143281        15.443283954710290     
  -23.538581308127071       -30.409658389050691        1.7349519834524600     
  -18.951386083793881       -37.417455359877870       -9.5743991603292908     
  -14.777256054401553       -40.204857486185055       -24.249352485446710     
  -13.822138672670333       -43.293614162053785       -36.233461088900917     
  -3.3150004146192380       -35.577011027267943       -48.199666449310087     
 -0.63329056919245552       -26.155071118039380       -48.790273923372368     
   10.253139581197557       -19.367946680660822       -49.631448446007191     
   17.589114650903799       -16.172615017988456       -38.681172557801666     
   28.824057288636059       -11.588318406840475       -30.987247944867878     
   31.401324060461477       -6.7824335813111079       -21.798882536420610     
   31.212580462178988        4.9545487931382111       -19.368999334681639     
   21.273004237756030        15.980851726486012       -13.746089338806666     
   16.100859128507224        26.143536807518164       -2.5017821293690781     
   13.121817387799039        23.424465148052874        11.111654093062121     
   9.8465476169955082        25.748912273517234        21.238039724288676     
   8.0659179819167264        21.978004937528961        39.807575496770589     
