   10.712519908769341        19.064920741728276        50.600090307063937     
   9.9467634950366008        11.775406595062845        61.616558189148485     
  0.80273737723964178        3.2207643989167871        64.973291369187464     
  -3.8150629379671468       -9.3658165968834375        62.443959850754176     
  -14.901713253064660       -19.034630228842097        52.116113747716334     
  -18.156070546181827       -18.666248867203720        41.978789575472028     
  -23.973807551686946       -25.145802411726642        31.019615318365631     
  -22.334795326265787       -36.337780942429703        19.340996120824116     
  -22.359474529484334       -38.738416563668054        8.3412144016089336     
  -20.182886268973341       -36.027976422264643       -5.7046928358430975     
  -17.352726966235640       -36.936143739223255       -19.336917031927115     
  -11.547994794553388       -46.002826364121169       -28.403751235453853     
  -3.7070013776535693       -45.765642967423346       -38.460464043016380     
   5.6502677875776097       -41.011220240152014       -46.196598985448276     
   12.858472705584987       -27.528570052000994       -51.174585576213531     
   11.828162218997379       -17.733675088294579       -48.476473007576757     
   12.924758883688751       -10.886624461779386       -40.418296194992507     
   14.862981518175069       -1.0137664140323299       -30.617732532372596     
   20.260189565479180        1.5351233382916818       -21.849359130913964     
   24.059618026828382        7.6944614868768157       -10.681606365869051     
   34.155279206011791        11.702114347445228      -0.27105472260736591     
   35.299045246564056        12.695944192512906        11.679093051535983     
   31.271666476107761        14.044314632600107        24.611709016696469     
   24.392255713544550        23.652336236234522        32.687829587948777     
   15.711281096055897        23.873550129116502        41.063307373524410     
