  -21.102952144092630       -115.14155079925376        95.683128925278581     
  -17.876342654386029       -108.53871944454035        100.29247450983519     
  -15.996016375800234       -100.92781750576728        104.93507785459826     
  -13.202076725318285       -92.389615702852836        104.73307487688092     
  -6.7266203372479847       -86.034855627238926        106.87703436242943     
  -3.0014218216482043       -79.494293436787444        107.74537595319441     
  -1.1769990848344207       -75.768994067224114        114.29683328235335     
  -3.2122350580572370       -68.179152065785686        118.70587259579450     
  0.99783948799082900       -60.383390278783175        120.16264538513718     
   7.3820597355816115       -55.725855619410751        125.04177896687652     
   12.046157387887451       -51.911082895020037        131.51800265569116     
   20.469929705480826       -47.819352846787638        135.93173825887439     
   29.868322927818536       -46.749277042946730        139.22490299318036     
   37.526934257745239       -43.356710813416285        140.92914476293328     
   46.998459532662054       -40.755494235302265        143.77439725966065     
   57.021438607223253       -43.986303854008078        142.59746168083885     
   59.145175290521578       -42.199017624987619        136.18191734359661     
   65.107642823511682       -36.411306989228791        133.44161102231783     
   64.690035105759875       -27.922236187268798        133.96722836874417     
   66.284486421857437       -19.194319527138699        131.74724729545488     
   72.742033248178515       -10.155023967413936        133.80595503288131     
   75.814455043272289       -2.2866317484355556        133.56855656707742     
   77.042441841801420        7.3643807171018105        135.01759316814147     
   81.573468273957189        14.345217283764594        141.35594772618626     
   85.080179840305405        13.310837824981679        147.49015659080752     
   91.129388634547851        13.076848168983654        154.70846337452491     
   90.689824394584079        14.585100650592331        165.31427924873722     
   86.035475177918059        17.551005375146687        172.46649739913553     
   78.787815584475524        23.524599850896738        174.39480595070708     
   71.403289060551700        28.907922809653780        175.13849368909749     
   64.971887651091734        29.625037608416367        172.54137129728076     
   53.535750075182335        30.005229988724494        169.14607766230307     
   43.597201387669919        28.109360951765236        168.82281978271220     
   34.600479291157029        25.611759504189109        166.27471245943659     
   27.770839110876818        22.766686571820475        162.80694190470444     
   18.768837301740721        21.095754875795162        161.35980606493180     
   14.016920322220502        16.658685303873543        155.39200277548991     
   2.6414083061161953        12.411653280064634        153.18270612179259     
  0.70200372536757671        10.886217942582274        144.67545298661855     
   3.2223774910050800        8.7832311982834739        134.55456039338239     
   8.1803882765761973       0.75923420009614473        131.92185148112571     
   10.511359178945156       -10.132542196989149        128.18710658441216     
   17.489924173414266       -18.544552373930390        126.81059075856267     
   26.324163651026318       -19.436331686389920        119.81051361033649     
   36.142908778587419       -17.241078705332718        116.92320357845014     
   45.195822106889928       -19.339198327914133        115.62091890111849     
   50.601902687625220       -22.015940867163778        108.76188148276485     
   55.053824106673460       -23.083475172226244        101.79374013085987     
   56.355811753937076       -25.093415682204892        92.210909472020859     
   51.358402187848654       -29.569156015269325        84.460314016567395     
   45.308240724270355       -31.181513616822095        79.876363567275590     
   40.915618735459184       -25.847961053210412        74.163207789801305     
   34.795647578862123       -27.860600690184146        68.028164771983000     
   30.723948357415949       -34.567217192554956        62.101523519228657     
   25.450769794274390       -44.219451839618849        61.728651375243750     
   20.524245003834800       -52.055381955464533        62.261677746917393     
   17.668042920795457       -60.593540329593907        66.270263853957900     
   15.042952680109353       -64.943180695647058        73.997733811764604     
   9.2874354774079926       -66.721519324398230        81.954963388831018     
   4.5306443702125057       -71.313816421735993        88.240809816785102     
   6.7590159481745138       -77.815484350352904        91.145216409147423     
   11.003446822859162       -87.773553575168563        92.469574872941607     
   12.779777549833286       -93.814862516249889        99.921051712678647     
   18.937030929038684       -100.95635688743695        105.57838544325527     
   23.568857440877032       -105.91620112697038        104.16340262103895     
   34.221868010488173       -108.59635671405914        97.135530326257651     
   38.355776179867583       -103.49147270692808        90.052608542700142     
   37.132272365257627       -96.364033160261485        88.269777486340146     
   37.675783299619141       -85.724027672125615        87.770555007118375     
   35.127177980262999       -76.566538497589463        89.143011054009918     
   31.763865243183261       -66.648556440760544        91.655348035072791     
   27.681123583435497       -65.923265933430642        95.090217490161493     
   23.159350126451592       -68.583667028924651        100.42298208359686     
   17.946195980008802       -66.709654214982535        110.17157207253626     
   16.218064249660912       -63.112030091027485        119.46073375303249     
   19.644238459151687       -63.083732101796365        128.61943101245194     
   23.501348499470588       -65.914786832708359        137.42895923984992     
   27.594917977573328       -74.426267752371388        141.93705978206771     
   32.753229040168137       -82.944269887410741        143.32828416241927     
   39.395051231093731       -90.080742290343295        142.91036607717220     
   43.796879867297108       -97.188869642399069        139.05590167727658     
   46.789834204958147       -105.58056049486517        139.89587503335167     
   53.365588060332620       -112.22110798724367        135.57713977481177     
   58.450479137562034       -117.41750366117279        132.13661904780193     
   61.389971254434606       -121.39845245901431        123.79926577911775     
   58.914853152403438       -121.13442306754968        111.33358256099991     
   54.512752017144258       -121.97232934523612        103.09781321192843     
   50.394504836912908       -122.85185098502699        95.698039805411980     
   45.073184611488770       -123.36900475689153        86.429574548085469     
   37.790860320329983       -124.83203570045116        80.115641011684815     
   34.251677905339712       -131.41462165969378        72.066312890909828     
   25.287939213794875       -135.68654240172324        70.090384763776129     
   19.108862414906202       -138.24034091240378        70.642657529490620     
   11.759608144343598       -138.93184483966920        71.962806549062094     
   2.8138630311584887       -137.65524766931571        72.411414950447849     
  -7.4264785671293048       -143.60199475054020        75.204222132942789     
  -13.066486448014638       -146.83734945396569        83.840246159589796     
  -18.643801674245996       -140.59330176431729        88.771943102831287     
  -21.090467303176251       -133.80942030647574        90.557380602132497     
  -25.078359370504995       -125.32167318307955        93.653054821888418     
