   15.904497643618727        14.620768663233640        39.000716242850039     
   23.803399281637105        16.499996861911260        51.131451610820307     
   24.168872537102288        5.1246778333162197        58.444143930625806     
   23.276909005435055       -5.7843785152313227        56.415654437720292     
   18.355979820838225       -13.441477324425787        43.931319913711761     
   6.9468928023771230       -24.448608347075339        39.061038774289578     
  -9.1438970600074887E-002  -32.164404447772384        26.866012122116434     
   4.9161682264200337       -39.614961583394525        17.875754305315066     
 -0.30698030857704101       -39.762646834562702        7.6687024930025007     
  -3.9086503741781415       -38.575097393168058       -5.0969041203286132     
  -3.7570719165890658       -32.014885854964888       -16.025122107668608     
  -4.1242876674002433       -29.393600214379802       -24.878222786656867     
  -10.943015218031222       -23.272717721892860       -34.957698547747917     
  -3.8855985145610097       -19.419124434523550       -47.587517564273071     
   2.8937981693158412       -16.246977807332041       -59.031486684376326     
   8.1409718465407348       -5.0366946035544444       -56.951066846941572     
   15.464616018622786        4.2367571525493180       -52.499492559705828     
   23.482569290191336        6.1492681902873434       -43.461693635659628     
   28.766502024328094        8.1201794527405937       -32.522772399479038     
   31.858997413111794        2.5719772174012290       -22.293828040818774     
   34.038565572971997       -2.6148227319380344       -8.9203590816573985     
   34.599609820101776       -2.3575245610860760        1.2281578872675287     
   29.828655965369066       0.45368044287052145        10.826096219515740     
   30.562563811855462        10.379656403177130        20.018289514895812     
   25.970237696413015        14.084024989086291        28.391424625770519     
