   15.421067019195627        12.412119909458312        41.491548028411941     
   26.308910645893008        15.415715694299665        51.724687120021372     
   33.250007415597246       0.35760858508846283        51.598075965490288     
   32.208152637695115       -12.835723967706077        51.710505901132422     
   27.703533228328268       -23.389614041247981        46.229701996634290     
   17.919788335235165       -23.970698125098313        33.311565229778935     
   13.024021551131582       -28.246032801087033        20.306942852292394     
   2.0683792478166909       -29.222066893873919        14.322333241488105     
  -1.7385352379708536       -27.752854198748146        2.3994610378787371     
  -2.3761264943397822       -29.018339975929479       -10.813845139904378     
   1.5904754033479200       -26.266823224205154       -22.840545547421620     
   8.3937409087316919       -25.221572486978470       -35.944449858267973     
   6.4653109478487520       -17.583432928194895       -45.219030573065986     
   2.8805446782227291       -9.1189778405085899       -52.679200416610151     
   5.6731205494671686       -6.3910659737787734       -64.828118634130092     
   19.640096528616876       -1.1080360233329025       -66.604179367316675     
   25.274115619277431        8.0614714169841672       -60.271360796475221     
   29.838343449003954        14.838099076373807       -47.759442032394723     
   32.375494624316481        16.273939646100313       -36.364447141831704     
   34.402062664312858        15.403682513694768       -26.416901424552524     
   37.860924224308235        16.688778347343547       -13.034531163833154     
   31.478647826798564        16.905534526086942        1.8892967072580573     
   25.599913097934717        14.203652273991525        13.760580796462135     
   17.908531634245644        5.3999481931010571        23.737551155960066     
   16.950497062750443        7.1777681377110687        31.615760305371094     
