   21.534717194853975        15.871024788101771        52.288924876775688     
   13.982144523196322        15.902419855732020        62.495033389091489     
   14.822657211453389        1.2777839988438078        60.708435556729441     
   7.6278304237256718       -9.4731754685201430        57.598308671686375     
 -0.14335093604168225       -17.876145886158877        48.506237057503633     
  0.61795872949273623       -19.711330016196936        34.706101629460029     
  0.91111585346097179       -25.636463397848736        26.735701181393480     
  -5.2061861168774053       -27.504902588173771        18.046675283738821     
  -4.5462989708064185       -32.259436875695279        9.8443020821390590     
  -1.2056081627053588       -42.540864321074224       0.59556621450857095     
  0.91851512142779912       -40.451754686274285       -12.517256053548689     
   6.5028361831488191       -43.165828713737284       -23.205299188363863     
   12.832019753129018       -37.723434159957527       -30.871760087390520     
   18.391066560609563       -30.471339549682607       -37.488148877074039     
   30.180984569358181       -24.647384027933459       -42.732554700056276     
   38.823864932909302       -13.870347553116465       -43.582052194395793     
   43.903970740942221       -6.3318288952160859       -38.318691843821910     
   52.204637678831340       0.28815664497973703       -30.036095064024689     
   51.403894285071289        3.6261294489723133       -21.887419552851672     
   42.697334834104787        13.987999095652210       -14.743645977762796     
   34.295925337252555        16.229313295960743       -6.9081898929752068     
   27.855553063763995        23.667671676329928        6.8059654016026423     
   23.325445856627486        24.780581604030207        16.195800909886483     
   19.917621458583795        13.316816225517401        27.403744055428898     
   22.576086874301268        9.8916694372376135        39.460636103600123     
