   50.311329947980099        39.397657146572371        21.646934623108773     
   44.197188941510632        46.667347017085689        22.312122769961967     
   42.545343294431134        60.361342352077344        28.912569581912908     
   29.935695754523795        67.111100747692859        31.022978585620908     
   18.738384677567538        65.659076162414252        28.314848753116728     
   8.6571775364082715        63.695026943814945        21.917799862525015     
   1.7270165985983998        59.611918706766140        10.823498978197559     
   1.8009499137615768        53.518537695124813       -2.6581718367883163     
   1.1164185979110368        42.816321919814555       -11.338911697983937     
   1.0029160952895491        33.641010539226450       -15.374417714674040     
   1.9994350135710977        21.749562371572630       -20.720980300447039     
   7.2026237585200761        13.542284514997220       -25.657135875649061     
   10.043306884982199        5.0505285926066827       -36.353041857515692     
   18.258341777657670       -3.8385235440671712       -43.380820959643508     
   28.938579301998558        1.8419624442102744       -51.279564268784966     
   36.140865983127298        9.4369476445630145       -58.673611833782964     
   47.785967797997607        15.771669963156338       -56.013336374849523     
   57.474246873920698        16.702312313716249       -51.579124622384015     
   61.602120399764338        13.612227667559994       -42.473301819216147     
   53.953267796696124        8.1934101763471361       -30.629590949601550     
   50.576975024874812        8.7764035824633471       -16.463852767643854     
   48.593035512135359        12.124632105126656       -3.8114689787662370     
   48.751548376933421        9.3968213787562824        7.6450619926583983     
   59.282275522238542        15.643037396928403        15.881017083044874     
   57.968062127452448        26.769289038178506        22.342413180327920     
