   31.458336178547363       -10.560103350465665        51.667031641671791     
   18.677432944231718       -9.0108559853761800        53.886849319051876     
   5.6867946056484362       -5.6152727316336515        52.959175244364523     
  -7.4607220609641418       -1.3046122351654537        45.834751275009168     
  -6.3675753187126451       -11.306786445169310        34.403278800076990     
  -6.6122236794289151       -25.444472506646740        30.280922169422556     
  -4.5388610750226528       -37.110926542375324        31.022183287285419     
  -3.4933127988784745       -46.994349777997982        23.737899429699361     
 -0.42164833527867157       -50.217304581090687        10.952128354018363     
   4.5516591861654945       -46.256619014850024       -1.2375368444456198     
   8.8820091342110317       -45.953482122949396       -8.6010955805646034     
   16.690038587586663       -38.390740353677984       -16.504213378554649     
   26.033582328214276       -36.126364423596151       -22.310326868717535     
   40.048034197259561       -35.252389159019238       -26.479446817774988     
   49.389010885445842       -38.199200528121075       -26.454317366413445     
   61.805180356945641       -41.767598474170526       -17.873064905645421     
   71.652043554291296       -33.542876115800077       -11.023734194638848     
   63.716437816933919       -26.309986942760581       -11.435591909056088     
   56.321734065338838       -15.735945782663610       -14.223024664907012     
   54.356877586285258       -1.6179335029199455       -13.054889875910906     
   51.084607657951189        4.3263467491309981       -1.3114477180388961     
   49.961159970543569        12.809196476555121        12.194280410141156     
   46.302285679171959        12.484878147327827        23.912610845862780     
   47.033339430135179        2.7170103621507864        38.732702561459824     
   42.417811969613567       -5.9839425441622485        49.178022910075562     
