   5.3364043581666847        21.863438776758752        46.772603016615811     
  -4.2656571104080827        16.244159975987444        51.555443053999412     
  -6.9203604116443707        3.0356303886850080        53.718320256962031     
  -11.520628710696688       -9.1087559407353016        51.671808193089078     
  -16.561702144124965       -21.530693624116164        46.563560969008847     
  -13.915946002072515       -27.105751951152726        37.051965747600697     
  -9.0445741402827178       -33.595848885696078        27.034031376300767     
  -2.7643886749479112       -33.053942240399898        19.511900931325439     
   7.0052002113325660       -31.469385372359699        10.498494242469949     
   10.662732779913179       -35.188026579544371       0.97761802505126316     
   12.733538523237593       -38.572369356083279       -10.925415378045209     
   17.854006559387109       -39.989229395487186       -25.836190945196321     
   28.199634236524151       -44.939411835327114       -29.245837250874001     
   41.855913365996052       -47.538362820342932       -26.726316655395607     
   52.735779900128350       -41.569137300911571       -28.415484459583265     
   63.271112992368515       -32.002656460692819       -23.353570753171311     
   69.748345106363615       -18.432049151815672       -18.925182900242540     
   68.726798226122355       -6.9722646933719377       -8.9482352746318803     
   64.781109235344459        7.4836616300029419       -3.0075402856560620     
   54.822419115447900        15.628371642672409        6.7529001601191343     
   44.685956494783071        15.060566873256899        6.3489903012340250     
   34.535757188906793        22.556741942345649        9.7285171869324802     
   25.531009841352454        24.723059856414523        16.492959097361680     
   17.477751039518012        23.054195213360984        26.080645007048439     
   14.078157185319416        22.357980956577507        38.304210149784801     
