  -6.1562483807785116        24.754755335645676        49.885816771126059     
  -13.679678096435820        15.355014640555485        51.205664167556336     
  -19.912699694537494        5.7565456588777710        53.589305052153726     
  -25.980876277314465       -4.4413969714768262        47.076674840228208     
  -27.527522518320090       -16.070549057923841        38.625115445159302     
  -23.414549531034098       -21.396531600112652        30.737008448753546     
  -11.553195045256379       -20.649179536800347        25.634794135036589     
   1.8102212782365772       -18.860341314933045        17.732258161917663     
   13.046474706106753       -18.621047213510391        11.529176304723693     
   22.156036451729719       -24.503314689073534        2.6493117719860786     
   19.365999182345675       -30.905666368913348       -4.5269517905305019     
   18.550938559110154       -37.511556703565653       -15.446125653437257     
   19.234808619882624       -41.853651756175623       -28.880723217386500     
   30.270732170207040       -42.984314289796195       -39.034561287548229     
   40.976356288175282       -33.723930004586848       -35.121476044910118     
   44.323869037386913       -21.609215531018030       -32.390991469311771     
   42.839684067512344       -8.8964523406878744       -27.783866873360935     
   52.912921381398348       0.47667959941906973       -18.085735622246514     
   51.201764225743915        9.3621157937298189       -7.9208095718638392     
   49.472600491759813        17.139117512167800        1.2073164388561120     
   43.530174874568118        27.225458815669690        7.0088564103482351     
   32.112371748589361        36.077498372665090        15.935101651941046     
   21.296893937755321        35.848373214461063        26.943969607345490     
   13.341089501412656        36.357077849391395        36.332192368632647     
   3.9588572992155875        33.449631443240641        45.909823016846978     
