  -11.401946163674607        29.392439609932364        47.437610058741193     
  -16.907615132132388        21.224269554200433        44.281358063291130     
  -28.261564502958581        12.601145576817697        37.799813869404652     
  -28.538930864304074        2.0975410505305256        28.175476910214936     
  -29.532463854788588       -9.2005486631692239        28.050306461464118     
  -29.243905759586482       -19.966617411762456        23.325458700040844     
  -18.973938642026631       -28.058838264441718        16.585950233966862     
  -6.9040302051131528       -29.232927842023063        13.754894327202855     
  -7.6955565015550738       -19.807376293056532        7.4410910510660129     
   3.3421070949935592       -11.151200681527035        1.0273333646365717     
   11.567901742461393       -15.997160297007245       -8.2958806064229620     
   22.752978800884424       -24.639533065295144       -11.840866154473307     
   26.335654567293059       -35.527037801419667       -15.933254189258996     
   36.818782665761780       -38.282717831036528       -26.826404520620606     
   46.097488333202115       -32.652910667495085       -36.428094816616785     
   44.661984538643722       -17.309181497568154       -39.488613892433968     
   39.538027214210416       -7.8190683953161590       -31.611684672126298     
   37.529863215256860       -2.4026299574450141       -22.646768945953244     
   33.276848423344177        9.4554694750829604       -12.766406252530523     
   31.682804828703247        15.502486946298827        1.4482843153433784     
   27.641247190759646        18.115696829272629        12.660355833047841     
   25.401245096585942        21.072866839534193        24.076313157914925     
   20.919952240397329        32.346666568436291        34.672555501010251     
   11.593535418950971        36.388291834787204        43.418037113795585     
  0.96344671770522039        31.050735523124928        45.863640188378120     
