   7.3089789923951063        3.2154234675516675        56.781565122219803     
   2.4440070464254218        11.115484471122906        60.080412158837497     
  -5.3012151049349194        23.559316864329514        57.418955387405411     
  -16.242311723038519        30.777218796032351        49.854093917477208     
  -16.934546610478080        34.269091386122639        39.525256395432024     
  -9.3431259082939810        34.258257842678830        30.277022832877400     
   4.6427713498366376        33.664870470258094        22.775775818147942     
   11.615227018739393        35.453178499863718        13.688371828421765     
   11.688847493786415        32.764399483383727       0.74262909402164945     
  0.45470199137316447        36.027617442555105       -7.2071377111639858     
  -9.8981754638067088        36.440156640847611       -18.454096623506171     
  -12.059203483998136        40.021314412294672       -31.565367744706936     
  -10.039818751846555        47.391687958966315       -43.908043348767826     
  -1.0040303912210138        48.285300925359891       -51.410202613690110     
   10.940494101071620        42.104320804027694       -48.715367953270217     
   22.777544682517309        35.515222833746506       -40.923378472337149     
   32.456620277615620        29.065503334491204       -34.664026255888601     
   34.340766693045040        22.740456542950177       -25.295840744209283     
   29.402482520992784        13.254555583429353       -17.196021186239062     
   29.311832409498464        7.5761213140420613       -2.6440970467244749     
   24.795014093461987        3.2350652078653050        7.0760693860367105     
   23.693043622292620        6.1174876887614689        20.327896587215442     
   26.177834913269454        8.6421714118776478        31.858287255436053     
   23.714779025644948        5.8937534652712911        43.609438414678507     
   16.895339736322473        2.5667877983961143        50.141733362855767     
