   85.449756696308228        148.41849070457371        18.410967773662271     
   93.406341712558557        156.28800129143468        20.430406768865645     
   99.539628243672183        159.65580860734624        15.557633218710119     
   108.22194633882815        165.39416395772733        10.516322561243632     
   116.50628289639567        168.98679519231789        11.638715351110561     
   125.06754872977470        171.68451330169265        14.437698302651286     
   132.82814776882628        173.56236842184049        11.185576619397585     
   141.60407211406039        171.30047910830211        6.4821238119103430     
   146.97072783459316        168.21801363202519       -1.2108185256610267     
   153.15182480819868        168.28582186690340       -7.2332652786389655     
   158.40490713132482        169.86264562943856       -16.599015230521125     
   158.77939062935968        171.79182098904889       -25.854702618203209     
   149.09332688333640        170.21928018855849       -28.669828074599092     
   141.19417909619611        167.03089708338427       -29.056845557969535     
   130.21486609365533        164.89186578516833       -25.649518622209317     
   123.73623915015061        165.90792342942498       -20.644095562530413     
   116.24024857341308        172.30352269734803       -17.852202935581936     
   111.80552267679114        173.76169041571742       -11.498550612373569     
   107.70129051238135        169.94362083266000       -4.3366176400687451     
   99.481333548775723        166.91181412516028        7.0114352952518832E-002
   91.894757854989123        159.59506591434365       -3.3781776158383314     
   87.666248931868580        151.49760153206415       -5.0309094724609791     
   85.277274345137755        147.37241112045186       -15.838345165532067     
   81.705467861785067        145.51127066085655       -24.090425672503009     
   80.535789771372848        143.89164545911154       -33.095075378960551     
   73.674269894824107        144.47970312170335       -40.371172041887824     
   66.424433682405891        149.50781507186196       -43.619153604938866     
   57.243254304397567        150.25231244854967       -47.966537389388172     
   49.082458939876901        148.88914177910240       -54.133095122085798     
   39.013618589809099        146.15890917769636       -60.103826361114024     
   34.070051641833572        144.56492862835753       -65.524179325725711     
   27.877534448650156        135.20860177057705       -70.093897049359313     
   19.183944492365487        134.41033686761685       -73.781920982009225     
   11.205188719655048        131.26892689840514       -79.545805249145488     
   2.0267679953042936        128.12010842517344       -79.707657100755526     
  -6.1468936713571392        131.73896881965797       -77.898909962213210     
  -12.924767475460229        137.44558092143399       -71.592131170034349     
  -20.495047157189404        138.78695392226064       -65.344429521010397     
  -28.631231873842669        142.72205537364104       -60.655487005534610     
  -36.232002580976229        148.18122491874112       -55.619143538155427     
  -44.564824670832664        151.81250368308611       -53.361017024633547     
  -51.906821760513616        158.95753085618861       -54.206348777779120     
  -55.791036198939686        159.83679897880776       -45.902704034865323     
  -58.084273396507314        153.98299505696505       -39.442718537004261     
  -59.646401975337390        148.31968113234979       -35.375968654327387     
  -63.889689046787574        145.00150686201897       -28.604775039705942     
  -64.663641613199033        136.07240625881101       -24.100394895634832     
  -61.470465451352929        128.13663697308817       -19.412587806690365     
  -60.658250969267449        122.72249796843695       -9.9913845890511723     
  -60.648935422471233        116.63093377117528       -4.9455786522649561     
  -61.611820633111627        109.75422119983413       -1.5995345068908355     
  -59.903054420266855        100.45413819539465        9.4631834886733435E-002
  -60.491983935596544        92.000946545736724        2.0808188857503334     
  -62.163739768391565        82.473732318020495        4.6920658296216047     
  -63.597347448101829        74.648392102243591        8.8251369010927441     
  -57.202954748746400        70.913845104177611        12.305585132048332     
  -53.016308766989773        64.524765185566793        16.897081017780600     
  -47.468864031222701        58.216210712729264        22.234266302016071     
  -47.034326126409312        51.236609399290117        27.884727837004544     
  -45.928266924166479        43.354867208616028        34.045138635677738     
  -45.464059469058299        37.850708632680323        41.532163136140973     
  -45.183038362522623        32.606112891262349        46.332378922601627     
  -42.597684030946482        24.778050724657835        51.939797884637827     
  -42.523150070498588        17.452419854059968        58.419900594672463     
  -49.352159834515803        12.085307377847679        61.150698670043894     
  -55.179871748248090        3.4831200969708069        57.672944770326794     
  -52.118231054231515      -0.96149322818855620        62.031254583117992     
  -47.291953094524445       -5.9587588853989448        58.735210541017750     
  -42.362794792802767       -14.324033151322118        52.987885171674826     
  -32.753754609168524       -18.188743064848953        50.549139271809750     
  -23.012676934806713       -17.115522403806988        51.175507238145222     
  -15.268720381798769       -13.026539612807829        52.604288107656785     
  -5.2898695820024351       -14.370923930231720        54.637809971829576     
   3.9279542075012825       -17.442611781828639        49.621151166556380     
   9.8453609352684150       -13.175961897138448        40.118909724354310     
   10.354333762456456       -6.0887626975291331        31.555243542969745     
   13.915293881881221      -0.67187970090437865        22.835998857730694     
   15.537805382553822       -3.9222588777772254        14.247514735610993     
   10.073115965377569       -6.3045367980759712        4.2569273288919334     
   2.2365116934020755        1.7530501962780347        2.8028066723049916     
 -0.33023948665844283        11.527508166677661       -1.1281831069199226     
   3.6388377060607153        22.511043276698668       0.89776043516239945     
   12.328458908524949        29.514187084753509       -2.3894392089699630     
   20.345770579989711        33.171772494837292        2.4915575228353606     
   27.929388193844389        37.416237749566669        7.1004647091987927     
   37.783910890892869        40.540064099901564        12.408417152468356     
   44.394157311596473        44.365252716989389        14.326157857886978     
   53.093514684420690        48.204341466151504        18.838926492393473     
   64.086487986431166        47.111878381726250        16.254037194575837     
   72.686570525913211        50.985943363554277        9.7314512502913129     
   79.423392593968444        58.319202671380324        6.3311511262188951     
   83.835678367477982        67.469599357039613        7.1228373829229907     
   84.027083043407231        76.327678874765340        10.232518037630951     
   82.940429003659162        84.229850491979121        11.627519537270230     
   82.820837994560648        93.943812999158212        15.911256023933310     
   84.631741161056866        102.20489625912158        17.674381281303116     
   80.359594910706576        110.69434150651156        15.207444435970237     
   80.803974152320805        117.25553332247813        10.484951330645970     
   78.444163571590011        127.44614233356140        11.165067225557626     
   81.096231617007916        139.43717210233154        14.058346034098230     
