  0.48807997202267706        23.139805070939431        58.991852268083917     
  -12.704166210539569        26.542827636826093        52.021260501562111     
  -18.324199941747349        16.835974253221973        44.642850543647121     
  -22.577695116384163        8.5016679103789023        38.082155782682634     
  -23.365856084282022       -1.4253530777375434        32.328308635294611     
  -23.380223552298414       -14.422564029063647        31.154064373341527     
  -21.795547920216059       -25.171494563245773        25.950146749169420     
  -7.8449146675334314       -28.805647456263728        21.975330112597700     
   7.0816658337705016       -31.277226722610198        18.211174779445493     
   20.354915266723584       -31.726697068957233        7.3527368340005852     
   27.953542000555395       -35.725607051814201       0.32802117008952081     
   36.609839224845153       -40.139491912355545       -7.3402982620787993     
   46.955244269177271       -36.612871352580548       -16.317878713350606     
   52.842800505796191       -30.277272586773460       -25.497239478037066     
   59.365960527822459       -22.774317840624626       -28.743192866231848     
   59.748045977612826       -9.3112499759121281       -27.183940907882668     
   51.499873573721622       0.77827726483372750       -21.562814529685451     
   42.276330554162648        4.8247962682610801       -13.549215631937848     
   39.501107505291458        4.3498712812530851       -1.8735264627324444     
   36.249408395768128        1.0826701365397871        6.2722684674964970     
   33.532666854927385        5.5779721943181739        16.795808256023491     
   29.924679215520509        8.5302308106270885        24.391152668475925     
   22.169888271466114        14.583430141932931        33.902249915230222     
   20.279980257370500        19.200870558509617        44.947459816124557     
   11.443254147712970        19.450693454385942        54.434259394060746     
