   6.9047659483544948        10.163618831928671        65.229876417808867     
  -2.3186266572490641        20.839681960440249        69.936389670849891     
  -9.7613421067342561        30.949390452931585        63.698960745213043     
  -11.027389715528185        32.084180124808192        52.731444346663430     
  -6.7833431868023482        30.653530775997911        41.835683648482778     
 -0.28417161449024353        29.825997105669252        29.050431743544461     
   5.4449486393024262        32.899546839085382        21.212839687839864     
   13.430506289806440        37.710315516434271        13.960236845660633     
   10.211695228692427        34.336447819244924        2.1748698866012139     
   5.1923221219079627        31.909875557086654       -7.6838578589867303     
  0.80538384008798836        43.918294011527323       -19.009166260785662     
  -4.6558759130466125        53.250144550383958       -26.449501668692022     
  -1.8019912936250020        58.748456058599274       -35.525948052678750     
   1.3014380609744007        53.466616284225168       -43.722472014102571     
   12.921790291084323        46.292049285271624       -52.933972191618651     
   22.876058020511220        40.418490238845244       -46.427239525335821     
   27.096535006326896        32.253348980836897       -36.290184855812171     
   28.855385950732966        23.229528645213655       -29.860414159006698     
   28.761625545061179        19.042574643886510       -17.806149467810702     
   29.543230193761200        12.898149526635594       -5.3507130454434657     
   27.544800664404551        5.6633693583256246        7.5367738697861313     
   31.979586764550014      -0.42896663710967725        17.149309755126428     
   29.126816782796880       -2.6594977195184919        32.902835482661189     
   21.030524051062326        1.0488466663468681        45.990611668242515     
   16.136152216572853        6.6584098223596131        60.568229047395789     
