   16.789155436444485        28.545661149043532        73.755615631344980     
   4.7225627630288605        36.309925570527298        70.225021640672125     
  -2.4150533780916654        40.116919916193382        65.285684594315995     
  -9.8684245500437999        43.142100186946294        57.661375053387935     
  -7.2437515808657524        40.334771653556516        41.696102352528939     
  -3.1495964737877773        37.832966542718864        30.705950403007023     
  -2.3977334413241191        25.497208592757307        21.099641983148150     
  -2.8004411840597241        27.908045916979255        11.018750729555888     
  -3.9221412782564626        32.776089324885916        7.2726895228585073     
  -7.6700978133472155        42.736605285830542        4.3025333112835389     
  -9.4616183630687249        55.555501121094260       -5.8509373767585675     
  -11.936773966256041        63.386379694096831       -17.892990201256552     
  -4.8125787146178380        59.761923689688352       -30.743424137583300     
   4.0483416696235741        49.156371706547944       -38.787798460795528     
   10.971874034394778        38.006559573426955       -41.599670315622902     
   23.242644968585072        35.401401173802270       -32.266798102133407     
   30.694535990698952        38.065781105106488       -22.303696134769961     
   27.666606778478009        36.055440748692334       -7.7160510201694326     
   25.849708639512141        33.370722613163530        5.2345444803352663     
   29.301647495389897        26.771878161260993        12.691322246708262     
   31.984604613723508        16.605775698122855        20.292260453699448     
   33.085140969793180        13.757537072172211        32.850857414092864     
   31.182313465006583        12.585108318311402        46.344753555384855     
   26.067800749150830        14.218152686337945        58.119225279030225     
   22.344892354650746        23.048157746294905        69.472300351841639     
