   21.831046116621792        30.748151896873431        70.493292757178992     
   14.334145245112087        40.297596779045037        65.036142767709691     
   1.8494524923597582        44.930862787348495        69.925185526719844     
  -5.8577536495776226        44.068609765576760        62.440377016328071     
  -4.6385863838302210        42.283731580204545        49.676254114880308     
  -6.2616714334746622        39.030484457461881        39.420305120148136     
   1.1997714335447973        33.428989848321201        35.997680512519146     
   7.1119460277644979        38.958629997118713        25.839174219483734     
   1.7947297135598812        45.405829478260742        16.486277489817741     
  -6.3623388968786054        47.248143690433054        3.5491308656178138     
  -8.7500769201856397        48.410054525897813       -6.3536528049442245     
  -15.500212269836155        50.817609154911317       -18.387212168838943     
  -10.653933927276958        51.412939116909101       -29.253674322241007     
  -4.8218947608194647        46.626030811929631       -33.713241677481250     
   6.7853715262547301        37.821363037638477       -30.447689530877796     
   16.684212877983150        29.808650900529749       -28.975030207175223     
   20.898453620720549        33.491114097124274       -17.379274887226135     
   20.333630150664916        36.637736169127741       -6.3852389202040900     
   22.493062518553540        36.787185431147506        3.9140136982845597     
   28.045831536162616        28.931163230283079        13.317625711513278     
   36.871180613795104        28.190495485045474        22.935941548507941     
   40.678285997935234        26.213131711529574        36.900474038742658     
   43.644189234442422        26.599056145336352        47.508132882631855     
   40.700653312342553        25.022035765014859        58.823101335058752     
   32.669727492347029        25.960069051037806        69.046854730403766     
