   23.358812527386252        32.625104230698390        69.846494087302659     
   10.691230209398825        31.942263148726369        67.615781320453451     
   1.7855427292223036        35.436932388258704        62.292170860292863     
  -9.4809981393346323        37.123564766671713        54.834798832778112     
  -16.190518964949309        32.076416624698034        47.432192808512710     
  -18.656027125528290        29.381232016220444        34.416726728075112     
  -11.325986085965445        28.914502901358638        25.331426418243847     
  -1.8483571901904738        39.439922395754280        16.578429470197523     
   1.8253976140927397        48.413296871571973        10.278989695344961     
  -3.0822078396309935        52.737887532201171       -2.2935269772162279     
  -5.8058227798148447        62.603661709507520       -7.3054371133520570     
  -3.4444119945449994        68.028603245911256       -12.681186108911298     
   7.7164344146071953        70.178031232360425       -22.806302330107783     
   16.426857518086813        60.515102238148692       -28.307206768134517     
   18.909491673052877        50.278393854113588       -35.287921515614116     
   26.954435375236692        37.261507353929538       -34.710746266305485     
   31.562049658735553        32.781798960932086       -26.342361467529095     
   31.905976128067039        34.991306063497980       -11.871553949968009     
   34.664154039971002        33.970778308596195       0.39726669138237913     
   35.670503229467833        27.935117655249801        11.351610236099095     
   42.148608531419015        23.144219746375253        21.462880894688162     
   44.581988269418460        24.124432983047981        33.610273926427723     
   50.322966433115795        24.190008121490550        46.553861318094860     
   46.885091765292927        20.495826756979259        58.648614130605203     
   32.208391387593821        24.164437624771931        64.943009834259385     
