   14.715445979918719        39.284160422553569        67.502219181382472     
   7.8733007677077538        44.109480404317736        59.960025953154684     
  -4.2567189782646961        47.168296963049656        54.782723177587577     
  -13.925787065264206        51.775295708582668        46.243938674685310     
  -19.554127548787903        45.333158319688408        41.166818335188289     
  -23.671269042882567        37.797207560903189        34.614666062331388     
  -17.835816091025194        23.548110331982734        27.524576092231506     
  -13.019710308535318        26.193846996976610        17.538821468583144     
  -11.673081595826275        31.115955672628868        8.4727180494233316     
  -16.841511248153274        36.532097769887798      -0.85917189555402684     
  -16.755573152079126        51.690202401662951       -7.1604941473786301     
  -10.503072920618346        64.934148178143701       -7.8353174839947428     
  -2.4820170773059558        70.466907798952221       -15.506126493696032     
   4.9388349085910361        70.143730511705769       -22.488281879047985     
   19.205327875994307        69.795811962290273       -27.317541257167026     
   27.581997432371864        58.948813180062771       -27.310617517484953     
   27.887832356756430        47.414979689239715       -21.333354628681363     
   24.789623696703586        44.419485561485629       -7.9580207367460103     
   23.319071624048377        37.572046736952302       -2.0695643662978940     
   25.270354552378425        29.155706025688691        9.5327085228130155     
   36.480392527893947        27.257451485061409        21.573246302637948     
   40.255677318839403        22.962189946607676        33.099708602716532     
   36.180327868682760        16.769582443528840        42.695942346516986     
   26.972247659833279        16.240227603581445        56.445322418793516     
   24.200129286171379        27.253043391683960        64.383486499876810     
