   8.8155666909223314        20.644123709935794        73.394211487543856     
 -0.10875482124301006        24.261655180862309        67.432700553307413     
  -14.564052693724555        19.716577800992894        62.795397399472613     
  -25.413232686209938        16.132211882845041        55.429709412117589     
  -21.582042580684558        14.448103237977682        42.609372973924451     
  -17.824249484733897        19.327120519975900        33.235625528187221     
  -15.785853634054552        19.696489472430905        22.971985666397533     
  -15.667007964797051        22.670751337543688        14.483477962432511     
  -16.507087496176887        31.164996236342130        3.5866352259134127     
  -21.157865310392726        44.442553849805876       -7.1525952838156668     
  -21.970585739450577        53.471059440710512       -4.7178770835974557     
  -15.137807194457102        68.237518670804576       -7.2524951586625122     
  -6.5531898181207744        70.364487467693252       -15.782812230938722     
   1.9519795398226576        68.564507711905179       -18.837762395819773     
   12.988078132907836        62.998502109281091       -23.602998120374906     
   18.193446236263110        52.497482747893493       -24.443570306365402     
   23.720611833426037        45.423317779767451       -15.446450377541154     
   28.526459637410081        45.973729663934037       -5.2514298543789000     
   31.908606015169532        45.077062208235709        8.2262763730234489     
   37.302117322053171        41.617201765005255        19.574668353481886     
   40.309555865185558        38.636545120902390        29.657298136619669     
   42.465806670790833        39.033189540701713        39.398013145557606     
   40.473304170782392        37.935914866383143        51.773057361968775     
   34.913020154311781        33.942600375428711        61.136496528194165     
   24.051454046952546        25.545363492276497        67.123715395054717     
