   5.1956009978846875       -5.1925380339077520        29.764785004671317     
  -2.5689999316217103       -8.3795216370465067        36.193483788009004     
  -15.798525507583705       -13.115493633801002        38.541105901030356     
  -12.938751287115016       -26.553933356747727        38.430580445274835     
  -16.140495312828335       -32.106356307892440        25.374767578830326     
  -19.170186925481516       -34.367480502145597        15.667189233078581     
  -21.458172418409625       -39.469358875316608        5.2980348790755887     
  -22.933745598568702       -37.171338124711674       -9.1281550053818652     
  -16.083508630887241       -34.692525305918579       -18.178834387767253     
  -2.1441230525633572       -38.384689061934083       -21.122491666194065     
   12.882845842532991       -36.829307951183509       -19.916169566224294     
   26.932484798396679       -35.678356791805527       -25.137305266612184     
   41.205124473483679       -38.405649744184707       -24.806681774967714     
   52.746105098064746       -40.559923251837311       -22.493185782133594     
   66.244622074364884       -42.714567627364595       -23.894492274252737     
   78.121301080587614       -38.514465865966514       -21.922392118953972     
   84.540740784103278       -29.165374340962185       -13.470675791163979     
   87.015603134932917       -16.703960464877149       -11.494391623954552     
   76.261773046277440       -10.285003510782827       -14.384848430956447     
   64.122358367355645       -12.768760230991123       -15.225323808992220     
   52.495704013028785       -12.867704427596644       -14.821955822948123     
   44.274765192528236       -13.726049715783621       -6.8815557614024936     
   31.739358229896084       -10.189846119504701        5.2101061909871120     
   23.101081292767574       -2.8264143695156649        11.082175036502857     
   15.017240472566765       -2.0972059152520952        21.140852225377891     
