   22.107363550560866        15.168131358591442        75.155513078045388     
   10.692676595151319        9.7504601694386217        75.954433864884194     
   2.0172985197082136        2.5322873608794989        67.149052512141679     
  -2.8056274208356191        6.7368942668430476        50.395996786547215     
  -2.3063390577505354        10.299935726923731        37.513143155782537     
   1.5488782503990168        11.458461360519379        26.917940787216850     
  0.79059534043086099        8.0933146767703370        10.374908157677165     
   2.0871028863094958        16.093007562337714       0.33736792109574498     
   3.0984828136975247        21.222545217564612       -11.514230718691108     
   1.4276067713742873        32.071637867434887       -20.532597041355540     
  -4.9191829230922490        44.541204864243120       -21.731653001468022     
  -10.236286925585688        56.265586995960540       -21.329396933482435     
  -9.2775950039646951        62.324494050473909       -9.9734435276275022     
   3.8225653382691314        67.229069425792844       -1.8097624665956933     
   12.943795774099717        67.769633044971599        4.2545737139087549     
   25.484010271605570        64.979482235882287        2.3415702157618683     
   39.011307370617381        58.651440698023535      -0.97774395187006835     
   40.385075224478278        48.474302490592471       0.27938414531775274     
   41.227143029384230        42.588182354057039        11.578706014875372     
   46.516222694993196        40.911663433196999        24.596719669113543     
   47.153825378214805        35.751571658510997        35.691620877980753     
   48.858579764680286        36.263308679495474        49.427865361702850     
   50.642243988347396        25.862440497446599        58.191343377734846     
   43.440475344657848        16.794293613031623        64.250499903404432     
   34.342355233955040        16.554671918081159        73.930532312933053     
