  -55.215715642624247        85.566141476343120        31.381678665068925     
  -61.490710668243402        85.390654031476913        36.330433512593125     
  -68.419466234695804        84.558017839584480        41.119785069336110     
  -72.980364779225937        84.363389181487378        48.197061386582227     
  -78.781183148992852        84.253799642190501        58.294135334292847     
  -85.666059137896497        80.004940645670231        63.666405430051292     
  -92.958290400448064        75.452406039496680        62.828375968609052     
  -90.767709611765838        67.416251903451226        58.353524119225092     
  -84.638214537971763        64.776965909443376        57.954294060143894     
  -75.118338361015844        63.701007869515905        56.371337775326673     
  -67.716415504027779        64.191978271007216        59.153987263264675     
  -60.867000956049537        62.810446099642782        60.983756067762371     
  -51.934343258822679        58.302200210973467        64.289100450012867     
  -49.087928384455154        55.701570869771544        69.594199695848587     
  -45.243233328119622        54.478833069764576        79.337156039395538     
  -43.562222919356202        55.728957418433957        89.611837328466194     
  -49.601139321204791        57.951707585628242        95.585282983919939     
  -60.221137126852447        53.692580632128482        97.423984567620536     
  -67.826513407818439        49.958329661480015        102.78521413352709     
  -75.845889581794950        47.120433618457298        107.38697124054420     
  -86.699327079337550        47.921311492032558        111.13489297370620     
  -94.165570204257634        51.577637951902645        112.11301451538162     
  -102.94143631380197        48.209942716938713        111.33830713129521     
  -110.07609172771747        41.887438204565250        111.90567185735387     
  -118.73944704759866        37.735610703683264        113.94578996403928     
  -126.81981363831861        33.278689448509752        117.65917909492761     
  -129.31446536220710        27.303851627243876        122.48471441333065     
  -128.07964387772648        18.685626644970345        127.62028244692161     
  -129.46395055195609        12.976386669736899        136.00310182911161     
  -126.28472952014309        10.100293991658818        144.88548734679634     
  -125.99080255178184        3.6698676254425804        151.86757097652969     
  -124.79431713297262       -4.6709561230153698        154.43967880118339     
  -126.91942110493200       -14.903458304700679        153.14166817205165     
  -124.52826662732409       -22.469880709774102        155.69552229786677     
  -115.91483522034605       -28.863700926074813        151.85192380807268     
  -109.22784570943756       -33.385429673623378        147.53907019136221     
  -100.30885782259648       -38.253463616235990        142.31594641275538     
  -91.645335250120340       -44.281000880190582        139.21936628599929     
  -82.336315281172020       -44.861885834975361        144.45747706957411     
  -73.882199553449865       -37.125599042361173        147.47031509047164     
  -65.954931211531942       -29.774685814794744        144.55804206839974     
  -56.836484467354019       -24.414364001492146        142.07715835067779     
  -47.848178354121117       -21.017132673473153        142.28072446549413     
  -36.050907437342545       -21.138929893203759        140.43712246055318     
  -27.200164550521173       -21.878960164195021        134.78628410946857     
  -27.038577398521298       -30.108109285259999        131.62706857430800     
  -30.998079669706456       -41.724960427762106        130.45192916016944     
  -36.213775542677041       -48.930635367928382        133.62939363542827     
  -42.002431940202229       -57.112633780565645        134.06740742891526     
  -45.782450044255981       -66.544425597401727        134.69811343642544     
  -51.865711587365844       -70.450367413497105        134.89066299592997     
  -59.352357089219211       -75.968021127091646        135.71918841841867     
  -65.455119875965863       -83.920592373907667        132.47589434700765     
  -65.688406975736086       -85.667725220827194        122.35561060599333     
  -64.087243477129718       -84.757356347307180        112.79469243089265     
  -57.256278994888753       -85.281200702263163        104.18195766375027     
  -50.943500324986417       -81.106162740064732        99.021466775094183     
  -42.416172602537536       -76.957874893561964        96.625742971581175     
  -32.123240899304307       -73.039475084369201        97.240016252235094     
  -22.401409181251928       -69.829043945691538        96.765721304947903     
  -13.089377657191324       -63.713773288967474        99.078883752657518     
  -7.1994372386644585       -59.042633306397107        101.16269579810591     
  0.60709206600825527       -51.732137913310233        104.80766297898469     
   9.2713904092689283       -54.954951405962881        110.03066994112126     
   16.135013134960442       -56.215447728308845        114.55142996147180     
   24.816216803477154       -50.818206158597832        117.12765450280334     
   27.810299875227084       -45.192402784505909        110.85578353071199     
   28.849464790830066       -38.046993620334327        102.76487691774894     
   28.713308364481275       -32.299419302475854        100.14100423737804     
   28.951915637904214       -29.376823273599094        91.764396763437162     
   30.449902651081139       -30.190513082030865        83.709999813582101     
   36.498042805797766       -33.259182541601291        77.086230242986630     
   40.494036547211088       -40.920000912346296        69.739716011229049     
   44.144438246800974       -48.347406895729321        63.966863403308345     
   48.313387359396991       -50.497175904970042        53.459299041484819     
   54.862246426873526       -51.223312983240035        46.788095676348220     
   50.422119155439752       -52.356984266906977        38.962972178949634     
   44.679433599734402       -51.761073991429214        28.955517460042476     
   38.456487119081203       -51.471551452351449        21.979516077339955     
   35.269551397342582       -49.978589668129274        13.283314149359283     
   34.060515142776786       -43.547981248742687        2.6372764160617437     
   31.110608300711078       -35.703325615814528        1.5355209298716039     
   26.846153301034793       -29.888627143194032        6.9803500456264427     
   21.886564592252761       -23.778061194975809        14.644809264323047     
   15.868342608887609       -13.859898361338429        15.168870070085552     
   10.382544596802811       -3.9660853840577417        13.225989450944262     
   6.6080567454516306        2.1268905230236350        8.4245758024878921     
  0.99906830191757123        9.4944172050752282        6.5190581929109008     
  -6.1077881165352013        14.655943493286447        7.3531967755727461     
  -10.788234391170077        21.098683636413373        1.8554261441459365     
  -15.766625539004252        28.693735376685133       -4.0999314278208772     
  -23.444912060084235        33.287517363533375       -6.5568951613571294     
  -31.341087892906305        38.674386524221710       -9.7793860204493388     
  -35.883218410166506        47.640949296992176       -10.951613518102210     
  -38.868954657155086        56.380816422054004       -3.7707218038190522     
  -37.165573046308658        60.469037175154909        2.9035702457031096     
  -36.491617775328756        60.227577823084978        11.688969959752104     
  -43.290409170881418        64.807114130849911        18.051892950320905     
  -47.339302120879125        69.992421407729594        21.536604181011494     
  -52.201149766880668        77.303202664973682        26.909345078960587     
