   57.350122765863347        32.064736699192494        0.0000000000000000     
   52.608166866058660        44.041550144450341        0.0000000000000000     
   45.036675846055587        54.462813493594460        0.0000000000000000     
   35.111394332760625        62.673720443502440        0.0000000000000000     
   23.455964266448106        68.158349512774109        0.0000000000000000     
   10.802739184047972        70.572081285842899        0.0000000000000000     
  -2.0532322469993947        69.763252118283006        0.0000000000000000     
  -14.304162060515878        65.782683721371001        0.0000000000000000     
  -25.180279280350135        58.880489847056339        0.0000000000000000     
  -33.998197461841308        49.490360721068299        0.0000000000000000     
  -40.203854375467863        38.202312691025156        0.0000000000000000     
  -43.407325774435662        25.725615329375447        0.0000000000000000     
  -43.407325769151626        12.844225417638359        0.0000000000000000     
  -40.203854359947776       0.36752805861682702        0.0000000000000000     
  -33.998197437060355       -10.920519966335117        0.0000000000000000     
  -25.180279247865393       -20.310649085088812        0.0000000000000000     
  -14.304162022368477       -27.212842950480557        0.0000000000000000     
  -2.0532322055862675       -31.193411337341736        0.0000000000000000     
   10.802739226124640       -32.002240494354417        0.0000000000000000     
   23.455964306544526       -29.588508710904748        0.0000000000000000     
   35.111394368357352       -24.103879632070814        0.0000000000000000     
   45.036675874916021       -15.892972674019980        0.0000000000000000     
   52.608166886369347       -5.4717093186640859        0.0000000000000000     
   57.350122776348080        6.5051041304840975        0.0000000000000000     
   58.964589016513656        19.284920436580460        0.0000000000000000     
