   2.1116390543708947        24.777656854112649        70.608637356020765     
  -1.9143933117949175        16.962963546115621        62.561765817012301     
  -3.9012471078451716        8.9019571087517484        54.890723997494433     
 -0.94764202225524896        9.1683023420550764        45.439713654208674     
 -0.92545552838546086        14.963964782129963        34.846385119909627     
 -0.16303515506978300        21.495238918083150        23.052680099703029     
   4.1928633768206254        25.676616921643554        10.074888857056717     
   9.3945323784240067        24.486698688492510      -0.97294361444347055     
   12.778784056360633        22.865506649132797       -10.698864389486703     
   16.743086368440537        25.387247566850473       -21.914469558202939     
   20.494771307791307        30.862988204499796       -31.406204928990640     
   19.849377423019828        42.570563573408911       -30.594265962562261     
   21.079725605255302        50.788898370248447       -24.486304819057999     
   25.665207406479105        56.871982491811451       -13.994416456101524     
   26.811206935691647        56.856271211536004       -7.4765113640378580     
   29.038779988579805        44.520261348592634       -1.7383887617889386     
   31.446254736519556        31.895296631517198       0.35977634598419572     
   31.066610639175209        23.777776555990691        9.9985740741977907     
   31.113380684631871        17.986858581370324        22.288601579359227     
   34.135754080432015        24.285005846983381        32.441470094239754     
   35.716767872615755        31.084463062913006        42.050971365895002     
   35.524567781858003        40.201422444851353        51.912653406590081     
   31.517165089837203        38.706580778631000        63.002343777277389     
   21.880639670245667        37.022932826947709        69.329607316067964     
   11.303004743209648        31.352305665866190        70.820712173801695     
