  -3.8947954439403731       -8.7626329787626318        22.932128212349827     
  -15.324748057049769       -12.692201086930291        29.528536414851867     
  -25.475037365865234       -16.791736503073270        28.189120248784640     
  -35.035443353444229       -24.596781371013815        20.209858145932337     
  -36.037158481913480       -29.784137794546123        9.0739795371893042     
  -34.211182318389064       -36.048973768371830        5.6473174344994153     
  -27.401429829842435       -42.035008232022925       -2.2859207212575070     
  -16.411691283245968       -46.571736362705785       -10.723407494277781     
  -4.1544257840934415       -51.067765205324058       -13.319132171039746     
   5.3729040127990029       -46.234040298799002       -10.451230737049565     
   15.021606533884208       -47.614027203444351       -4.2552233836192705     
   27.902628303273875       -46.693730307418321        1.4633529347981578     
   39.311601323784785       -37.702868369211025       -1.7254284325876517     
   42.960413431122362       -33.762316942150619       -11.447905931718825     
   54.370910793423597       -30.285507766271941       -21.269175126437254     
   65.898095379436953       -27.678520135167570       -26.331532278668291     
   76.222697896145561       -20.155196958836964       -28.807267397112678     
   77.816943259964546       -8.3657171693606429       -26.312082752470847     
   69.088761905793334       -1.5536837909624341       -21.515120346230795     
   63.264278079831783        1.4391871332877213       -9.5250718793970410     
   53.138148909693108        1.5460299884993922       -5.8932039271751577     
   38.020298068133094        6.1728292957507147       -3.4636612844220944     
   30.660352912921638       0.32552835256218893        5.1446686437171678     
   18.415698287239348       -3.1119224564004413        10.974581503329755     
   4.4359501241618382       -5.8339470629626149        13.036246921793351     
