   7.7585253576295088       -7.5279543440543844        24.577718588548013     
  -5.0466189111533071       -18.147884663792652        25.484747022454286     
  -14.224463796498846       -23.802617524989572        30.323659956697792     
  -23.093447047400460       -32.264721473666512        25.567354236506695     
  -26.903719788442125       -39.912805274431747        17.519278135630355     
  -25.664252676475115       -50.275693823094223        5.3398322126545734     
  -20.602725609420620       -55.810401030887910       -6.4293966020181577     
  -13.697415720867594       -55.508582209819217       -17.189254318393125     
  -1.9477608065866665       -48.876658113258756       -23.290150535055524     
   7.6849360598185257       -42.385850718491525       -17.470630965759273     
   15.187740511860476       -30.813682318160456       -8.6174450002669367     
   25.447261228263656       -28.135674735120880       -8.8228110099983414     
   36.708489673858921       -26.857095997991109       -14.896700056117357     
   46.691610392328620       -24.449837043223468       -15.181634696407452     
   54.252236852516035       -23.458356444734257       -16.951822503083896     
   58.219179677433182       -25.861556843475064       -29.912488530058667     
   61.501270659484149       -20.634145992994114       -41.372792200034965     
   59.578393601110776       -9.2090254040887221       -42.287623498019400     
   55.624334568081593       -4.9746006509133602       -29.242170847899111     
   51.648798735928530       -3.0629156192265601       -19.695837338879898     
   46.347556637811877       -3.8901093031926157       -7.6331802082953368     
   40.554826245634999       -11.623759660735134       -2.6449743571548177     
   33.262978109752233       -13.399477245004475        4.7940524554924746     
   21.346283000534171       -15.247025840588512        8.6561208789424988     
   16.974359923927764       -8.3364840620885428        17.844642007424888     
