   9.5092247821854965       -27.805815428244927        24.591437755069546     
   5.8641456653580910       -35.698102060956849        33.466551791668984     
  -3.9443122513130233       -45.183866907750598        34.476209798624659     
  -14.137807253454406       -56.679797221162019        27.879203644381935     
  -15.410562034886301       -58.570039012915117        12.790472793649288     
  -15.207883684042869       -65.070715388217380        2.8022424025001325     
  -14.148884412423294       -66.826716227386015       -11.894900074746218     
  -7.6594934620441641       -67.975739048938934       -21.613233009894891     
  0.57202472882126010       -59.256756667120030       -19.323402573520664     
   11.042847238481075       -58.419186803737958       -13.701392528946364     
   23.550473409652749       -50.669685549519407       -8.9891494192920920     
   32.772102398533271       -44.615279645807099       -4.9700870527393537     
   43.060622568110148       -35.178415941847774       -10.306978776509389     
   55.448599058989210       -27.659852634135408       -16.730814626071854     
   64.256284619136750       -19.758724456734200       -23.209066109258767     
   72.521369810717275       -24.573369948456406       -31.994376046988179     
   79.167520729803769       -21.120501257881173       -45.012923891843840     
   72.534655279464431       -10.593688149713733       -46.806935045899770     
   65.198471389921679       -3.5345240809637275       -42.645321145407060     
   54.764709227817413       -2.5605232311380397       -35.603582464879189     
   45.959708325245771       -7.1746275983767989       -28.047761852271972     
   39.567691567251451       -6.2235733851002601       -16.995009480356941     
   37.813347477991670       -13.869645420735324       -7.6372989042210175     
   25.888366699207239       -21.864062466991175        1.0952873010766888     
   14.826868977508340       -22.893071131381198        11.880161084869911     
