  -6.1752936463629888        46.446270794078913        72.613531221483882     
  -12.283736766883377        42.778172140762422        63.875623104247097     
  -21.478091640764887        39.615650525028286        54.847555008636775     
  -22.372288113157051        31.472211486621291        45.485629441463260     
  -20.781087432998419        24.257159103427881        32.488154190525300     
  -12.650170483954723        18.816691570336125        24.275155937746828     
  -4.1663281167614956        17.286586933824537        16.455460772035256     
   4.0737217569085278        20.562929388549620        8.3774952682423365     
   3.0944298531766767        31.017010485121261        1.1009792694197640     
  -5.6900812559995266        39.523092122083085       -2.3299133184240883     
  -10.121935184506968        51.061768516676928        2.1671306079060164     
  -6.3749506946757952        56.633489559819949        13.967856101596285     
  -4.4888698095967063        56.956657586122333        24.755154118777373     
   3.6388894547348141        63.493549051459894        34.486691394973619     
   13.812862146667850        69.707583276761241        29.267140354000855     
   22.251731311382017        74.703595412294149        23.372182731483086     
   34.154773516025656        72.084003835518558        18.661672779396859     
   45.752430948926964        67.729388943503267        21.602367694392775     
   49.452656368356294        58.010299211304137        33.018440679379644     
   46.144738401695179        51.464886433474518        39.594016140890687     
   38.759627274886640        51.665699961253274        54.365688571612004     
   31.556903341000222        51.768914640126312        64.817814216914925     
   24.571903243241835        45.995029421942775        77.542624546985493     
   16.356906791525930        47.609146383110776        79.309615073731521     
   4.9581660212137182        49.523107688724899        76.802804670545342     
