  -4.4459018874376266        55.229995111436757        51.838589163798247     
  -12.932096748734329        56.445616625400156        45.821917513134828     
  -19.336630097990579        60.798160137758813        34.254390632941742     
  -24.922564656836073        56.475056054049269        24.984720166173673     
  -29.072930284107382        49.089578625106810        17.484521142825052     
  -26.558833678790581        35.183658361214789        17.631720256233500     
  -21.368747347522373        25.169908066187368        7.7528726357685525     
  -23.116120543180863        24.765808518266017       -3.7480514723905078     
  -18.638706527544947        35.638686135500308       -14.410176281664084     
  -17.303360703179909        48.360952494649901       -14.275390440317246     
  -13.652476626981512        54.162207642247594       -6.3147835674438610     
  -7.7314658600601707        62.822402111700754        6.5557206304590157     
  -6.1934996915727201        75.465742779544314        7.4680631406585567     
   2.5761007007834169        85.560300511283643        14.941354025836615     
   11.119542582447343        85.980216551237604        22.276494195634431     
   23.909928918168561        88.982590520543852        25.542912413466709     
   36.142944412438048        87.990941600023007        22.222103196734736     
   48.139896404560432        80.334672815546469        18.210185883851391     
   54.117982351435209        65.429259468112875        26.296363185152085     
   51.527863643192823        58.145386686210031        34.715115344151990     
   41.117427619196690        50.634307476122508        45.253879903079131     
   35.832756402213157        43.991082013039318        51.952721484609974     
   30.741674225165852        43.282020989248210        59.155136154891792     
   16.617536127506774        49.968599024777816        60.719947222103642     
   7.4706839222946719        52.529703162416041        57.004961747157779     
