  -9.4691136539557359        49.335948686652159        57.911170861993092     
  -13.134640454087023        49.524782347446617        46.199716665117123     
  -19.442086662123614        51.508624413056545        33.673920567735571     
  -29.179380587969870        47.429278239821173        25.536951674749993     
  -36.139241943321892        41.875418916219147        15.378382254451088     
  -41.859857856668825        34.491219741151646        8.1930198630806661     
  -39.680704320220464        29.174564045665129       -2.2238725429561672     
  -29.379718838386257        28.172497213644828       -11.766239353853553     
  -16.909350114166621        24.204820846804363       -14.758356906350453     
  -7.5083855939015560        31.680155825432514       -10.042928822834551     
  -4.9755284019184067        39.669757404923239       -6.5882975472927656     
  -1.7016069974270287        52.855966226339156      -0.44584009508097466     
  -5.1135008325427442        61.873478411565500        6.8437968173584061     
   2.0092602647561097        73.734619743827807        1.2805708006154541     
   12.194367393922029        79.872215785013211        8.0290030157262091     
   24.750786690838030        76.331333515000352        4.0754747334097186     
   33.964769488631738        70.080945992185718        8.5058222564932127     
   45.998263631717336        64.008076589941680        18.022193544746315     
   52.192011652477184        63.284442044405154        29.437836264221950     
   55.837685218730499        58.762776254897211        41.424205194966618     
   51.951037051246388        54.005253595989451        52.732133944237589     
   38.468920559706277        56.578597879602903        59.722555251112311     
   29.088301778620949        57.359445689374091        65.952248813936819     
   14.183692938390353        52.153690528552353        66.414982183147103     
  0.25426294707140812        49.503267509652218        64.844684184366002     
