  -11.466490019357559        61.030446743542811        59.557134985864749     
  -13.606178898957397        55.121668548857279        46.861644952446383     
  -18.839652368210508        51.198769713338081        37.615057190790324     
  -24.594101683163309        44.342666820977847        27.460053549549553     
  -31.204803604119483        40.075662476405654        17.991912361684072     
  -37.222558310023679        33.836820142141526        12.563286383046938     
  -37.827994147600052        24.170026535057147        1.9766073225277103     
  -31.535565019497881        22.655764933079979       -9.7727354205209913     
  -21.251999565880624        20.686180008767817       -8.2529878218044423     
  -10.455474973318529        26.028679097510487       -6.2725941106306990     
  -5.7426353480426782        42.796449477106350       -10.190397711578592     
  -4.6078952103783024        56.279586535259007       -12.599366089394927     
  -8.0951992127582262        67.210556470987612       -13.390748650914668     
  -1.2038109706457198        78.849828111302500       -8.3995517233358363     
   10.275309149056145        84.819073173289482       -1.2561661329302574     
   19.882661239369366        80.367573227876264       -5.3531452177066986E-002
   30.223339575599763        71.850774641818077        10.635918759260194     
   34.317704340560908        63.808926960539459        12.937465008520565     
   37.257765894100928        60.981453202962534        23.790770434169055     
   41.562077260287147        63.960881305185275        37.102896848016087     
   43.390626744492778        66.669519217540170        48.139341759797759     
   32.700556692922433        70.611665694695418        53.458284589875177     
   23.664003011059272        68.767391959279195        63.092283212755426     
   10.569709368663464        67.778234739807374        67.328206168288375     
  -1.0622724769373644        65.345781659288704        65.872827882762010     
