  -18.774328743194015        57.326149497948514        53.282505144497549     
  -27.322952184075515        58.575147308531776        42.118172807749708     
  -36.096086050611888        58.424997026166530        40.740657548848880     
  -40.527561640333722        53.505851870652620        28.213802615394425     
  -40.876725253639698        44.476068164872970        16.712682866245121     
  -40.858825894313505        35.680144824782204        3.2688944671251194     
  -35.959437126757919        32.047237300911448       -5.8433249030849357     
  -25.471207612282925        30.354132108702188       -8.7123612814561255     
  -16.483094178178543        29.536212089365527       -6.6510957335272192     
  -5.2676026675387302        31.630202446237362       -13.446535275328539     
  -3.3008608925246739        45.292193730384511       -18.766359846312042     
  -6.9288720286029397        61.914673725963198       -17.752747537340483     
  -3.0984994965824697        74.999222803044631       -12.710555971645165     
  -3.4355011027503508        85.859611169441180       -4.4363240923736686     
   5.4551280254874630        93.389897943687629       -2.9297397893826069     
   14.887279920524700        96.962999473088146       -3.9617606219280015     
   28.549142246492067        94.342036407280787        1.2331218777463817     
   39.561648771317486        93.586339546907780        9.6131828829223895     
   45.356388619493735        90.801169130210198        20.882266852998605     
   39.255485575314850        84.713373191500011        33.322052181019018     
   30.236116667482953        78.962313690248948        41.579104117452594     
   24.383296526196858        72.350988535281786        44.977491009261662     
   11.996729857564112        64.656785149624881        53.440528206270265     
  0.97867496687510602        62.290161408947142        59.564581793851005     
  -12.432615001664777        57.931729793913192        61.391229305708670     
