   2394.7495061791678     
   2075.5321963464285     
   2640.7845597463233     
   1961.2462619521571     
   2640.7845597463233     
   1802.1366496022381     
   2640.7845597463233     
   2640.7845597463233     
   2640.7845597463233     
   2094.3027120995307     
   1546.3603901587483     
   2640.7845597463233     
   1704.4703771320251     
   2640.7845597463233     
   1732.2652129959106     
   2640.7845597463233     
   1428.6512144509775     
   2640.7845597463233     
   1341.5172380671020     
   2640.7845597463233     
   1515.0260081265512     
   2640.7845597463233     
   1266.6947543749184     
   2640.7845597463233     
   2640.7845597463233     
   1625.7512541693150     
   2640.7845597463233     
   1949.2524189722119     
   2640.7845597463233     
   2640.7845597463233     
   1802.1767831843690     
   2640.7845597463233     
   2640.7845597463233     
   1876.5338414132107     
   1848.4939162721766     
   2640.7845597463233     
   1958.3830945500754     
   2640.7845597463233     
   1501.7442039771452     
   2640.7845597463233     
   2640.7845597463233     
   1995.1202200404184     
   2169.7479985866671     
   2640.7845597463233     
   2640.7845597463233     
   1913.1592505360873     
   2640.7845597463233     
   1920.5772299759219     
   2640.7845597463233     
   1896.6907121463234     
   2640.7845597463233     
   1996.0516910798403     
   2640.7845597463233     
   1910.3126174160834     
   1977.9817760860844     
   2640.7845597463233     
   1713.6987801651940     
   1738.1890218301610     
   2640.7845597463233     
   1820.5316018833191     
   2640.7845597463233     
   1877.6553440745413     
   2640.7845597463233     
   1668.6144596075474     
   1954.0340166086346     
   1964.0012276975874     
   2640.7845597463233     
   2640.7845597463233     
   2057.2590975791441     
   2050.0008137183213     
   2321.5903119131867     
   2640.7845597463233     
   1792.0556762413285     
   1844.5208195194937     
   2640.7845597463233     
   1762.3757058203994     
   2640.7845597463233     
   1401.9961772295437     
   2640.7845597463233     
   1425.3793305493120     
   2640.7845597463233     
   2282.0059584698115     
   2063.6492183728460     
   2236.5734095353455     
   2640.7845597463233     
   2640.7845597463233     
   1987.2411210658640     
   2640.7845597463233     
   2275.8459832840836     
   2640.7845597463233     
   2195.6964877981195     
   2640.7845597463233     
   1821.2146371507154     
   2640.7845597463233     
   2082.0571532836084     
   2283.7907218361547     
   2640.7845597463233     
   2640.7845597463233     
   2361.2427223903137     
   1824.1332412961776     
   2640.7845597463233     
   2640.7845597463233     
   2073.8895424369066     
   2640.7845597463233     
   2151.3225333481846     
   1831.8159955446743     
   2640.7845597463233     
   2640.7845597463233     
   1666.3341707063501     
   2051.9056121157523     
   2640.7845597463233     
   2640.7845597463233     
   2640.7845597463233     
   2243.2287075194604     
   2640.7845597463233     
   2301.0241052068386     
   2006.0677319384233     
   2640.7845597463233     
   1889.6302453556564     
   2640.7845597463233     
   2004.6966101101616     
   2640.7845597463233     
   2640.7845597463233     
   1973.0399733123015     
   2640.7845597463233     
   1849.2583053011660     
   2640.7845597463233     
   1799.5110100690226     
   2260.4612337557646     
   2640.7845597463233     
   2640.7845597463233     
   2167.7344208011200     
   2640.7845597463233     
   2185.0021209313204     
   2640.7845597463233     
   1899.2424155657122     
   2640.7845597463233     
   1791.4869539423794     
   2640.7845597463233     
   1921.0271099756603     
   2640.7845597463233     
   1775.6494536327548     
   2640.7845597463233     
   2640.7845597463233     
   2640.7845597463233     
   1604.9598397137127     
   2640.7845597463233     
   1811.7198652220313     
   2640.7845597463233     
   1606.3975967937097     
   2640.7845597463233     
   1856.4731971594738     
   2640.7845597463233     
   1988.7978001957381     
   1931.1377168339254     
   2640.7845597463233     
   1474.1287801861833     
   1972.1847396576279     
   2640.7845597463233     
   1558.2856452761230     
   2640.7845597463233     
   1914.9167983629541     
   2640.7845597463233     
   2640.7845597463233     
   2640.7845597463233     
   1535.8417196442454     
   2640.7845597463233     
   1805.2554221734065     
   2640.7845597463233     
   1732.6724219264217     
   1868.5528997776480     
   2640.7845597463233     
   1900.7365405690553     
   2640.7845597463233     
