   9.8777024568997951E-002  0.25457279116702652      -0.96199573461356369     
  0.79503613429253428        5.3750667944467138E-002 -0.60417581122111219     
  0.68896251095253136       0.26221856008674571      -0.67570118043998917     
  0.46505551020038960       0.48003013075302392      -0.74383764760964688     
  0.19261612283963608       0.92223596277885833      -0.33523105193217601     
  0.54904091556339907       0.81873819198042175      -0.16799358925242958     
   4.8126686862661743E-002  0.99267414175417656      -0.11082359994252813     
  0.25911198876211838       0.94749277465478765       0.18739909086412959     
  0.63674090383352777       0.61162558605018458       0.46954782916548304     
  0.40918071353477509       0.89588204368022528       0.17310836918680142     
  0.41324091885227643       0.77451421490123440       0.47891510093340567     
 -0.21464391512083980       0.85027890040053522       0.48057650924203021     
 -0.42211387841594356       0.90484867281732406       -5.5396326136068562E-002
 -0.13557377690733904       0.94839613084109187      -0.28664355918237627     
 -0.79650339125885772       0.57633725043275319      -0.18280514619880978     
 -0.87934240735075864       0.29104805527835576      -0.37689250477193542     
 -0.85760822714650742      -0.39902798885345331      -0.32447618224178137     
 -0.82503734220289360      -0.54760951449103301       0.13941737197954052     
 -0.57533318987142201       0.14105525330656965       0.80566440665267991     
 -0.40722644739496228       0.35891961716839060       0.83984720571887084     
 -0.96665242767740855       0.17988232201877408       0.18227845262269032     
 -0.87777484511731851        1.9764427942436977E-002 -0.47866552901518572     
 -0.71908099387888302       0.21923119429820181      -0.65943931312043580     
 -0.49533237725830948      -0.20428966934424145      -0.84434090688468855     
 -0.57256099469871402        5.1040439785817515E-002 -0.81827182577435520     
 -0.64596821298527440      -0.38177976463969643      -0.66103651875238456     
 -0.82463794115669797       -4.4654579072861370E-002 -0.56389558836071085     
 -0.59731329799652522      -0.27958141314388357      -0.75169878106924293     
 -0.82165460296498871       -3.7111268778465198E-002 -0.56877628919997958     
  -6.8511841754026193E-003 -0.94859900641613037      -0.31640636261257726     
 -0.24972385756173224      -0.93668477549907692      -0.24547836220881891     
  0.10699317896207716      -0.99407247169261637        1.9297167629151013E-002
  0.45304759159812508      -0.86838565363310094      -0.20162895702588868     
 -0.18869775782257941      -0.91981474543891983      -0.34399707886240100     
 -0.30514686455960449      -0.78516530092355907      -0.53888852397787701     
  -6.0108991154302453E-002 -0.98986018481508697       0.12870013092556495     
 -0.15034079898178221      -0.68705580096481622       0.71088112263733239     
 -0.39766017818578009      -0.55569429102349299       0.73011659179144495     
 -0.52632181948778212       0.44917259790295322       0.72196213171065393     
 -0.60289978736974592       0.71307491054575678       0.35782121001931194     
 -0.58098111715044309       0.79539939790008862       0.17262890642884271     
 -0.36242805250679944       0.91318732028251826       0.18637281140601270     
   7.7869259889409029E-002  0.98237938660710378       0.16990326404674982     
   2.1815024379953141E-002  0.83244456870913330       0.55367873784169475     
  -3.6316590106062682E-002  0.92959043144373232       0.36680067482399475     
  0.12209458518169289       0.96527205982582664       0.23096052214377893     
  0.71536819679271035      -0.21143974918294275       0.66598917069498476     
  0.93256779632282161       0.10587865600982908       0.34511884252116892     
  0.49761248558136678       0.65007750348395299       0.57426566470371654     
  0.61546441131177720       0.69082805905914135       0.37942081021633800     
  0.48160845354511816       0.48939854054258547       0.72700919250629459     
 -0.30293629358489482       0.80757168592574546       0.50602131785140991     
   5.8906409877640259E-002  0.49543662673475192       0.86664443906657140     
  0.39091451095088747      -0.27497900238367295       0.87839193608326260     
  0.29674438295043004       0.10640582058984660       0.94901031213152076     
  -2.3520338411266523E-002  0.16301877111804713       0.98634257433417805     
  0.13617092438791276      -0.48447041911386673       0.86414460153088468     
  0.14935537627341913      -0.45886554879588232       0.87586264888193999     
 -0.16089155291748727      -0.72194764869860428       0.67298254118391165     
 -0.66372951970560456      -0.68612298194866839       0.29782272967863882     
 -0.73147742360749934      -0.18676629616025178       0.65578893660317206     
 -0.29221208461977510       -6.0947120270281013E-002  0.95440952747388808     
 -0.49120131977278625      -0.57823093140498705       0.65143706788913369     
 -0.16976504472500639      -0.98404498338723467       -5.3247537595003017E-002
  0.11690831677119096      -0.99309569971330069       -9.6631610082688960E-003
 -0.10481324481205766      -0.93087625894416792      -0.34997653385058308     
 -0.21482776244723054      -0.90221400565824628      -0.37397716571471418     
 -0.63075731936601465      -0.75515299791972923       0.17857534488008836     
 -0.57520006092112597      -0.81569201878740394        6.1574510983553057E-002
 -0.46098287660018272      -0.76818189934454517       0.44428747112745159     
 -0.41597184716236857      -0.83567812738403824       0.35862165269296170     
 -0.35039000111228152      -0.79894708454475394      -0.48878461843431154     
 -0.31701501142256006      -0.91876828309931680      -0.23530049830692468     
  0.47139982069512198      -0.85271268166989966       0.22508507628880556     
  0.83775026676579933      -0.52764138099209701      -0.14060250210638481     
  0.99774220906181232       -2.8269902594118719E-003  -6.7100613875887227E-002
  0.88365692306745514       0.46416259913369246       -6.0856584527990226E-002
  0.99759388823026829        5.9345981012124439E-002   3.5839764275492722E-002
  0.81315827060549684      -0.20738088469591884       0.54384445902170619     
  0.96778938757858879       -4.6089211720718518E-002 -0.24750653699088010     
  0.88992276915507840       0.18624530933509501      -0.41635339519454145     
  0.70109583013852728      -0.33238077051700821      -0.63086263191989100     
  0.46204061730570606      -0.51611857477306888      -0.72120737983882111     
  0.76226342283936488      -0.48964651412620414      -0.42332111381935650     
  0.91839313953435164      -0.39150888794907990        5.7226147110349429E-002
  0.84546618777597005       0.13655616685944971      -0.51627447992342901     
  0.78972863121060399       0.24834645418735310       0.56093914798201183     
  0.80289167997570443       0.57480838597477790      -0.15798819461862429     
  0.89134264559915344       0.42108116064800483      -0.16792541285831214     
  0.89317083193604507       0.21587668533549781       0.39451631361355105     
  0.66151776645376259       0.26556498852291455      -0.70133407270489911     
  0.76575969516212450       0.22855439444431613      -0.60114472304545441     
 -0.13234178960239179       0.47976338049515010      -0.86735964251323550     
 -0.35472729464687514       0.59404258263969090      -0.72199858479311319     
 -0.54575787680484267       0.27449124799904800      -0.79170884463757862     
 -0.24079900831106166        2.3288023566820679E-002 -0.97029557638625652     
 -0.92031841550661997        6.5728216654241375E-002 -0.38560837077896015     
 -0.76513552813152275       -7.7945718641883863E-002 -0.63913385807377321     
 -0.43553837591592970      -0.26501448279819423      -0.86027533209529428     
  -4.6182961108258563E-002   8.6033861830344477E-002 -0.99522123606853641     
