 -0.80933264742783739       0.23987392865741741       0.53613539722527981     
 -0.99501117023919550       -9.5793637623673489E-002   2.7863059596266306E-002
 -0.74540771336790246       0.39169966143473689       0.53938735254319303     
 -0.50350545020127713        1.9453098494906076E-002  0.86377302491833130     
 -0.75634056380274672      -0.15118153168899912       0.63646924200838051     
 -0.88799164280409981       0.35764506518996930      -0.28906893581869114     
 -0.12660115728351656       -4.7385934288138643E-002 -0.99082123524182086     
  0.10964571248131408       -6.5086156682358454E-002 -0.99183749170052726     
  -4.3793520604327563E-002 -0.74602781243458649      -0.66447319782450331     
  0.45930697692110745      -0.87504842455873277       0.15273295528098740     
 -0.10487740446353330      -0.91271732024825192      -0.39490229595664883     
  -1.1553036138052600E-002 -0.89687026529469216      -0.44214279886277263     
  0.69090616703761665       0.38585198531844339      -0.61136479598942695     
  0.20723764830113750       0.30351614283672856      -0.93001640209413960     
  0.23170804183791474       0.43387574990920180      -0.87066825886117727     
  0.44516047932047043       0.49282875974966500      -0.74763089905030788     
  0.73485228145638659       0.53554295586717027      -0.41615606070245953     
  0.67607395647160728       0.73665667340256247       -1.6153975123847593E-002
  0.72352865027482771       0.44249965478949205       0.52981161533384968     
  0.92481576902113649       0.35979908639438457       0.12353303525619108     
  0.97661320573784771       0.20703781179570357        5.7982677286362916E-002
  0.74236658275558864      -0.19425811828003167       0.64121419220889930     
 -0.55395314186896116      -0.25902069707574488       0.79122954640225818     
 -0.44877262713860799        6.6284822223593415E-002  0.89118429714280745     
 -0.80216354520792787       -6.1708969012972459E-002  0.59390710543217484     
