   2.7377697352625019E-002  0.93538246000220826      -0.35257639627168258     
 -0.16896666952351555       0.80811014713894336      -0.56427675362472418     
   7.2646195781213993E-002  0.80450115886343343      -0.58949165865680275     
  0.66759191212364100       0.67036891023060874      -0.32392369944689636     
  0.53518492924677474        8.6129076854924574E-002 -0.84033259702767249     
  0.87574228256681041       0.47690486321520881        7.5081329013043638E-002
  0.16884422459611603       0.92858161495591729      -0.33049631191049561     
  0.76760700258727299       0.63863942187315992       -5.4029421693470969E-002
  0.79168898965071477       0.31433930701220086      -0.52385049750186796     
  0.61458275776366011       0.78724008104437837        5.0409212024151509E-002
   3.2671671844749867E-002  0.45072374205344851       0.89206539570159915     
 -0.52619478696337052       0.27212567646091990       0.80564673547610988     
 -0.61182154205384498       0.71615558915285793       0.33585052151815703     
 -0.77592216739622222       0.61462849042627832       0.14204439059495941     
 -0.69563450565172991       0.70769222538529841      -0.12354897278370258     
 -0.59044605118431548       0.80685872283842941        1.8773971887189156E-002
   9.4486148369514328E-002  0.88312621554405446      -0.45952198552969281     
  0.86045499299141659       0.46463662555639718      -0.20911721886947429     
  0.43332699605968950       0.73918361018580436       0.51559218857403677     
  0.56540033073848051       0.76617652439381678       0.30544393833997074     
  0.77518128001729281       0.36771679519265643      -0.51369090087718328     
  0.99729018248169554       -4.8113584308458211E-002  -5.5654064816735876E-002
  0.78694091642802100       0.17070286963586767      -0.59294563355296181     
  0.93250203347379124       0.34827076251596828       -9.5642216326345758E-002
  0.92904778408561395      -0.36778028684999764        4.0098322785135199E-002
  0.97567530191040741      -0.21906460341256587        8.2707178505510848E-003
  0.78137658827472678       0.32015493923064037       0.53567848769800219     
  0.57425829457198341       0.12402868473646103       0.80922450313733174     
  0.65390403055776813       -5.2373297672766911E-002  0.75476258287703457     
  0.35329664720200948      -0.68565986288281688       0.63643698156800976     
  -4.7853814507212572E-002 -0.98730914651937762       0.15142873451336628     
  0.52271824429187219      -0.84007190075198868      -0.14506839301325680     
  0.55416862986666160      -0.77961724794219045       0.29170888979053200     
  0.99275952249260457      -0.11820949632956684        2.1331794997546276E-002
  0.80606021139408157      -0.54818172902257145       0.22307785092480004     
  0.69165353178973343      -0.70853597889282316      -0.13997199211716663     
  0.89973230662879489       -1.0995854314124746E-002  0.43630364151170586     
  0.72239698752978287        9.7528390294379499E-002  0.68456614398795890     
  0.67817427833126431       0.40894612614613757       0.61060847858509848     
  0.79664576258779152       -4.7237459350582961E-003  0.60442800661062857     
  0.80256932641515477       0.55805417147144143       0.21085070073607043     
  0.25505991661923000       0.58856229507198521       0.76716286651130439     
  0.42667268281376658       0.43094328318623099       0.79513414491971079     
 -0.24857786892731618       0.64227778765519528       0.72504364459275827     
 -0.67732389255452918       0.42015382862832917       0.60390653653011173     
 -0.16087118249666502       0.67933117420151135       0.71598157685807584     
  -9.3175426390494864E-002  0.72045629108727194       0.68721253812030292     
 -0.48745153950192288       0.86211218857143646       0.13839642681013964     
 -0.63064633202334586       0.77597345870379431        1.2263575856566900E-002
 -0.83145391178727424       0.43196910629595692       0.34940962176155010     
 -0.92372772348927368       0.37239004602283571       -8.9737096456540003E-002
 -0.95131489744860087       0.30021542603336709        6.9790141595598904E-002
 -0.97353562630783486       0.22560528668713542       -3.6477923847409811E-002
 -0.84389731232711962      -0.44352279325515714       0.30186894194369251     
 -0.42829426086105837      -0.20831393387205702       0.87930047825997881     
 -0.82152364270629719      -0.53868155604363599       0.18687184285754616     
 -0.71169922805671038      -0.70202677435846728        2.5349888900734991E-002
 -0.39851777683806927      -0.91577802929578533       -5.0340665501408297E-002
 -0.43460088990040063      -0.88425952568040411      -0.17090101737908669     
 -0.55510289346868125      -0.83151874040482776       -2.0913202007761096E-002
 -0.14633638200181287      -0.94928857322674376       0.27827480669963794     
 -0.53148388495291754      -0.77909324734168228       0.33247344552899782     
 -0.66732682317263903      -0.73176576859195996       0.13854158578309383     
 -0.40588182641454451      -0.79576907473194436       0.44945691972269186     
 -0.74887015024988035      -0.49570936661880216       0.43984738479508434     
 -0.36428883508924320      -0.87299224832104549       0.32431185454844769     
 -0.10563433454560792      -0.89619765048813682       0.43089576306181598     
 -0.50254332178344818      -0.47249637877332978       0.72401476626995342     
   8.5778617156356859E-002 -0.59435757788265786       0.79961309297197036     
  0.59942822318959077      -0.33498145059017365       0.72696164479581238     
  0.62564106344563442      -0.55230559736277762       0.55093718957095095     
  0.45317052486441717      -0.68064793413400027       0.57563431547570387     
  0.88219535217687239      -0.42205600765051049      -0.20880633851399283     
  0.65381496669419303      -0.71821128604513218      -0.23811454790507244     
  0.32036793876452285      -0.59620487849257042      -0.73614137682473912     
  0.25955664099067588       0.15946177664264513      -0.95247167512089881     
   8.7404345480316240E-002 -0.89640637401503687      -0.43452973778139742     
  0.36947008370389467      -0.64439130322566918      -0.66951602338925420     
  0.13158506199120110      -0.57108652278918781      -0.81027498724158020     
  -2.0511883750237131E-002 -0.45688508238301795      -0.88928920162165204     
  -2.7371029488529541E-002 -0.43985148607415725      -0.89765332781821527     
  0.25717050296720839      -0.49657495249429395      -0.82902150090265614     
 -0.29646554287085752       0.12450861960788731      -0.94689270011635163     
 -0.48423759177871395       0.12566937744054801      -0.86586440178705293     
 -0.62287326728429726      -0.35820450981222179      -0.69549868587421593     
 -0.66081619919289269      -0.71583360519633477      -0.22561959257985587     
 -0.98847488829928787       -2.6481405890773187E-002  0.14905076431795333     
 -0.74013622858646999      -0.59534483610566313      -0.31267057625583916     
 -0.62153178240930151      -0.74039530866390157       0.25595513349734589     
 -0.98155335757980999      -0.18310742939652291        5.4997050135798010E-002
 -0.94237033520104729      -0.28634629230231684      -0.17304320910631088     
 -0.67932748056903225       -5.2381348546153866E-002 -0.73196336552332775     
 -0.71101370515295204      -0.14199831797780138      -0.68869150479453911     
 -0.25732916406428297       0.11571111914922891      -0.95937095965388952     
 -0.18630523182739325       0.28193690082488637      -0.94117051831589549     
 -0.59989073798986114       0.13093434915622126      -0.78929544448516997     
 -0.50304523717172489       0.38322006039210671      -0.77465339002159284     
 -0.35047459644610768       0.71761887834140292      -0.60182281669441917     
 -0.69026585531183027       0.42649800903025009      -0.58449336804097607     
 -0.54253726646299205       0.34486295361190356      -0.76597836635572514     
