 -0.99664988142703381        2.0253923741549048E-002   7.9238831544634514E-002
 -0.80922828708359973       0.56006922788266678       0.17740360583334033     
 -0.81285175076680083       0.53754191488376557      -0.22432280539091634     
 -0.56719292299010071       0.82289913885630250       -3.3603502488699408E-002
 -0.77242917797983024       0.19951541103236106      -0.60294839394926769     
 -0.75098891435543447      -0.29881552654503019      -0.58883353472002231     
 -0.48082614563690701      -0.54458683250046314       0.68719094838267436     
 -0.46484993232933502      -0.25289058403767750       0.84850509304217170     
  -4.1819310229567780E-002 -0.47484962500448280       0.87907279500903990     
  0.57545498014383678      -0.57787419454236322       0.57871666738539917     
  0.44999301961284027      -0.88875624275753329        8.7284725234224092E-002
  0.84344643827311649      -0.48534906826736651      -0.23029196185791559     
  0.80567396377556133      -0.42735084582796579      -0.41019595154544686     
  0.48004490884365547       0.19690541741041725      -0.85485972070726668     
  0.34144247162410490       0.49859798780390474      -0.79675409326158775     
  0.49828099555217442       0.37683173528410868      -0.78084178471332455     
  0.63593650678385638       0.66497786480252841      -0.39164933124186779     
  0.97740835571277029       0.20652163519763905        4.4963544990888532E-002
  0.56587574779650462       0.81128518355730717      -0.14697274916160849     
  0.86320022446826028       0.39089274578033356      -0.31951249392512338     
  0.57836230375938258       0.43430687539993207       0.69056106433138176     
  0.46183409702958544      -0.33629113825627838       0.82074206493343016     
 -0.30345306512269205      -0.81532448002022895       0.49311482389744898     
 -0.84798535965630539      -0.52564665151318679        6.7944297491173519E-002
 -0.66793778191209696      -0.35422010180303742       0.65451297846033252     
