  0.33636144926930367       0.73738841268208777       0.58576386393132107     
  0.79952004862543713       0.38220821919946479       0.46334066195667778     
  -3.0171377115128836E-002  0.67289678699424982       0.73912083048436794     
  0.31922427382547347       0.71016677378590742       0.62750220430785497     
  0.31087277022863430       0.94855954568631373       -5.9940879354791712E-002
 -0.25512665475514806       0.96578481810090844        4.6584065508759487E-002
 -0.41165262344434167       0.24336862806440071       0.87824474293075716     
  -8.0942776046554948E-002  -4.1091605210507538E-002  0.99587135062071741     
 -0.37560277069449016       0.56576201557260608       0.73405442603521209     
 -0.47838812680619147       0.22143136586227108       0.84977229323109760     
 -0.29571767731311166      -0.64768537768166101       0.70217854343600128     
  0.80102856832539715      -0.39379176529910892       0.45086725131592975     
   5.4500929001763107E-002 -0.82417859380403369       0.56370142296533110     
 -0.25691644574284950      -0.86526025935242035       0.43048649629485591     
 -0.71666250555890521      -0.66399385909478681       0.21332371694319974     
 -0.11997765065295449      -0.92244168025213058       0.36702412710529558     
 -0.45331024173585849      -0.26465674831575020       0.85115605520273141     
 -0.52796182295930683      -0.26737916042930093       0.80607983355594193     
  0.37433369846686121      -0.64770775699945760       0.66358793216485168     
  0.33860984444451042      -0.94015166187212607       -3.8186724451391672E-002
  0.48655001083607868      -0.86753384032125758       0.10321881055699647     
  0.27200285673969371      -0.77831102605023128       0.56590316543912866     
 -0.17048846450328628      -0.97632157776833350      -0.13315352137746436     
  -3.0239935025213414E-002 -0.94967315007372843      -0.31177949637308994     
  0.32328303914756107      -0.92611068034979971      -0.19444043905901920     
  0.47520758555836706      -0.86810249616952584      -0.14344269508051213     
  0.62710393147963117      -0.76118948259838637       0.16532159781572364     
  0.51459957952309654      -0.75033897227142088      -0.41494421244943597     
  0.31362965395264075      -0.56155851558956804      -0.76569476538002756     
  0.18281125997855249      -0.21282444687566876      -0.95983633919387312     
  0.13661081396362923      -0.20926100438003925      -0.96827027092337170     
 -0.32648852734136669      -0.18805687708934399      -0.92630440595619412     
 -0.58335147730277825      -0.45779546622197625      -0.67091308307058051     
 -0.83225250613372315       0.19519338422299193      -0.51889816803465605     
 -0.89146014701027676      -0.13863931030742060      -0.43136753230848218     
 -0.97551713168088261       -3.3971685450724889E-002 -0.21728380147806811     
 -0.96379083923001940      -0.23137622859561341      -0.13256039777094017     
 -0.72347324325924212      -0.59839143658368754       0.34425884870441403     
 -0.82136917021285982       -9.8460668827148712E-002  0.56183465798934007     
 -0.70793663676581775       0.61436049171723328       0.34840623493518091     
 -0.80435127012019070       0.58474537493100776       0.10531799823806683     
 -0.96314301625057130       -9.3399416947694755E-003  0.26882763201900572     
 -0.41976013649727140      -0.88520497121533059      -0.20053325595398866     
 -0.48457613474799011      -0.31541567614459826       0.81590374485904027     
 -0.92922686913004571      -0.34443010943803898       0.13381078207417874     
 -0.78305437204859296      -0.46482318410099321      -0.41323753210210357     
 -0.76439836656799143      -0.29151598143547719      -0.57507701202180905     
 -0.73716519310339335       0.16542067450204162      -0.65515149280465035     
 -0.45494143627005168       0.15106295652316581      -0.87761510511788465     
  -1.3658625972681783E-002  0.87805735190746093      -0.47836045896147150     
 -0.19313052234190423       0.98083248882052143        2.5850149208601229E-002
  0.36448453901157263       0.92457406879617599       0.11096761748916992     
  0.83338120347250200       0.52139442828466454      -0.18336744490900775     
  0.99527707604744942        5.7418773372951350E-002  -7.8272768948213223E-002
  0.56091953872577482       0.29926014819053193      -0.77188900418431527     
  0.91241547861434391      -0.16049410623505564      -0.37648324829762386     
  0.77621792481786489       -9.2037352822730026E-002 -0.62371055697081090     
  0.76355276230768143       0.14418840036054012      -0.62944172436674717     
  0.98745251176996707        7.6765673335813259E-002 -0.13800205939200200     
  0.55100182714252099      -0.27423692563556151      -0.78815677063864875     
   4.0091122983993269E-002  -9.9910432645775080E-002 -0.99418841640122957     
 -0.12851468533018187       -9.0075771996421472E-002 -0.98760838947108898     
  0.20849784743241367      -0.50191883191399311      -0.83940820450249998     
  0.46723290270597884      -0.49296924240063322      -0.73394464414960525     
  0.90983912471468753       -8.8002887967187401E-002 -0.40552220512303339     
  0.83458736847613912      -0.37342863614436955      -0.40498762707945979     
  0.76552086219829696      -0.60247415573625218      -0.22583777631099866     
  0.96599862488893118      -0.25541584347013407       -4.0117373008959477E-002
  0.84782182273990037      -0.50264460702437053      -0.16895726061726646     
  0.61113946492549109      -0.27994159508585548      -0.74036562437173581     
  0.57128408816928233       -1.2051710692188106E-002 -0.82066390616011653     
  0.62054096131803171       0.45847231328201909      -0.63618554941174343     
  0.98899415439739768       0.11610541772826037        9.1706567605284867E-002
  0.60766926740773819       0.58400050995772212      -0.53822064789199953     
  0.54096629893846693       0.31079378392546209      -0.78151307556953586     
  0.21463455741491194       0.82888345573658184      -0.51660838511345530     
 -0.25556975359207645       0.57044464815812945      -0.78056197988159448     
 -0.14019568694221721       0.74311718524708537      -0.65431033795384552     
   6.5862908994383157E-002  0.63043455728732223      -0.77344317580334221     
 -0.55979151716446696       0.79051530714160545      -0.24843310263643475     
 -0.67533116945143346       0.57188790506124787      -0.46569521751040310     
 -0.50965943589058904       0.46433457189196276      -0.72432082998740144     
 -0.58345768293373346       0.68011123094873493      -0.44387593510240508     
 -0.74010876990700258       0.46729499420899107      -0.48360562144586877     
 -0.88345221228505810       0.43152874229929594       0.18246954041234106     
 -0.79521344411290396       0.50025405475054541       0.34260977657937064     
 -0.56582609316425048       0.41215909302830528       0.71411883767943418     
 -0.46693494406895808      -0.34791790629956870       0.81297287069344171     
  -5.4380685967622452E-002 -0.38802740322678597       0.92004210519890661     
 -0.61015466794370288        1.8423093350580320E-003  0.79228018218485152     
 -0.39728090131423049       0.48090613965237694       0.78159911098698442     
 -0.39568331253762612       0.71548328121125160       0.57577633720615018     
 -0.10990427808191297       0.73403221089773607       0.67016249001563988     
   5.9570803252061905E-002  0.57279411493879129       0.81753178610466493     
  0.53466310281946483       0.51748313601007956       0.66809173803356248     
  0.47807500669726183       0.34199913013521310       0.80899992766272211     
  0.44477102716115907       0.16196280072601058       0.88087841645660769     
  0.28771737537943698       -7.6684183816075877E-002  0.95464037619268571     
  0.46745846057842888      -0.34956027543335733       0.81196687215224861     
  0.75171936719593668       0.53703389984810468       0.38276962183087987     
