 -0.91552683845364080        8.8113089704638506E-002 -0.39248782337009486     
  0.10902293935352798       0.99119203901552222       -7.5182048967718532E-002
  -2.4164253815533446E-002  0.99907716020618598       -3.5509390193187294E-002
 -0.41383624804371566       0.64909760318397580       0.63828822748498748     
 -0.58154203470839094       0.46805392007573893       0.66538288959738612     
 -0.98805641153534796       -7.0724856224947535E-002  0.13690333208460648     
  0.18655281780862240      -0.43317953794214348       0.88178996029434764     
  -6.4391084091407383E-002 -0.98484972781822799      -0.16101180672828844     
   2.4780222577763630E-002 -0.97726132936607346      -0.21058545698749959     
  -4.8214449446009014E-002 -0.70082820774056764      -0.71169880574563094     
 -0.57720228346641056      -0.73186157519008743      -0.36223771024209039     
 -0.14978108116485483      -0.46095305958365795      -0.87469303449012492     
  0.16276124074025533      -0.49945093801688251      -0.85091570618172274     
   4.1624270104850120E-002 -0.96834671564914110      -0.24611391352332410     
  0.74662524950725540      -0.19526940269137111      -0.63594071828336995     
  0.39490197355069906       0.31809630956758472      -0.86189742378384893     
  0.45990840915652875       0.75874130011898155      -0.46129805406143126     
  0.98699572683270176      -0.14869619343017634       -6.1064533678428165E-002
  0.93144853867530186      -0.35349973034528831       -8.6264479627739879E-002
  0.74276162155920855        4.1638189832007955E-002  0.66826000530200835     
  0.55580914992255237        2.8572701752482253E-002  0.83081874652473575     
  -5.5307179332146010E-002  0.61394600574060454       0.78740803777298529     
  -8.8829865839130731E-002  0.85158930084010442       0.51662841349434874     
 -0.47798873659274804       0.70863365382629717       0.51900396179151687     
 -0.96717912402923434       -1.6124358067109795E-002  0.25358341254703026     
