  0.96585492751896329      -0.16977588998578394       0.19570489561317561     
  0.36693283682793360      -0.64505767360667188       0.67026926751763727     
  0.37848069243979932      -0.53086281342058006       0.75824602786797990     
  0.35800218206657847      -0.45972761931963746       0.81270225400840834     
  0.62890275246010907      -0.35596715899863840       0.69120815219628473     
  0.42364192894564279      -0.80721581843477974       0.41101111725591877     
  0.54329867311013313      -0.51770125469443884       0.66091751579499924     
 -0.22120371601840824      -0.73918556439543559       0.63613962100239796     
  0.49018248269594666      -0.71444182972888748       0.49929350645857501     
  0.75542931379292688      -0.22394427373166370       0.61577229080654383     
  0.84488105952559800       0.10869808018721430       0.52379454237182166     
  0.79066998970128943       0.25948116892335293       0.55453628407880318     
  0.95989870462837479       0.21560877729766589       0.17918518913389597     
  0.98949918334244369        3.2035320905213147E-002  0.14094362127856810     
  0.69244697644719388      -0.68247201099075727       0.23398533933429541     
  0.46401646769439048      -0.84304726398636098      -0.27195593097688942     
  0.69891239905242697      -0.69520055256962254       0.16798110059659321     
  0.98628177096923686        1.4933020620131902E-002  0.16439365300680470     
  0.92758768463429431       0.35019909735573856      -0.13016020715258497     
  0.72160206237563906       0.50364682105562941      -0.47500562440437155     
  0.43806916125364026       0.53967538328257969      -0.71891994730796671     
  0.36803732203062933      -0.17174281238971006      -0.91381230894803689     
   5.8288662784765355E-004 -0.90282758805769470      -0.43000233311584229     
 -0.29825742497118779      -0.15637355839353637      -0.94158898606815522     
  -5.9224291393821710E-002  0.35622390966565665      -0.93252185469904403     
 -0.45279850610373162       0.68343376790071186      -0.57261837008885319     
 -0.89062899036460874       0.17287373437642453      -0.42058848472686605     
 -0.92395440727029099      -0.34355531270751782      -0.16816063866502073     
 -0.92047616204468530       -4.1108737953456473E-002  0.38863055305951499     
 -0.76566462608953545      -0.60861993918679946       0.20818129113688250     
  0.36081074888415160      -0.87403281977423697       0.32539550311448456     
  0.53913173632856992      -0.78594502082232109       0.30270017365033652     
  0.31758294843672541      -0.94609567882044965       -6.3592746280791396E-002
  0.77825945494762694      -0.60414299317225006      -0.17124095475535134     
  0.94062148981571059      -0.22619480078185261       0.25311484546774521     
  0.59747556001363311      -0.71395463981934892      -0.36509139604606444     
   7.6718968341881119E-002 -0.94778539362230974       0.30954328862503988     
  0.42727515209042877      -0.44108916749069138       0.78922512043681481     
   1.5770255001751068E-002  0.21840533318392574       0.97573070541726925     
  -1.2302518715092227E-002  0.80485704581010165       0.59334120356095366     
 -0.21868204814613945       0.45922221271079494       0.86098381005200997     
   8.8592484772851643E-002  0.79817337497518626       0.59587803712048437     
  0.13406209352633286       0.59105782398491824       0.79541058817796495     
 -0.75926015253652501      -0.12493086968514118       0.63868325371031953     
 -0.94314602212443299       -1.8959462834649155E-004  0.33237861694875470     
 -0.97248452694753718        5.0756065348351212E-002 -0.22737120899101101     
 -0.63071925350459590       0.53990230565987474      -0.55740355542623610     
 -0.64648172338766519       0.75973079871661797        6.9788930405628238E-002
 -0.52037230325877681       0.73159002001954254       0.44044149283306877     
  0.19441719763671225       0.82127358067492062       0.53638760141199793     
  0.51398529384918112       0.66023913988842076       0.54763436329926085     
  0.21879785736323443       0.44304322832238274       0.86939070356829529     
  0.18490221030326792       0.96229447208219188      -0.19950068076338279     
 -0.72376649959475381       0.68875920008694047        4.2104849601932802E-002
 -0.83206619761147638       0.55143585657630156       -5.9869348370828745E-002
 -0.99163925072200276      -0.11925844962887064       -4.9285075018663145E-002
 -0.76773779170751510      -0.44403540603559200       0.46196454557778555     
 -0.90978948875197063      -0.41090976948703545        5.8619514639308923E-002
 -0.63253032932275166      -0.75688253626555813      -0.16442082831267973     
 -0.42503737614013276      -0.49730022740006036      -0.75633042561551167     
 -0.84418214086616239       -2.3969703678757639E-002 -0.53552027631841959     
 -0.74109198870850412      -0.45169817151806574       0.49674080375912782     
 -0.15690210514798603      -0.98551661495891041       -6.4332970085634808E-002
   6.2914218825210255E-002 -0.90945222424098182      -0.41102123168123117     
 -0.17652751523152804      -0.87655765455036816      -0.44775519496188176     
 -0.49964583012494745      -0.49860733036583516      -0.70833944867149845     
 -0.98652263258332218       0.16357925005593504        3.8632048937918828E-003
 -0.74503689990282373        2.8044316217457760E-002 -0.66643344312174613     
 -0.59130759253787268      -0.15542073213216004      -0.79132782525990020     
  -9.6150873295543574E-002  0.34665508867218386      -0.93305158435221258     
 -0.23781738074023454       0.77928088324128342      -0.57979668715210220     
 -0.27463806147696901       0.48832482329882598      -0.82831926341137252     
 -0.11372496327636787       0.32655745778634421      -0.93831064125477537     
  0.11690637664914307       0.87466575174111594      -0.47041760365653501     
  0.23197450554641053       0.37822091758426868      -0.89617898116295025     
  0.19110699605420117      -0.37692446729252960      -0.90631454915798415     
  -6.2088886593872988E-002 -0.35287003740036865      -0.93361004004168879     
 -0.25119835929310236       0.23227433110106929      -0.93965313781204973     
  -7.3012851108576707E-002 -0.28828855473108878      -0.95475590219912954     
  0.10649531383563157        1.4861550327433193E-002 -0.99420213359907716     
  0.57254940577512514       0.27506033244438310      -0.77235289308850164     
 -0.26570046945961162      -0.13370715936220773      -0.95473852758976174     
  -3.2460507382839801E-002  0.60207444115211628      -0.79777984605519148     
 -0.64999095783335015       0.66050664579694163      -0.37582273160762802     
 -0.71849643591057166       0.69331788295655961        5.5436312616373176E-002
 -0.30668734406549797       0.84699863670704945      -0.43420753379745147     
 -0.33925795286512345       0.46746350856724034      -0.81632218490973940     
  0.39001183800096006       0.52960233883383612      -0.75326763432455635     
  0.42505157594216397       0.87280837234431630       0.23986809490801383     
  0.66323002731558034       0.68437655401115660       0.30291032202089657     
  0.35510787495165014       0.86215123226267276       0.36137743407037204     
  0.29165346302172118       0.65158541375543877       0.70026759605787137     
   3.0325700350875832E-002  0.71545878862683177       0.69799647110492558     
 -0.30829567287355231        5.4830631909887337E-002  0.94970910277404541     
 -0.49811539764813068       0.16397750203739481       0.85146487270554105     
 -0.20823384365215875      -0.21986743655182767       0.95304615664828718     
  0.22492307012672688      -0.11971081862939571       0.96699479441615821     
  0.34762914693953317      -0.15420142247232207       0.92486534020129907     
  0.47900768173653718      -0.18236102119369196       0.85865947778305174     
  0.38992320692533050      -0.23084352273770892       0.89144330201710975     
