 -0.91707285860289212      -0.38129184376492053       0.11659288954403416     
 -0.87032543110472516       0.29516002969392496      -0.39422607834006490     
   4.1820847326210109E-002  0.18035571486599655      -0.98271197857970183     
 -0.26502515146159089       0.44639274416581898      -0.85469011170647047     
  0.39537979017903330       -2.1563566290221742E-002 -0.91826457741044554     
  0.77862516786212288      -0.34895887074252990      -0.52150796206937233     
  0.93091636111221920      -0.33929312108751308      -0.13518471287933193     
  0.81385092593336184      -0.42684986840799755       0.39426623010030692     
  0.37177388708268405       0.36972693603072737       0.85151991735765675     
   7.3258799854933707E-002 -0.35377922105297666       0.93245558124497774     
   6.7501815361803358E-002   5.3878832214345973E-002  0.99626330674277785     
  0.20879359189832056       0.63523033050384570       0.74356416212062748     
  0.19869762769084565       0.28335489519697626       0.93820533792872041     
 -0.50830215818900315      -0.56031824994460211       0.65396664651910608     
 -0.67318893977860583      -0.27509931057857306       0.68639421667067901     
 -0.57056790822528891      -0.81123290663362924       0.12788054307919172     
   8.5281738475607757E-002 -0.93226532224103464      -0.35157985441352929     
  0.53224115823039453      -0.73493262672355908       0.42023015558480331     
  0.48215306151435822      -0.81827054566813739       0.31298840132558592     
  0.37289566878839020      -0.22991651406218575       0.89893671454689716     
 -0.11175675184861833      -0.60124162977110795       0.79121358118175422     
  0.15448198801991703      -0.24629186884713575       0.95680490734382340     
 -0.15394549158163268      -0.45988283859189732       0.87453333863858174     
 -0.82802635769431787      -0.24423487521527074       0.50469959054083835     
 -0.54517023725629010      -0.62359191224537402       0.56028790759044078     
 -0.83959438970008315      -0.38416127514906634       0.38405907808567258     
 -0.65840517651096098      -0.22762146884808743       0.71741974496317673     
 -0.19530870232835365       -7.7797829271523428E-002  0.97765127144369657     
  -4.5692635190587569E-002  0.15095206726258847       0.98748450948788291     
   7.5597872767039470E-002  0.77768849478407254       0.62408778766580530     
  0.39153724055542311       0.81431882796193389       0.42846637637618784     
  0.47389869146521468       0.84706936123556498       0.24061073850413980     
  0.45192743340310521       0.75362639072665638       0.47729326219631502     
 -0.13442535928507332       0.75348200998750314       0.64357958591481690     
  0.61251832319101718       0.69555287554989909       0.37553628462436917     
  0.79125897488953045       0.54055113074633232       0.28585609964737907     
  0.91199405144013157       0.30687117552357840      -0.27220751600679471     
  0.63647526351706107      -0.18887512725253017      -0.74781376373816744     
  0.76032435784880537      -0.10301875106900350      -0.64132207804656594     
  0.90889418266263633       0.41465650098675289        4.4399897651197041E-002
  0.36811005903446015       0.83594637817431106      -0.40704869150370537     
  0.31140987449910634       0.85784669246616752      -0.40880672975049775     
 -0.42670895397738057       0.80452657908027425      -0.41310586070506361     
 -0.48523907218155576       0.75281030691645956      -0.44476924874438661     
 -0.29723472114082994       0.65304697235475639      -0.69654947595025651     
 -0.56801791145101299       0.69592362386674733      -0.43936996030102754     
 -0.14871706065580614       0.74228580551264967      -0.65337203705416314     
  0.31754760105987218       0.74154695201597598      -0.59099208033348838     
  0.86741669046636571       0.41683832294468093      -0.27172430444297951     
  0.43509347662007719        6.7207191986358966E-002 -0.89787352113085894     
 -0.59124845528674130       -3.3456696715367350E-002 -0.80579520572283125     
 -0.39860731443951047       0.64351635527005890      -0.65345153559788161     
  0.19696153607632863       0.71701088180424877      -0.66865652519116758     
 -0.11706437092258423       0.78427807255522808      -0.60926499814902779     
 -0.48186305657010514       0.16009632351131478      -0.86149704695435281     
   4.9093502238847730E-002  0.23287262390693214      -0.97126730052681820     
 -0.80417345203429247      -0.45648943592725599      -0.38068681869753235     
 -0.91600587341163642       0.20330369178182309      -0.34583355647370168     
 -0.70410382599392385      -0.19981318658838626      -0.68140479355968553     
 -0.57422516702413873      -0.76159794910506518      -0.30038978257435550     
 -0.28234181612080284      -0.67826782482141468      -0.67840685188287997     
   1.1851140356079461E-002 -0.39576034408760125      -0.91827735489879647     
 -0.26204418169967819      -0.74738260599846718      -0.61053426364807883     
 -0.33892629039242350      -0.85897402729154793      -0.38378716773672200     
 -0.17243899702292467      -0.78459807204427179      -0.59554232229970128     
 -0.12859999985163156      -0.73134832624290780      -0.66976986028026342     
  0.80991907154788167      -0.58373992791086748       -5.7260755370696206E-002
  0.90197648947941489      -0.43140587293412708        1.8093789662113537E-002
  0.36682560557168548      -0.91158331842212847      -0.18562011925286404     
  0.54936069543906274      -0.83465606260978964        3.9396490394625110E-002
  0.14972858048092394      -0.98362137771585179       0.10035107118278981     
  0.18848628915392834      -0.93945897701569747       0.28616385045215820     
  0.34193115418162290      -0.76683308880526369       0.54318514312654531     
 -0.55915339124060348      -0.47811076306403877       0.67731645728304490     
 -0.83876292028825539      -0.43082988167673186       0.33296002253114881     
 -0.59819005385282531      -0.58725204450486945       0.54525562417675277     
 -0.48172229779525005      -0.50127257361408462       0.71879721392692997     
  0.21474451409809370      -0.35649179129073438       0.90928455194568092     
   1.4318222517472723E-002  0.30349261439326625       0.95272620490497584     
  0.15304452561667642       0.14388074438721887       0.97768896105729519     
  0.41425614167790786       0.50216859105931178       0.75909061068861772     
  0.61672200110248943       0.44903748425391349       0.64654412926810945     
  0.10247910247471169       0.94469442084655053       0.31152926793061253     
  0.10516811457630995       0.95341075113828089       0.28275007920498213     
 -0.75835975264904543       0.34381155471648206       0.55379066478726169     
 -0.79279504231201425      -0.26274474920457258       0.54994655890449373     
 -0.90861059182086112      -0.27619786817762809       0.31327548586672288     
 -0.55062231593211131       0.23818819027994070       0.80005090538586010     
 -0.24274826997650994       0.89488408564605626       0.37450734396114987     
  -7.4278064603237270E-002  0.97450837509310528       0.21169836086335053     
  0.53545542751718345       0.79131760288294051      -0.29513376036975814     
  0.48688606586390670       0.37808341052915079      -0.78739754479564950     
  0.70510151958719747      -0.45577934965754097      -0.54322834195350667     
  0.59966124280312771        7.6507909631333304E-002 -0.79658830875403464     
  0.45671115809124813      -0.29579154894264498      -0.83900076141147395     
  0.81355061655352068       -7.8464920634457730E-002 -0.57617588506914119     
  0.20688737604767415        6.3499708868356500E-002 -0.97630190033908637     
  0.46977035814749513      -0.12321653277072098      -0.87414729688872672     
  0.28418118403963905      -0.41866425573214833      -0.86253190990828954     
 -0.76958484923423176      -0.54628400745980099      -0.33062507924044193     
