 -0.88598143297000520       0.17167560183467803      -0.43077185164206927     
 -0.89162364392818494       0.19284209049058623      -0.40965742483624229     
 -0.66994456215449250       0.62239362288267130      -0.40472269745421868     
 -0.22827497485955339       0.93912869509695474      -0.25676415228448796     
 -0.39279474484022109       0.90427563470124883       0.16732562538824333     
 -0.58034483333841091       0.15563173207262881       0.79936139410750762     
 -0.31659169495904504        4.7779467151953282E-002  0.94735781054554524     
 -0.25928346491913584      -0.78335048416298847       0.56491955514138992     
 -0.18484937575513735      -0.96246574028277698       0.19872193403055785     
  0.48875653355657567      -0.86756334704197635       -9.1928721165273786E-002
  0.60299918186156931      -0.56595619364882988      -0.56221488200224523     
  0.20341467241574243      -0.60049932473688905      -0.77331948898015934     
  0.51476323317472317        3.8466474851573104E-002 -0.85646899773663399     
  0.72435747992438870      -0.13052972031134785      -0.67695511918666784     
 -0.25096731655419652      -0.50259865753384769      -0.82729075630442206     
  0.46331395062885689      -0.17048731787641019      -0.86964030357152622     
  0.84982414904622172      -0.47256640345742079      -0.23340931862540348     
  0.89393742276202137       0.13666635287493370      -0.42684680176552681     
  0.99735388207541531        4.9999110978738659E-002  -5.2776157594378599E-002
  0.55406446843405077       -1.6845904520500967E-002  0.83230329827519733     
  0.53678277401301711       0.19330418518298387       0.82127811703078701     
 -0.55974637223085544       0.29303080289039612       0.77512382709592431     
 -0.34800069391320204       0.69798482218071511       0.62586955912658637     
 -0.46654762393239968       0.75699456645641294       0.45748501719568335     
 -0.79946541826580009       0.54304632868366132       0.25681847655556278     
