 -0.40556015923707789       0.88490819497050788      -0.22903808354431571     
 -0.47988707926480040       0.78980152207595899      -0.38199731266229214     
 -0.42323066288583200       0.78131440267374519      -0.45871953323114267     
 -0.59899082212407384       0.75092714969670660      -0.27806188314747232     
 -0.99998422704301682       -4.9570112804901327E-003  -2.6407772249516098E-003
 -0.91070336038681732      -0.33549875225384079       0.24095637907365380     
 -0.35610716665465653       -4.8663434324564658E-002  0.93317713003316927     
 -0.19434004159859569      -0.62467345070767788       0.75631675124409670     
 -0.13087064359862163      -0.91312657001961917       0.38609939363883161     
 -0.26688861649415996      -0.96077547910756489        7.5372044761032042E-002
  0.12027472550624504      -0.80715049176971254      -0.57796373073082730     
  0.55823468589641367      -0.45310885419683850      -0.69502978476505373     
  0.65652963635087680      -0.15494294442099232      -0.73821509099118965     
  0.64739529460766054       0.20464115227366031      -0.73416710040424460     
  0.63796171434332161       0.14527268538933374      -0.75624116385706230     
  0.42353844379987854      -0.73333021394859199      -0.53182890475572819     
  0.75408652111177898       -1.2295230884365092E-002 -0.65665999267126507     
  0.76068174969202018       0.59838388821883270       0.25159490854466982     
  0.78713914555557130       0.47268651845499243       0.39620628567065630     
  0.70583893649966845      -0.22321475246440337       0.67228459003852270     
 -0.11694542384097903      -0.52502872724143768       0.84301162709294308     
 -0.68054742084812936      -0.40337426873147691       0.61167344825677272     
 -0.51670764871852404      -0.15232064360057984       0.84250319126333117     
 -0.61269876920152999       0.73258510055434078       0.29651186934884199     
 -0.71703132485194621       0.55419981339924074       0.42276310861916766     
