 -0.76967009486318716       0.63686969617612621        4.4776502385147327E-002
 -0.54088493850313724       0.82804162729887898       0.14761621442342254     
 -0.80708097277338087       0.49148258273730383       0.32720815126315644     
 -0.85544030414808780       0.43503894764471396      -0.28100355882305350     
 -0.93888361709303003       0.32581817163092047      -0.11108587934295752     
 -0.90057657571571370      -0.10024006198468466      -0.42298198690426114     
 -0.16513299254701713      -0.89652905897150714      -0.41105564245262532     
 -0.11893203633507650      -0.82789910120363808      -0.54812247623994292     
  -9.6929987787993888E-002 -0.88219724642070252       0.46079561182278528     
 -0.52022249403375487      -0.81968825267477541       0.23974929640828638     
  0.53245847639469968      -0.81643586455492279       0.22342884769850324     
  0.98062375006559832      -0.15132235179539022       0.12441304856966080     
  0.98411155149909235       -3.3834465075046338E-003 -0.17751903136220293     
  0.52970008731610763        7.9173590869382082E-002 -0.84448171087724677     
  0.55155976205009583       0.48900845726427200      -0.67576072511743424     
  0.72807266264996839        7.2349010762161090E-002 -0.68167134202892243     
  0.70592802565767521      -0.49056135672701201      -0.51089644535581202     
  0.96821290310692809      -0.18687380682207533       0.16625869776071880     
  0.98402521369760254       0.16444906348794439       -6.8197392364542975E-002
  0.59748727850692473       0.50557026690895945       0.62242080399034527     
  0.37694975606456183       0.36629855943342959       0.85072571770216598     
 -0.10271629411782471       0.31801491812599836       0.94250510596603232     
 -0.21190964688611080       0.92352892449749646       0.31966955934702806     
 -0.83165660793829388       0.46757679400576646       0.29953168142935271     
 -0.97860626732791467      -0.18722591796614474       -8.5300815871220292E-002
