 -0.65788253438924738       0.75297109198755829       -1.5003518809750342E-002
 -0.43425787849387681       0.67860050320934351      -0.59238623550015501     
 -0.33135759638345341       0.55307137931308359      -0.76440446931170913     
 -0.87819415190880168       0.11109676503197984      -0.46522310814557494     
 -0.40113296607346821      -0.21361347137143052      -0.89076463130153538     
 -0.81735846450787264      -0.20090258628458260      -0.53996600941310091     
 -0.84952266632140350      -0.15733103314554189       0.50354561403664022     
 -0.57287121033390975      -0.81900085544571222        3.2498848437390815E-002
 -0.53400592039771078      -0.80119035722964616      -0.27005867596210698     
 -0.50480947416025690      -0.84875661805528357      -0.15741536807247564     
   6.0542770601276649E-002 -0.43449935295679942      -0.89863501223134734     
  0.76485901464977135      -0.52140597355627483      -0.37832062916105869     
  0.97634461893043878      -0.19573346630625879       -9.1867269760834577E-002
  0.96465526968025506       0.22284501848743066       0.14064248438312030     
  0.91543402585107148       0.35694073470126464      -0.18594046419486959     
  0.78770989776723743      -0.42381286166182475       0.44709705350129336     
  0.71609586818489612      -0.45190430757300731       0.53196729633078299     
  0.98977437258333911      -0.12483321970927848       -6.9017089436484255E-002
  0.66768609181119587      -0.57555832592146416       0.47215240787734108     
  0.96066021669064927       -2.2125909900112567E-002  0.27684362405329904     
  0.56036950163578869       0.72475023150245277       0.40090288546431108     
 -0.24009761955754558       0.37869696334862513       0.89383541160180391     
 -0.91154968812342829      -0.11436016463834614       0.39496698447590428     
 -0.92106432983380215       0.38155544263042601       -7.7819949286444590E-002
 -0.42666659642109456       0.72839791569141799       0.53608963048623948     
