 -0.91952128618004925       0.38624028332233312        7.2794558868741588E-002
 -0.72551464431410084       0.56578238376247603      -0.39181474590659782     
 -0.85519865113300908       0.18797949009132545      -0.48301032950166251     
 -0.96642577261592888      -0.19466500427889352       0.16771035189523895     
 -0.79576797827019963      -0.45767681766067592       0.39659205152873178     
 -0.92891609527883867      -0.31498450493125768       0.19467832335711663     
 -0.98382629875519523      -0.10358256014987398      -0.14613852028285079     
 -0.84302887396952964       0.12934755748431448      -0.52208383141648285     
 -0.70074110103468079      -0.48636323249623709      -0.52193171526215232     
 -0.12822439341071493      -0.40860533973611179      -0.90365932810632721     
  0.17618511501204609      -0.70225781307107860      -0.68977733307844269     
 -0.16810755548445036      -0.98539575592323791        2.7111879269430404E-002
  0.65240284482500410      -0.75716198906317123        3.2806255228950060E-002
  0.77864577259235290      -0.62732759027358842       -1.3071163131431918E-002
  0.73334140078180676       0.67672314967423453        6.5239317856294582E-002
  0.92300525008374912       0.35746768195476913      -0.14240142090486435     
  0.76496226256715272       0.45182885060626543      -0.45900264335619317     
  0.96447699112566787        4.4281729471179809E-002  0.26042899612798687     
  0.92357464716639992       0.37849944252278117       -6.1221263637704804E-002
  0.99486067652558519        9.4619979995344938E-002   3.6045716648913095E-002
  0.94051465251621857       0.18321362058305338       0.28612052990854853     
  0.45862079606770123        2.6411673853145134E-002  0.88823948848186718     
  0.24356761327416107       0.47384235932829177       0.84625542023088018     
 -0.58573596079881263       0.57724349286529475       0.56894932478367022     
  -3.0436395740970935E-003  0.99782823785849306        6.5799270439607427E-002
