 -0.54133279085220631       0.18251508106824843       0.82076004698744320     
 -0.94082909643910961      -0.16391095872086950       0.29660379111667434     
 -0.95747814123032304       0.28122967196955823       -6.4385407275487083E-002
 -0.80483769198768029       0.17703111934840721      -0.56647707132611025     
 -0.27397767183127886        4.5603283798712951E-002 -0.96065424365101215     
 -0.51853162651626383      -0.55023285167970393      -0.65449886266885693     
 -0.49798019472159444      -0.40309449484387627      -0.76780893058860555     
 -0.71383299814138068      -0.61266343434577675      -0.33924322687436709     
 -0.88783960045370180       0.25413167154665478      -0.38361170131148625     
 -0.32948312336499141      -0.49283567229623482      -0.80532842463802201     
   1.1351533537285297E-002 -0.76521062596269152      -0.64367992092353643     
  0.27232404179335340      -0.78365467705244707      -0.55832335021487578     
  0.69119997218228002      -0.63377496725027560      -0.34723463154202883     
  0.98972442667723937       -7.6522460177196855E-002  0.12078854385599440     
  0.86618834457945681       0.19125069751613752       0.46167187743491733     
  0.72679456209923377       0.11684875238233769       0.67684269484842319     
  0.92593589643317853       0.24970592244055850       0.28335431529201116     
  0.99328647406834170        8.6406948309479398E-002  -7.6914366127133274E-002
  0.89647342334282432      -0.22970034871594530      -0.37891047892577606     
  0.97524732228521027       0.18694101583992767       0.11809198521601776     
  0.88899803603874794       0.42895354326461382       0.16025401598707978     
 -0.30379714558063059       0.59565850265457121       0.74357127604043838     
 -0.51593328832106211       0.61721069428999853       0.59402340093324046     
 -0.30808685509972272       0.54208422571016923       0.78181019560440601     
 -0.66967981267011556       0.46103054210588168       0.58221970745389739     
