  0.51583003289703333      -0.72813038380778849      -0.45138179110082005     
  0.36756529135182575      -0.87563552890891705       0.31330205410412870     
  0.56920668161702526      -0.63679382918462080       0.52009361918306252     
  0.76189880274941180       0.45729278480716345       0.45868673768961504     
  0.56106032708791409       0.71553743061561792       0.41619405901095069     
  0.91232441199592607       0.39885088002823460        9.2639855229866647E-002
  0.72051712117735744       0.19960842932893180      -0.66408700712417601     
  0.33472362092094621       -8.2992211923556859E-003 -0.94227979948908525     
  0.21655253829906793       0.29348608779495489      -0.93111272917248855     
  0.19459174544151051       0.58998319883531747      -0.78361589933976317     
  0.24414657986338523       0.96807178103065916       -5.6828463934171125E-002
 -0.25452282771914575       0.86223591086353224       0.43791250745687893     
 -0.70778607786306580       0.69787600565352659       0.10958078625499418     
 -0.42781987573912789       0.35316215691993796       0.83201360856790973     
 -0.67668628158611444        9.6588382435220096E-002  0.72990846048780378     
 -0.71127446370643210       -9.6738447424725607E-002  0.69622576084842203     
 -0.34673137345415522      -0.49110998712122189       0.79911722244759931     
  -1.2394581507387622E-002 -0.48557407235335009       0.87410765618853192     
  -7.8064671895974436E-002 -0.47282655902197646       0.87769069271879219     
 -0.14984982654369319      -0.55610744635497422       0.81748977828065217     
 -0.14073040584340307      -0.82726426059825553       0.54390145799395262     
 -0.65695552520681089      -0.43179355886843496       0.61803216778737347     
 -0.66535667009278554       -1.3798037432511442E-002  0.74639809466935891     
 -0.70786018087315794       0.36440254063964855       0.60509896108783712     
 -0.56433779140995399        1.1593477747504979E-002  0.82546256635916027     
 -0.38801080132485954       0.50933967497580424       0.76812805804161421     
 -0.37139913507835648       0.52339656486262964       0.76688898698120411     
 -0.62946331635133257       0.73156580812863159       0.26189196578949436     
 -0.59016544496815249       0.80537618044146286        5.5443264181127758E-002
 -0.80192355983932617       0.55850261860381090       0.21211654623652174     
 -0.60183704373700919       0.77880934606830476      -0.17677153408437019     
 -0.17024534187402995       0.98514766425511280       -2.2374163289090691E-002
 -0.32322836555948919       0.76445884573128264      -0.55778678442657137     
 -0.31214092330231130       0.71182249287957444      -0.62918739865852136     
 -0.46568585187206307       0.67855820802272615      -0.56806288885224654     
 -0.37362962010532880       0.79775377208578768      -0.47327563438531833     
 -0.51872020569182109       0.33374164580438781      -0.78711235669553148     
 -0.97713937274951590      -0.18654458531316243       0.10197923275354209     
 -0.83051628984911496      -0.33598176031196325       0.44425099778496741     
 -0.89431189591499061      -0.40595343936436551       0.18817023647002099     
 -0.88506330396728583      -0.46490046161650439       -2.3032775761513528E-002
 -0.96124509911795686       -9.0946387612570220E-002 -0.26026258663498136     
 -0.61715392563858729      -0.54312580411286648      -0.56932889701440736     
 -0.82692438250515898      -0.40044091625801109      -0.39476972807560962     
 -0.73798980237546441        2.5903411589650076E-002 -0.67431451479100013     
 -0.55741048452021802        8.8182314021940628E-002 -0.82554069023921839     
 -0.78025149913031222        2.8642403694004621E-003 -0.62545934658615809     
 -0.21244460112664651       0.62654504064781491      -0.74987239147188556     
  0.67482665839376077       0.60288365574384162      -0.42560577857691045     
  0.83133895749815434       0.22592621558540718      -0.50777247154323291     
  0.44458054861037588       0.15759227654103214      -0.88176686837956098     
  0.26359931443694967      -0.67899233249479440      -0.68518961889513375     
  0.20594770509579341      -0.94239727344935420      -0.26357716471843812     
  0.11635842473150369      -0.97944303222451068       0.16477883244175487     
  0.46918487034801371      -0.79795266785208896       0.37833463667006834     
 -0.17621022142088971      -0.97154408360351163       0.15827839865822754     
 -0.13269790762868386      -0.78499553500142227      -0.60512252919453791     
 -0.50501879149049178      -0.83097315692456653      -0.23332302225093535     
 -0.72615684144002024       0.58613994784345846      -0.35935526039273807     
  0.21820563260174936       0.97590201236926366       -1.2506616174265944E-003
  0.14368928518097640       0.94767215860185294      -0.28508046080901189     
  0.49100199645218456       0.61368127954270113      -0.61831410029110656     
 -0.26011308607728129       0.66565490833729657      -0.69946031013761722     
 -0.58117960891285836       0.63758029662080162      -0.50568925986699043     
 -0.60684342542599712       0.46958822528817884      -0.64127057915356589     
 -0.61256759046672393       -5.1361499028855118E-002 -0.78874770587767196     
 -0.80836185306797126      -0.53383368505770878      -0.24813849198021709     
 -0.65208119679417575      -0.70120357093491548       0.28827706272888493     
 -0.17081503358813832      -0.87830364953678386       0.44654778412912122     
  0.84333477470375562       -8.2807584102967804E-002  0.53097020800641914     
  0.98846617289613325      -0.15020910653605937       -1.9283395803156991E-002
  0.85084130276419689       -5.4585881623333443E-002 -0.52257961980727952     
  0.91143440209881832      -0.27419816701175004      -0.30676162712789301     
  0.90627153466101118      -0.42228527207254618       -1.8629397568655184E-002
  0.45912689137873230      -0.85396085970427782       0.24485372716382237     
   8.4321967306371301E-002 -0.67350549365789014       0.73435696758606506     
  0.41493911538296385      -0.61049039168428709       0.67463101928858860     
  0.42991191300876552      -0.22522710631941575       0.87432745446550952     
  -5.9634604676443978E-002  -1.2325411962699012E-002  0.99814417703307923     
 -0.65641327257671001       0.58935203140504000       0.47094139620963643     
  -3.3951929771230974E-002  0.69174381232027515       0.72134441467403754     
  0.71914522491212296       0.49315693007237948       0.48951648369353357     
  0.92647995734761268       0.35527138795350288       0.12416573414086439     
  0.78404638591629283       0.60691987305074879       0.13007510302770581     
  0.60150610628210610       0.54472616360372794       0.58434904876357263     
  0.82520448785866118       0.18942950683037002      -0.53212218066899031     
  0.99145700961736127       0.11565372508228650        6.0309318974603565E-002
  0.78783920772245719      -0.51066227584790180       0.34428683216337763     
  0.67138699929389234      -0.59489850829220658       0.44196748976689010     
  0.60907378573340532      -0.57244346465188112       0.54894225862993029     
  0.60612607894224069      -0.68557224256662097       0.40323923004625534     
  0.52484326738242559      -0.83399463129255291       0.17027184047443270     
 -0.20255110216537012      -0.97547363643071894       -8.6164004318654036E-002
   1.7630140965891515E-002 -0.98625180593662021      -0.16430627929656919     
  0.83717445227258569      -0.43405321488864146      -0.33277130751754874     
  0.60825560761666930      -0.31758858662409239      -0.72743563663666910     
  0.67224296126305993       0.25685729086514597      -0.69434410284938108     
  0.51124609401540322       0.76136452294624191      -0.39868721393199374     
  0.76914188873431977       0.35947191390214989      -0.52839445314061406     
  0.61850343331337920       -3.7689717385706034E-002 -0.78487768995110452     
