 -0.93133709142247012      -0.18652202909899512       0.31276309693047644     
 -0.89062559940219443       0.39852169552138306       0.21901255646252021     
 -0.68842635121043960       0.61391554372143320      -0.38623420891513582     
 -0.79954165864081939       0.29934690250263984      -0.52069623395984921     
 -0.70454220405231194       -9.2211576304961726E-002 -0.70364572613245602     
 -0.58139243032797716      -0.66802379308999571      -0.46446426538861080     
 -0.89020038573960336      -0.28937753487273787      -0.35185780585351351     
 -0.83293299837473544      -0.11863028741014407      -0.54050853381557173     
 -0.86803915203687898      -0.48528605619036425      -0.10490697878728988     
 -0.53780245638673274      -0.83838837410173783       -8.8732474750955831E-002
  -4.5444808019639973E-002 -0.46772488545567370      -0.88270504753826384     
  -3.6041049953958182E-004 -0.10455736564299251      -0.99451879187578729     
  0.85573596548156627      -0.45929964785834998      -0.23824313391686402     
  0.85373461221554525      -0.28578377373555891      -0.43527559841397967     
  0.90536004059796571       0.34866355975801355       0.24239826522751021     
  0.81511294307880755        8.1393879189022300E-002  0.57355551296798724     
  0.97173753765136628        7.6770543912164632E-002 -0.22323181114416210     
  0.57200060201480807      -0.43670122822895546       0.69433950525520016     
  0.95699981317801153       -9.5597066690030888E-002  0.27388420622136406     
  0.48273711091486771       0.62562235623430607       0.61283076711715501     
  0.47980629569578215       0.87031797770055597       0.11105195316570234     
  0.79072114833721585       0.28894416308946946       0.53969559585828486     
  0.34990855431444012      -0.17551188543582058       0.92019540407913525     
   2.3206094323800677E-002 -0.62949384883564929       0.77665885140410718     
 -0.27678572781614819       0.56835901900333274       0.77482752041656411     
