 -0.34203644784203652      -0.92376381786037365       0.17225410636511060     
 -0.94134993556731239      -0.17569637076315286       0.28808173164587092     
 -0.48782334251611492       0.30426675309655582       0.81819932134932105     
 -0.80976188882439137       0.14532272498038915      -0.56847778233792035     
 -0.93371475240034740       -3.8434121118763154E-002 -0.35594884391411491     
 -0.71479946718463105        9.9295752362637657E-002 -0.69224423094403920     
 -0.76917614631132469       0.16796506497866959      -0.61656775206977454     
 -0.69896490636937869      -0.20643072064462553      -0.68471484374021052     
 -0.76014290341639335      -0.59682800316097728      -0.25686397378486159     
 -0.47760559875277431      -0.78680889267225973      -0.39092794534522568     
 -0.13828459624107026      -0.84306863446062152      -0.51972362658545612     
  0.33020381957440303      -0.73647471034296974      -0.59039854214227239     
  0.53536271287649773      -0.26634202894500469      -0.80152896970662979     
  0.71258513905062371       0.39055773627539053      -0.58282679608924592     
  0.87819415737302531       0.14490285566238442      -0.45582692370761418     
  0.88717625589556559       0.14958445969793194       0.43651206213804067     
  0.92322574260109880       0.33350882125594350       0.19085621379229883     
  0.95211623512984633       0.30167391209721817       -4.9674194126747416E-002
  0.83817606553776580       0.30219294302711308       0.45402677051495027     
  0.38783522582834440       0.23044899112106754       0.89245565721662579     
 -0.11355453521194571       0.33539970669198044       0.93520714512012937     
 -0.19184289804842114       0.42378344747672619       0.88521403745825822     
  0.52961262930309871       0.45783917383710332       0.71406845174873501     
   5.0079914159588027E-002   4.0948899467044858E-002  0.99790540124314198     
  0.15657129807025316      -0.33166142142786492       0.93031507036974836     
