 -0.13979804722620701      -0.91851215068490566       0.36985393743469169     
 -0.52899438179198732      -0.84455553921442139        8.3011355938575421E-002
 -0.61648993661689155      -0.34491626246743012      -0.70779441219580486     
 -0.92959661988198183       0.16135202865175291      -0.33138444012049634     
 -0.89888426675301369       0.42274672681362796      -0.11529215043649033     
 -0.96876649438959794       0.19752454724423099      -0.14991841976238429     
 -0.90582517528511841       0.19849777761116144      -0.37427180511377023     
 -0.96832906123425355       0.24382908554347454       -5.3723423310699368E-002
 -0.43119086419394675      -0.88333156837379978      -0.18384716193059170     
 -0.16685885640131037      -0.67996152930083809      -0.71401011247131352     
   1.4396389645715151E-002 -0.39800993492470821      -0.91726813727851264     
   5.3593075168956145E-002 -0.96783394054204130      -0.24581547109327737     
  -5.4370536027428681E-002 -0.10451177360440472      -0.99303632057953861     
  0.80896215654846615       0.19762576341517504      -0.55364635545357743     
  0.95613621117942171       0.29151112665477236        2.8719483071663117E-002
  0.96096736959207929       0.14511354969546708       0.23554993583964515     
  0.79241280215561993       0.27367010294354399       0.54514826032443253     
  0.83393553518834107       0.46956521188206590       0.28993108653660737     
  0.89955961057721145       -6.5889425728936357E-002  0.43179982699773878     
  0.40549918104129451       0.72389085902670502       0.55816882606646601     
  0.48438099166830872       0.25048450442158060       0.83823181039322781     
  0.26508695051637754       0.55621205948071761       0.78762748400127114     
  0.23706614987725982       0.78243714580466228       0.57584004154577906     
  0.22199687723943379       0.38090988330407449       0.89756617989830945     
 -0.40242070361267629      -0.44012786473667004       0.80271105634982143     
