 -0.30478547764717145      -0.67048331841621189       0.67643028638654423     
 -0.74265650290718099      -0.66750821977770858       -5.3796795619040320E-002
 -0.88788057500234763      -0.45466119738048993       -7.0365333297310401E-002
 -0.88769209917340852      -0.17861011203735588      -0.42438327599367770     
 -0.55685792826184199      -0.22654263520906637      -0.79911681384167355     
 -0.24631813622903412        7.2072161281904773E-002 -0.96650555059596543     
   3.6784329107057950E-002 -0.54775613486872654      -0.83582900754031175     
 -0.62009817624073282      -0.49486199374010825      -0.60876092103097512     
 -0.92561146674379580      -0.19777149732062613      -0.32269156710383412     
 -0.82120414412995646       0.53161621064601272      -0.20738360167127023     
 -0.87148497578837758       0.36216698952743864       0.33067961635358817     
 -0.96065633507219672       0.11790565393303172      -0.25147099764443526     
  0.41910661834970064       -8.6743649898499586E-002 -0.90378381356260118     
  0.95355998664323927      -0.25824772232188264      -0.15502085597915810     
  0.94353693988909426      -0.31645128827835989       -9.7962366302909054E-002
  0.85444232293798961       0.23787266061025178      -0.46189275173629496     
  0.92093736458804754       0.37550103938482671      -0.10427530832629023     
  0.94721571904451840       0.29841018774042383       0.11719104678990047     
  0.87450190003602712      -0.17548482781460864       0.45216313653397944     
  0.70540731375049670       -2.9492785665618380E-002  0.70818832050591574     
 -0.23472606597814916       0.74622013237862939       0.62294396857442336     
  -3.9516895878575181E-002  0.51678253032343746       0.85520420444046752     
  -1.9593882002144347E-002  0.77691208623824848       0.62930413159698539     
   6.7500706944967626E-002  0.30626184214117791       0.94955112480068904     
  0.60271252004163323      -0.27355336498178445       0.74960401192378434     
