  0.75712480727897635      -0.58255531776201908       0.29562024279464066     
  0.11511397951919600      -0.81362935452700147       0.56987370984388497     
 -0.90626339710155379       0.33838125527867485       0.25334715540140340     
 -0.93781016976492249      -0.31369405661665972       0.14868801003738968     
 -0.98951279578348128       -5.5531077012352346E-003 -0.14433845632961775     
 -0.73549335686610950      -0.36993890834079290      -0.56762199226372667     
 -0.17083656841764977      -0.83211458329251764      -0.52763641569096009     
 -0.57763427973594117      -0.79224933872527148      -0.19667136081113057     
 -0.44356987528175168       -9.9568182674767219E-002 -0.89069183376819605     
 -0.32528723260967973       0.28009035904107099      -0.90318193464737373     
 -0.82691261157407769       0.49298779447047714      -0.27051537354256627     
 -0.45470952433655965       0.78788388082357852      -0.41530499493265194     
  0.24263848326907303        6.0136133717034218E-002 -0.96825110991851548     
  0.24914409399045911      -0.15861756718664000      -0.95538876265605466     
  0.88142807615080720       -8.0423680808134723E-002 -0.46542086130546800     
  0.86792169218578352        3.7461404688669452E-002  0.49528636099947254     
  0.66134031351090150       0.38515735354191460       0.64364804259618214     
  0.92388564484773383       0.12670401211368959      -0.36108365867010789     
  0.98753946907219115        8.9617998576553018E-002  0.12936155284987957     
  0.73135545745024211       0.68079314703839855        4.0495503494716076E-002
  0.17429163168549516       0.95584548582224826       0.23660480628601699     
  -9.7543374495665691E-002  0.36579218819922765       0.92557083205146251     
 -0.29279628892743215       0.52961582093067705       0.79610138513273621     
  0.28066750677947755      -0.30724062616685460       0.90930135173704185     
 -0.14219378727776291      -0.85611378244098002       0.49684013361867624     
