   4.3885066866967942E-002 -0.50434411928315726       0.86238686808796938     
 -0.70780853861575899      -0.69067881985449520       0.14822226710933276     
 -0.96976723935987397       0.20043381269380206      -0.13920412419667233     
 -0.88545786732163434      -0.46466020348056275       -7.4337406222298365E-003
 -0.79055296611002634      -0.23855298087538040       0.56401993146529272     
 -0.86572586012304709       0.19085809465454209      -0.46270068383248641     
 -0.42262001867052373      -0.34385641793494520      -0.83854342980186825     
 -0.56787798676547108      -0.33221063015129887      -0.75309407736461897     
 -0.77402329023757688      -0.11158248944022411      -0.62324737802905661     
 -0.34322497961213450      -0.25021643906503493      -0.90531118793034804     
 -0.65969727630490904      -0.30118882962701926      -0.68853815620035963     
   1.1898901791334651E-002 -0.13722226545167268      -0.99046881122046593     
  0.96540270420777896       0.22681095426032594      -0.12866394108611845     
  0.93817867945143762      -0.25173138081437030      -0.23759645901411733     
  0.73222659700983594       0.67231070550195582      -0.10882337018683787     
  0.53706285739171711       0.82218103455585734       0.18863147570563432     
  0.37951642885455683       0.92247494021441123        7.0762030114384200E-002
  0.29760013853153700       0.55349717349146121      -0.77786569308781484     
  0.94733632060306816       0.11761127324617238      -0.29786151827928020     
  0.76841681732496514       0.59456118483920661       0.23671204518308347     
  0.21480980259795082       0.76518489767753717       0.60691747468173107     
  0.41639507587902669       0.16397740267826669       0.89427431596496687     
  -7.0526518856672243E-002 -0.42554118338975133       0.90218662779783254     
 -0.37095022901379970       0.14871758720792394       0.91666733706927939     
  0.21755720473785695      -0.67253777070923171       0.70736257296815674     
