 -0.52952378735260108       0.84829451197201733        9.8974032567385184E-004
 -0.78834108917151591       0.43692553126787287       0.43314478785985222     
 -0.85302923398145536       0.49403870136799349       0.16812759298710345     
 -0.89457558476740784       0.11220439496669063      -0.43260223865372127     
 -0.72937177645936824       0.68274840019182148       -4.3260070966360822E-002
 -0.88600503914607065       0.42976240200344873       0.17406708026502052     
 -0.95717209615260535       0.24791515027669453       0.14953145692498993     
 -0.93054609694547818      -0.16288413672780749       0.32795231278643777     
 -0.64519684254273846        3.6001612440085526E-002  0.76316768686481518     
 -0.20096924923314258       0.31355071515127275       0.92806104857966853     
  0.21357477580438342       -6.7645326244877541E-002  0.97458192317389691     
  0.41393105993582985      -0.27998228370664535       0.86618185067040820     
  -3.0530901052685570E-002 -0.44610994773829099       0.89445725365153528     
 -0.25592073794192882      -0.87772887008127853       0.40508839346134357     
 -0.38193082507791815      -0.56622535273295038       0.73042295608622887     
  0.21375426286888072      -0.93901562401825356       0.26936735688459174     
  0.26443181983739361      -0.83224387504882913       0.48728425492846034     
 -0.20992400870969871      -0.82574370127820362       0.52352578768061953     
 -0.13258659335455183      -0.65650833584485413       0.74257497953327767     
  0.32739592987399763      -0.94334510694971652        5.3962156146324478E-002
  0.50211150066052368      -0.32236059978303294       0.80247597136110660     
  0.45388607224434135      -0.59077227995702875       0.66706487439901696     
  0.67610226922161487      -0.28553522698264194       0.67923144487380060     
  0.42045337037493408      -0.47154861842060330       0.77515215526113024     
  0.41047533882528592      -0.14008623741062504       0.90104708106979547     
  0.77375173642860595       0.18922938652272750       0.60456636496744465     
  0.92083882379105719       -1.7416952915542190E-002  0.38955424570942793     
  0.99823514765008892       -1.8634984871395102E-002  -5.6385524160455974E-002
  0.98400684720538489        5.8470844156712151E-003 -0.17803464903426339     
  0.99665627204571083        7.4141466101953046E-002  -3.4341205514614781E-002
  0.93777954076729408      -0.31078318307127195      -0.15486557409048363     
  0.99702342683665435       -7.7097932277830905E-002  -4.4178883465270657E-004
  0.66572157189733216      -0.65663304492306052       0.35446838085449728     
  0.52328807184705117      -0.81161274099414227       0.25971975765922262     
  0.79086195871073395      -0.49170293016837363       0.36437012875379071     
  0.13666638719693719      -0.61226888612397046       0.77874842516376885     
  0.61047223430554276      -0.75621933324511703       0.23549091525642368     
  0.45414796656580553      -0.75644319770561885       0.47068387810614848     
   8.6242319557225527E-002 -0.29685063864983696       0.95102153532429412     
  0.26994045738014977      -0.16166072373987203       0.94920912335970775     
  0.72906227056449591      -0.21082028798666813       0.65117049365935176     
  0.63425252178337388       -8.6564771004931262E-002  0.76826445904538510     
  0.40770867556378121      -0.24386456893135861       0.87994528687297235     
  0.28122137647304551      -0.76624815009110281       0.57773550167578547     
  0.92111630179321446      -0.37939527277183238       -8.7200834681671724E-002
  0.31296004882760109      -0.80976871106679704      -0.49631707850430473     
  -2.8162545629817189E-002 -0.68427563595978191      -0.72867943916065314     
  -2.7866343146458680E-002 -0.51459947173366238      -0.85697774219116907     
  0.17534187385678274      -0.63336042087196098      -0.75373059148829080     
  0.53003070866579705      -0.82771850133066316      -0.18425398347431171     
  0.19754736403659948      -0.65894868935505946      -0.72578348269951487     
  0.41245172496050120      -0.54050124463281302      -0.73330892475646781     
  0.76468929144456999      -0.19642328574595802      -0.61373298784304953     
  0.77998389788954214        4.0244639534061065E-002 -0.62450419375838240     
  0.79378479912124633      -0.54862359026512031      -0.26252209219160116     
  0.14702383788243967      -0.97865389927120749       0.14359852553412714     
  0.56484513615714127      -0.69370214098220218      -0.44690861678460309     
  0.53978070215449503      -0.39302354513841509      -0.74442547413990801     
 -0.56786316622697619      -0.39728433104671768      -0.72089984376987548     
 -0.23906253678469727      -0.61283984525186297      -0.75317755381963458     
 -0.18294246004026637       0.26429170788197970      -0.94693291708506633     
 -0.49606522236245087       0.55681124184859954      -0.66624360118015935     
 -0.35668930900992518      -0.21860528587283135      -0.90828655490790544     
 -0.48697217273907040      -0.30395211536613753      -0.81882306668915505     
 -0.48011037936850126       -8.5879289492762856E-002 -0.87299414159480204     
  0.26161188982142258       0.12859639329199984      -0.95656792060801699     
  0.42380561511744907       0.48733913602274875      -0.76347191637643985     
  0.13318103243866183       0.37643125973238117      -0.91682185799361304     
 -0.35477378229541906       0.74569697051401362      -0.56397836089872866     
 -0.14977274237613256       0.78970855882530444      -0.59491891696196175     
   5.2677919968141893E-003  0.96055529780398829      -0.27803915232962295     
  0.19533710838411272       0.87925912740842271      -0.43444999822432095     
  0.69279201095017162       0.61686478982025472      -0.37351982630595459     
  0.52921862712963907       0.82772159403045198      -0.18655992998151258     
  0.84838743881283563       0.36338117257031111      -0.38495827966939339     
  0.44752390445088436       0.88682992042188535      -0.11513056583526216     
   8.1544579397329522E-002  0.84312824567684319      -0.53149340815555124     
  0.35857570761169411       0.90745181556390364      -0.21898553454633093     
   9.5170052111835813E-003  0.87623329986363363      -0.48179314111130611     
 -0.48537640146723970       0.57285212918007511      -0.66049238223658935     
 -0.32154942058926844       0.88476186754958197      -0.33734612469818492     
 -0.40210297316036847       0.74132500343127261      -0.53735503930196260     
 -0.25854586742814101       0.93697905699455120      -0.23499847061083712     
 -0.84155816488697743       0.41666630202010779      -0.34375725137507923     
 -0.89890816975428689        5.2218073596592543E-002 -0.43501422406498569     
 -0.56071516538137534       0.78817929717149382      -0.25371617768991339     
 -0.73240459857635198       0.68081048324604621        8.9771870037683651E-003
 -0.97231865502023718       0.18241411929953949       0.14601891035002407     
 -0.99228526199845113       -9.1574449141748379E-002  -8.3570802826418863E-002
 -0.97150808648507181       0.19940468293029984       0.12810078188511928     
 -0.59091854743924543       0.58182572419457668       0.55883279874909630     
 -0.51392941628502442       0.79391802782685605       0.32491648183565336     
 -0.66741487403707656       0.73936114563241195        8.8895906785444539E-002
 -0.31792777864927846       0.74280166958641980       0.58920930680257166     
 -0.71695905788729786       0.59764658634628165       0.35887082236091083     
 -0.73254917450055945       0.44964839490728203       0.51106558081703535     
 -0.98661334623434327       0.14307691097013564        7.8250256098733303E-002
 -0.78649036406968775       0.61114850476941629       -8.9052862635846303E-002
 -0.60561679451321448       0.79575458064774784        1.7162696955622132E-003
 -0.25236351883943359       0.95978459582444686       0.12298855221963220     
