 -0.59092932879839033       0.74712974674448718       0.30430193869805899     
 -0.93852031561293126       0.23820542118587562       0.24987555802732733     
 -0.96907755753818103       0.14740786534216926       0.19788786903474043     
 -0.95754198770077958      -0.28355274400888053       -5.2069022989532997E-002
 -0.67791432405635166      -0.58244344964733064       0.44854408612993635     
 -0.57586081658079202      -0.76279233090914089       0.29416352566744858     
 -0.75947673362093737      -0.64864492209152480        4.9546504754130964E-002
 -0.46611274022522042      -0.49176374609282342      -0.73546402456440907     
 -0.16825969090863543        8.3863137851501970E-002 -0.98216885031291790     
 -0.67116161382783956      -0.39349980583287619      -0.62825153476413431     
   3.9737912051163685E-002   1.3720531077244247E-003 -0.99920919522194085     
  0.58431929165093011      -0.32920787532229911      -0.74175005239658909     
  -4.9592585950749543E-002 -0.11843898527150237      -0.99172212952346261     
  0.95238947410726182       0.20840251758352857      -0.22253691890231764     
  0.92451183941555637       0.17135377120987691       0.34046401259542108     
  0.63502259295318375       0.73985590727128969       0.22217007655119694     
  0.98613606020266886        9.0890412698506673E-002  0.13883300633298226     
  0.87916301053725876      -0.23219658359646286       0.41612155371862386     
  0.89601663340321602      -0.14350376209247867      -0.42019145984902417     
  0.87846374737275612       0.43707301020761946      -0.19305084382062276     
  0.45019248941456402       0.58856615449719374       0.67150324217765878     
  0.33014621953590606       0.57212100465488158       0.75078694032252724     
 -0.58001398359962120       0.31683838963162630       0.75046466518054744     
  -6.0165946545027743E-002 -0.14223125024344613       0.98800320360338079     
  -8.2240659330252819E-002  0.14114192146011900       0.98656749995096416     
