 -0.75175709444510652       0.27244401143691538       0.60052937612044555     
 -0.90515118737137701       0.26526304852615723       0.33216990093444854     
 -0.92963517679814911       0.35631565236094931        9.3902044397776829E-002
 -0.46460679610175437      -0.36556172384458147      -0.80653899538450835     
 -0.86773740120866338      -0.39717044964780573      -0.29881003408553108     
 -0.78462619541417589      -0.41488421721866381      -0.46068733407022699     
 -0.56460448449676481      -0.59654719920865240       0.57039741864988902     
 -0.37198758630080508      -0.91659162795182170      -0.14657770364798262     
  0.13172152752905852      -0.74512528854419069      -0.65378723110605264     
 -0.28702158644577191      -0.45224392357076987      -0.84444895790536800     
   2.6399314068783347E-004  0.25953480987720207      -0.96573371732047253     
  0.54388963856642625       0.28773500514212524      -0.78828461095973934     
  0.64880178875285111       0.63589286631943598      -0.41796710573336504     
  0.95671480775627515       0.19421323444455341      -0.21674407993403302     
  0.43818197878583931      -0.84980014415316318       0.29297827302472140     
  0.70087972005047361      -0.65001665105693573       0.29367664423762008     
  0.90023570608032277       -9.6051490304267406E-002  0.42467609387437277     
  0.97446917357694518      -0.11085753706127027       0.19524455491763124     
  0.84831751982448156      -0.10480839177587553      -0.51901116228090904     
  0.60379399761248642       0.70935646890891180      -0.36365671788680759     
  0.12285170244945132       0.98682054239343897      -0.10532177512553771     
  0.21955806038383285       0.72851964869399366       0.64888626090193346     
  0.16615754591015972       0.42926196461996791       0.88776451588680394     
 -0.28235973961403915       0.49474184874824018       0.82189018764205057     
 -0.30097576876186116        3.9430231873055499E-005  0.95363178694058459     
