 -0.79947915644310685       0.42496722277595200       0.42454203323004358     
 -0.43869218890978895       0.85962243008808426      -0.26191304106322510     
 -0.92001928966619639      -0.30151591137722300      -0.25030513743917548     
 -0.27616908705081750       0.11358371448149138      -0.95437381311627290     
   2.6147282901064887E-002 -0.10276045666254319      -0.99436241287742044     
 -0.19192406635984041       0.11417166779825461      -0.97474611208462314     
  -3.3603182436099603E-002   6.7970947567815562E-002 -0.99712124459211326     
 -0.13894435022728704       0.13714072528482874      -0.98075832344581704     
  0.40882147102652350       0.50631089262301554      -0.75928537773288096     
  0.60858917889335362       0.45643223290535995      -0.64906766064789667     
  0.80758589804658187       -1.0446263478089135E-003 -0.58974903648255694     
  0.39859624092144558       0.91128516522702396      -0.10334594506056625     
 -0.82484852241347106       0.41102366407584623       0.38818096635718924     
 -0.52261469438458896        6.5625236596796158E-002  0.85003953410116229     
 -0.84932234174944865       0.13313599423906167       0.51080952109683542     
 -0.19978886622988135       0.21409833682825799       0.95616228282542570     
  0.66539116379583918        7.6612007164554186E-002  0.74255316274366634     
  0.86733378803474115      -0.49767097639284424       -7.4632023610119169E-003
  0.83549346631954602      -0.35296055523070452       0.42115260202041976     
  0.39646281515901666      -0.68521556018113017       0.61098025523077049     
  0.73642476611402530      -0.42024383815605576       0.53016382406363383     
  0.34443890750205880      -0.57138748959450747       0.74490145370624272     
 -0.44232781357924450      -0.75584211017202829       0.48275129189354488     
  -8.5542957853896234E-002 -0.91495945606228202       0.39437494358013370     
 -0.89406575501152308       -8.9829734364591088E-002  0.43883601098774550     
