 -0.91565202216023434       -9.1795235861344915E-002  0.39135023826112481     
  -2.3464174087091574E-002 -0.47314848645814778       0.88067016657588093     
 -0.48330703717140361      -0.86749707847464153      -0.11774177957961195     
 -0.17106363008577719      -0.98496843189615924       -2.3967115594352984E-002
  0.24086045104453771      -0.88852003210084907       0.39053603633740092     
 -0.10728133591042889      -0.99174562174224712       -7.0223476988553940E-002
 -0.23110584242463283      -0.96955283579381579       -8.0977701877513103E-002
 -0.21178632005498388      -0.85316392730538082      -0.47671570960312237     
  0.32335052715672713      -0.36622805718049251      -0.87253736121797709     
  0.63537056741194942      -0.51830603314513179      -0.57241863882298238     
  0.42845093920931648      -0.26414595186381734      -0.86409299777546644     
   5.6643734125568362E-002  -2.1621994014368505E-002 -0.99816029612440149     
 -0.10758276169579024       0.84763515567765257      -0.51955807398711096     
  0.99127845329660536        4.9819760903216173E-003  0.13168981716183448     
  0.68270329467588431       0.68837898309589685      -0.24505221294757482     
  0.39109590996847104       0.87683562855899655      -0.27964847522460762     
  -5.0717452817215153E-002  0.95526268018195137      -0.29137767902041728     
  0.77764275586872167       0.62790282782163620       -3.1777083857793716E-002
  0.19853718376070012       0.70993109402963894       0.67570765009302236     
  0.60564859137549854       0.46331445982874619       0.64693855587565496     
 -0.34059249387750734       0.57113754298855246       0.74685919697310932     
 -0.15222496821462453       0.62863240279589927       0.76265907272329103     
 -0.22442321791731890       0.36252709460092047       0.90454868577643399     
 -0.38641050285933631       0.45221807313662349       0.80385678924085791     
 -0.88452583359357095       0.39314516332739236       0.25109944296613712     
