 -0.78198504355525433      -0.62314486572753147        1.3779258808542402E-002
 -0.93678741070566363       0.28520430644610217       0.20270138314276734     
 -0.88017054720061705       0.41796075627932122       0.22496358383302839     
 -0.49428615518975194      -0.66579120825726201       0.55893046418591641     
 -0.29300898476995074      -0.94229417150069161      -0.16194884747941432     
 -0.33035641994903986      -0.92749290989628908      -0.17499010797920778     
 -0.20193119981989424      -0.92536180071012675      -0.32082600942847755     
  -6.8342903756099860E-002 -0.84457892526372980      -0.53105149138904229     
   6.9620313509980852E-002 -0.40689222511828677      -0.91081926257903578     
  0.60860511810082285      -0.64095361448448307      -0.46773739886899668     
  0.49790399069669694      -0.47340845357222044      -0.72661960621403254     
  0.58326508881419636      -0.38194825445000147      -0.71688030178905393     
  0.64352582516199597      -0.15575083785180491      -0.74941056094640102     
  0.22093695235020833       0.50050738657220106      -0.83706583915057542     
  0.56383967226845633       0.26229810044767476      -0.78312484986603403     
 -0.30619531951231926       0.84942662240590494      -0.42978929658241466     
  0.37262020212967623       0.88905749293798320      -0.26595292669128323     
  0.93345722186446634       0.10992983897408359       0.34142795060190012     
   5.2869413405673776E-002  0.85259136390081713       0.51989690451845127     
   6.2091151487302119E-002  0.98326079108198228       0.17129771051541462     
 -0.19607007018073500       0.84261754771326691       0.50154979400356692     
 -0.10329804280067276       0.49103901632907032       0.86499144434854014     
  0.22123932353180337       -6.9992796920764030E-002  0.97270456465589983     
  0.41034720439357836      -0.27239423524824319       0.87029681859117980     
 -0.21511697620460854      -0.38518771694264969       0.89741579508337521     
