 -0.90320884605071550       -7.8245006042982332E-002  0.42200888550488463     
 -0.76490832097889638      -0.60724683240504918       0.21486401520797654     
 -0.98396593194730542      -0.17473717465667857        3.5748630184730332E-002
 -0.81790876013819402      -0.42661647255989110       0.38603580848124774     
 -0.53434539433034778      -0.74868091003730997       0.39236704054195437     
 -0.32808747498677160      -0.89697018680677132       0.29631586649492986     
  0.75459340066605340      -0.65523536388115755        3.5431872526894628E-002
  0.37120000785125973      -0.88547142823854030      -0.27955483173145884     
 -0.32242603457698588      -0.71103335589999506      -0.62487840339101897     
  0.26914233477997673      -0.65173497746365405      -0.70908668213386183     
  0.70964777839406468      -0.69774572205625918       -9.7728900395601059E-002
  0.69289543974287526      -0.22338949678284944      -0.68556038560482435     
  0.43774552366507136      -0.21285894501326624      -0.87353873757206635     
  0.84385620048500709      -0.12654856799966213      -0.52143280759866928     
  0.53309823678977786       0.28185050010614110      -0.79772587116220739     
  0.47114737245336569       0.83084809392327652      -0.29616143951282620     
   1.4446579137541042E-002  0.97056464254815134      -0.24040709429339086     
  0.50532352021610483       0.85582364825209822      -0.11051707111972794     
  0.42808671055285547       0.88813349915005624       0.16721440110078756     
 -0.10452540286154872       0.83246193988727935       0.54413376921097856     
  0.45006383246112791       0.69982535667771739       0.55469542711413333     
  -6.7482309005940433E-002  0.43065236884664720       0.89999148616975377     
 -0.32694425622102574       0.50806928570856869       0.79685196507487532     
 -0.47462878895661098       0.72582260896938677       0.49790466256351029     
 -0.71632303269160535       0.67820738592775065       0.16406113040138504     
