 -0.79623141680884124       -9.2800561628978789E-002  0.59783240682312622     
 -0.97586283138265306       0.21342723831299812       -4.6266059611028559E-002
 -0.89694304212449549      -0.39925906255173077      -0.18996152282706724     
 -0.96257605642851718      -0.25588242077418843       -8.9283382156337063E-002
 -0.50334280733613279      -0.72777368225114403       0.46582344909373924     
   6.9573854911183314E-002 -0.60501342984615636       0.79316973493609599     
  0.13807730754968561      -0.98779197490000059       -7.2122614088619988E-002
  0.19509677519291985      -0.97176940365077147      -0.13267054849334378     
  -4.4521002985644667E-002 -0.99851232216803498       -3.1480514158808350E-002
  0.60321984205211088      -0.63352579330381342      -0.48453162061249966     
  0.72996390981593728      -0.59434153218971864      -0.33750679027329961     
  0.70789770011254793       0.15155668513597845      -0.68986333238255626     
  0.70747721972525635       -2.3207735765345797E-002 -0.70635499897037368     
  0.47695518207337351       -2.3250420869984297E-002 -0.87862003859615823     
  0.70966720288681839       0.11505784129702247      -0.69507852383944546     
  0.28475729422158541       0.69321895967865133      -0.66208817942144871     
  0.53256706488560657       0.82810600543704549      -0.17496503981714792     
  0.23768342671320319       0.95078975923567510       0.19875971019914326     
 -0.15626281111254836       0.96219411310014802       0.22307940868355808     
 -0.47878875415447081       0.87759540531480185        2.4241152315195205E-002
 -0.14731134358218381       0.83557625218000597       0.52925579339753781     
  0.24937778380409872       0.83883601994691004       0.48390583028584894     
  0.41385163865672681       0.16940709403213605       0.89444287557828861     
  -1.1400386615164720E-002  0.24623002650464321       0.96914436759059897     
 -0.55008850827228262        7.2667379163680323E-002  0.83193875079376434     
