 -0.33286530807544812      -0.45602545087579643       0.82537353654776413     
 -0.62312519755028095       0.12269688221769950       0.77243799962973980     
 -0.88551000525387980      -0.43957850555525829       0.15047514096716791     
 -0.90446015194051588      -0.29415103762693240       0.30891260999633807     
 -0.15573122848091192      -0.97752610124323103       0.14209329985623528     
 -0.13125291581726575      -0.98919958676279685       -6.5244537225654584E-002
 -0.41604764147919804      -0.57761097859391786      -0.70233177162034044     
 -0.50077717548226308      -0.65220787926100288      -0.56907565643405422     
 -0.21575617685542556      -0.71020343424868493      -0.67011965657638639     
  0.41692560612439900      -0.89282658482805810       0.17039286482139282     
  0.83552159579386187      -0.48689990485126422      -0.25462157335521118     
  0.70628274350503362      -0.35524626879728638      -0.61234367370996301     
  0.50055475182860509      -0.14727898169396805      -0.85308489728336023     
  0.83942194539798054       0.21067552268352577      -0.50098565021992703     
  0.49173262156865577       0.44270927854508785      -0.74980499036433013     
 -0.21392941372193203       0.27655804019732683      -0.93688305371949154     
 -0.26657519344972808       0.78896095154875823      -0.55360480775414378     
 -0.13353231203302734       0.87987432035869007      -0.45605953779792524     
 -0.18652571607746044       0.78555632358218075       0.59000798276109478     
  -6.8296151514030692E-002  0.94398231848009373       0.32285138699613675     
   2.2978379236838986E-002  0.61528440517566707       0.78797023727759197     
  0.32462729257223744       0.73084433095677748       0.60040293539057366     
  0.51911872984615726       0.73766389407300603       0.43170328201669766     
  0.32861262307431210      -0.28270155733933250       0.90116234577026777     
 -0.17330164064204065       0.23787890036292691       0.95570924977889260     
