 -0.70791899841580042       0.29227284180890917       0.64298310834960082     
 -0.81627360004090788       0.57763487200679120       -5.9468073760380186E-003
 -0.78785455667901361      -0.22286746561789600       0.57412132018344164     
 -0.80692386815529560      -0.44198956660595062       0.39181512734041635     
 -0.39796761584300611      -0.91738215899259656        5.6348116480765412E-003
 -0.60084323757404012      -0.79819840571760026        4.3205427569168231E-002
 -0.44788056111426849      -0.81251250534841779      -0.37313058254235348     
  0.39293288466452408      -0.84056872593879461      -0.37289135833754578     
 -0.11928037271918189      -0.87220442873457793      -0.47437498582841575     
  0.45577646073351413      -0.31796393019829594      -0.83136439479572022     
  0.75873291656500363      -0.34970855886601565      -0.54957100103315792     
  0.32347004407551966       0.15690117716105242      -0.93313940608638968     
  0.97384518016309940        8.0744169824831832E-002  0.21238160022084976     
  0.76582776903540961      -0.31163926642565598      -0.56248448493795622     
  0.58715299593641790       -8.9121387889598336E-002 -0.80455499351099025     
  0.32403099759609466       0.36932860121315592      -0.87097663397060809     
  0.46685577713280968       0.56826551868445174      -0.67758393106094017     
  -7.9758933070545421E-002  0.99597233411154606       -4.0958787578044761E-002
 -0.24934788310634104       0.89508130888428450       0.36966888383574081     
 -0.66787976141582406       0.56423543059129333       0.48536069387272185     
 -0.31950325961571518       0.87243845477182891       0.36982267335887548     
  0.43395625122908671       0.72794518542725428       0.53082744751240385     
  0.76896228139952416       -4.4246396912893934E-002  0.63776113564961867     
   9.1981791702034271E-002  0.24430598394414763       0.96532581867698841     
 -0.13060238886013689       0.70104145760250824       0.70105912072135979     
