   2.6340525710106456E-002  0.96714237896648303       0.25286714992732889     
 -0.91309165616439647       0.40429707356901906       -5.2985882520768163E-002
 -0.81616334157331538      -0.50989868591494003      -0.27181009910249698     
 -0.38943260674442193      -0.23736821005745323       0.88994301933234776     
 -0.17263468540105267      -0.98216707862819297       -7.4465395019655656E-002
 -0.73732458339723395      -0.60570269038062463      -0.29912657786257640     
 -0.18703224359888174      -0.83219473464556271      -0.52198741697722972     
 -0.42780324389323315      -0.37754429362663527      -0.82124581634511973     
 -0.54768495119935201      -0.58928728242312922      -0.59395428528134508     
  0.42091251580524264      -0.51658371115484891      -0.74563658937042288     
  0.91526685971139388      -0.20545660763909362      -0.34651718267850351     
  0.68388870618534181      -0.52873315840042789      -0.50273003168703900     
  0.65670475819115148      -0.20661989742044107      -0.72529103024857355     
  0.20106289396536398      -0.13490714076026178      -0.97024418371982812     
   2.9797139840282314E-003  0.23645561819779337      -0.97163772154400485     
  0.60464622449283090       0.49444779776248227      -0.62443920320104718     
  0.29985486739215272       0.91148483863482677       0.28157138959785438     
 -0.13242215640307881       0.80686397829076750       0.57570382405397591     
  0.52881071334675755       0.84395585716344457        8.9987446953393224E-002
  0.39570887428476276      -0.18876651723156274       0.89876675994640509     
  0.53638151589436334      -0.19757059248893172       0.82052466775257105     
  0.37751296974942578      -0.19307978551819488       0.90565123203983744     
 -0.22971729333938029       0.62764485837409556       0.74383593412621374     
 -0.56400273309065574       0.29650484827725898       0.77070473724662225     
 -0.75760660132102509       0.65271119555333124       -5.7691783057705129E-004
