 -0.88297364100180487      -0.44188916326382321       0.15840301981344765     
 -0.79532654977107509      -0.16262564200438295       0.58395939909544980     
 -0.78040473684072531       0.28504273011724163       0.55652411333551366     
 -0.75707937907391121      -0.64131283543311401       0.12469426967511071     
 -0.35852081034186661      -0.92460646300810168      -0.12870787511044979     
 -0.11533848151576528       0.37834028131975028      -0.91845286553667849     
 -0.38618547880944720      -0.49855691589866402      -0.77608103801492323     
  -6.8715400304393784E-002 -0.74191782237800907      -0.66696037258509577     
 -0.41427026646318632      -0.77385469700032550      -0.47909190585419142     
  0.39245015361013080      -0.49025558717648393      -0.77822383423639641     
  0.62575506715022633      -0.55046457549250116      -0.55264757944249032     
  0.85330951397754851      -0.34060221168327165      -0.39478222699592730     
  0.67704426539371754       0.17424293427091897      -0.71501780576018492     
  0.43733411904918335       0.17054111501450103      -0.88298051870076799     
  0.20990826977218047       0.19830608319282123      -0.95739919346630120     
   7.3233037748648019E-002  0.92894936323630595      -0.36289117201294585     
  0.27311846305304155       0.92462582835239204       0.26546823290779187     
  0.13690360356379488       0.94209802959146316       0.30611877755398093     
 -0.12674742668739902       0.45779226419421681       0.87997802965303484     
  0.37849729642751717       0.12524817097381702       0.91708924989053409     
  0.70041266557518933       0.20571186004714218       0.68345060431448479     
   9.7911163197458004E-002  0.72587387774582690       0.68082341155957349     
  0.20827840604286993       0.25852620746228105       0.94328378849179784     
   2.4792336136926510E-002   1.7624361417990675E-002  0.99953725390978676     
 -0.71990745755704233       0.60039227047521748       0.34822747465902715     
