 -0.24868988719664034       0.96858316112046994        0.0000000000000000     
 -0.48175367415922998       0.87630668001224465        0.0000000000000000     
 -0.68454710600045532       0.72896862735401813        0.0000000000000000     
 -0.84432792557235103       0.53582679486816498        0.0000000000000000     
 -0.95105651634585786       0.30901699421889550        0.0000000000000000     
 -0.99802672844063500        6.2790519332802677E-002   0.0000000000000000     
 -0.98228725068564426      -0.18738131481137152        0.0000000000000000     
 -0.90482705235423866      -0.42577929180261898        0.0000000000000000     
 -0.77051324258752663      -0.63742398997626004        0.0000000000000000     
 -0.58778525202698173      -0.80901699456783815        0.0000000000000000     
 -0.36812455234904523      -0.92977648602113783        0.0000000000000000     
 -0.12533323317361098      -0.99211470136383384        0.0000000000000000     
  0.12533323398755550      -0.99211470126100876        0.0000000000000000     
  0.36812455311184661      -0.92977648571912341        0.0000000000000000     
  0.58778525269071036      -0.80901699408561112        0.0000000000000000     
  0.77051324311047797      -0.63742398934412048        0.0000000000000000     
  0.90482705270355390      -0.42577929106028645        0.0000000000000000     
  0.98228725083937452      -0.18738131400548935        0.0000000000000000     
  0.99802672838912077        6.2790520151597043E-002   0.0000000000000000     
  0.95105651609233621       0.30901699499915508        0.0000000000000000     
  0.84432792513275179       0.53582679556086243        0.0000000000000000     
  0.68454710540239938       0.72896862791563011        0.0000000000000000     
  0.48175367344029557       0.87630668040748216        0.0000000000000000     
  0.24868988640200165       0.96858316132449851        0.0000000000000000     
  -8.2041282588290491E-010   1.0000000000000000        0.0000000000000000     
