 -0.69218739911608540      -0.15930062562202801       0.70391754856754485     
 -0.39224627132876871      -0.44842590423090017       0.80315445030417076     
 -0.68217240777641674      -0.69623183158410740       0.22338765130951252     
 -0.65362285729850067      -0.73546663771811371      -0.17851046249609032     
 -0.60254415235959735      -0.42870246562060715      -0.67316769116473507     
 -0.52417449528268734      -0.80632900624588966      -0.27399750396977712     
 -0.47096744260270151      -0.62391586842755631      -0.62363343169890584     
 -0.79240465796501569        5.6083615771278850E-002 -0.60741212210272333     
 -0.16470950960665587       0.74882886922109593      -0.64197048379666966     
   4.3483042888063990E-002  0.68740919596391048      -0.72496746291500047     
  0.62309671902783481       0.15003961122790255      -0.76761878155715502     
  0.64074696775199957      -0.41900641831784224      -0.64333268588271675     
  0.81716717165837516       -9.3641895751434598E-002 -0.56874335945477361     
  0.76930444905141182      -0.56421379267231353      -0.29972230619028029     
  0.91470534813676607      -0.22897096567316108      -0.33299613056108257     
  0.74359820043533065       0.33573730313692868      -0.57822329561479902     
  0.81305313878469487       0.53220116837259401      -0.23602226567673956     
  0.77432061286214182       0.41977760101894007       0.47351278143213293     
  0.71965264313417665       0.54815939169381933       0.42617056975797973     
 -0.11836882659462108       0.69722507879597428       0.70701202987542655     
 -0.43243902187426836       0.32064444101016210       0.84272393748471308     
  0.16215150983756152       -6.2734857543782191E-002  0.98476963067837442     
 -0.16366371063833224        1.3842069121875605E-003  0.98651521721225632     
 -0.41664704678069731       0.63223861656704927       0.65320714182435513     
 -0.63721843294009539       0.35864427406281224       0.68214877659009410     
