  -8.4153083128680820E-002 -0.63143795494884325       0.77084652665105646     
  0.18666843973666178      -0.51040696850838607       0.83942815065042653     
  0.30108104418425274      -0.16738848553665059       0.93879246894225943     
  0.54704287603733703       0.30516659660921497       0.77949819761869443     
  0.82676374171805422       0.43265211500004547       0.35954674628811734     
  0.70141324417978224       0.50440901150053274       0.50357820644491502     
  0.23579241937421352       0.62188969154537432       0.74676311271733131     
  0.46662358757011324       0.50655810346257768       0.72502504462923234     
  0.49447230386355712       0.21396137643313190       0.84244742869020184     
  0.19617963794975127       0.58406841962946132       0.78764054672513528     
  0.16367464144392438       0.35932911334734907       0.91874544899509614     
 -0.32679623625009979       0.34520072613687430       0.87979581645251015     
 -0.13657667991157155       0.21054560115319376       0.96799657041714271     
  0.32271878292169354       0.71402374962258386       0.62130722845017861     
  0.83576346119637424       0.51435269497768510       0.19219974531257894     
  0.65723925945719575       0.72333209511789509      -0.21172443411305036     
  0.45261534541823517       0.87478252514831412      -0.17290136722145674     
  0.11749860979031398       0.97467030332247617       0.19029418414284488     
 -0.26241761819180182       0.91614729212272494      -0.30300351944939669     
 -0.25302403477128893       0.96452079708285476        7.5355622369566638E-002
 -0.65895325739760180       0.62129438254192870      -0.42399751743012898     
 -0.38526728275713334       0.49545619515009487      -0.77851928654614555     
 -0.30328793243192576       0.37664945699991270      -0.87530087203363438     
 -0.87663237275027173       0.21238664443654820      -0.43174946011686466     
 -0.77402627210537434       0.42494829094157205      -0.46936369705856712     
 -0.55182558738408216        4.5835457388322835E-002 -0.83269900441529465     
 -0.36369149482886209       0.37860915483327218      -0.85110728140793024     
 -0.17995776850624812       0.80920655356402738      -0.55928521813410181     
 -0.39735748770313817       0.62078023124590076      -0.67582463069981735     
 -0.65266470364328544       0.38238660670263175      -0.65407130164278926     
   6.7857100689305561E-003  0.41836626270786192      -0.90825306185375532     
  0.13064721396957635       0.40298632707939919      -0.90583294578472950     
  0.25705040122847217       0.24109123267708649      -0.93584192508913144     
 -0.52396108882115211      -0.24068179915419929      -0.81702940519742084     
 -0.90062921780614069       0.11105770991178594      -0.42015853805797632     
 -0.88595388272491959      -0.41017413851051543       0.21643219211052001     
 -0.94102976254287662        1.4780690687312418E-002  0.33800076507501386     
 -0.88177046202560228       0.33930628033600108       0.32764630384559168     
 -0.86735684375070954       0.29895468972596173       0.39789219531132913     
 -0.73469921145897654       -7.2795112788672373E-002  0.67447604867455679     
 -0.93429647827242834        8.9299341969832607E-002  0.34513145062640083     
 -0.98827661662760546        1.8445298357270785E-002 -0.15155560034382243     
 -0.21163927771223282       0.10989270346311972      -0.97115004497503110     
 -0.46245923062167116      -0.10491811131729678      -0.88041106872323571     
 -0.67703386942349797      -0.66776327677031400      -0.30938220028046703     
 -0.89686805571334727      -0.44225379750580507        6.2665167839578706E-003
 -0.66315198759826377      -0.55509901256164007       0.50209015883357266     
 -0.69395515396347840      -0.45354660258222468       0.55921527480356126     
 -0.93254866128233882      -0.28070185342098131       0.22706709102497363     
 -0.83878626882994667      -0.39968005864573714       0.36972076753036826     
 -0.30358608011270971      -0.95272452708672406       -1.2307211265620632E-002
 -0.10555085918572218      -0.97411150333522056       0.19991446969925913     
  0.10712648197027341      -0.61865313778063913       0.77832654585002548     
  0.37677403821505784      -0.85613150434962781       0.35366675188255148     
  0.52118122696478886      -0.64199451484665770       0.56232834853517621     
  0.92108551074830669      -0.29822341864460561       0.25032833331737070     
  0.86378390261866500       0.42091382363212326       0.27696375692903369     
  0.80332070690394830       0.24699594667484576       0.54191221077361640     
   3.8617183910937741E-002  0.98117285798565324       0.18923143464831327     
  0.31115644903596340       0.92709438880565331      -0.20899200575233237     
  0.71798385040247303       0.56250865657014415      -0.40997951393315757     
  0.65548614029447783       0.62529829486294219       0.42348549245910116     
  0.92838621276156819       0.36176968657602243       -8.4980785056969127E-002
  0.85130683657163952        7.0071607972980135E-002  0.51996792185909357     
  0.87946699288026975       0.46552044594056813        9.9138906819841000E-002
  0.95166573021345402      -0.13324826384676033       0.27672592599737855     
  0.89420846157176670      -0.34846500554582738      -0.28100421200293457     
  0.54813993947794903       0.30242335883101684      -0.77979658808080288     
  0.73631260781840102        1.1228836936407402E-003 -0.67664058605721189     
  0.39232305837459985      -0.55359716373628609      -0.73458341811581718     
  0.31801767319774060      -0.59413515177244480      -0.73882892536920997     
 -0.38259300035084609      -0.49613997555940204      -0.77940215597241547     
  0.52775550633735557      -0.30778932592431524      -0.79166903209462858     
  0.57104805567141581      -0.31797968311298441      -0.75683091852887441     
  0.82929933392133848      -0.40925733440378020      -0.38048790913030800     
  0.91461476466534286      -0.19780442252850663      -0.35263755143820907     
  0.54872703456034078      -0.18947290841318282      -0.81424729567870424     
  0.99911827590210311        1.7017304502341492E-002  -3.8380751763325671E-002
  0.80886035971328263      -0.45195830773078033      -0.37613642014256404     
  0.25190421018603021      -0.88861995608309419      -0.38327384797484071     
  0.71826356421352022      -0.69480263223452088        3.6698154766811271E-002
  0.73650909035802858      -0.67455695680275685        5.0271978765671681E-002
 -0.21390564593820716      -0.97244097970566468        9.2751903618546017E-002
 -0.59136754472356290      -0.80408400033780314        6.1101124772060186E-002
 -0.52928255644088451      -0.74081542312955839       0.41358491788360485     
 -0.74483745988742744      -0.56865157505025188      -0.34907383823674032     
 -0.18115478839595756      -0.81214017702689623      -0.55462714998451390     
 -0.80321018675413502      -0.41983694914554154       0.42259949364210919     
 -0.78017706523128072        4.3262998983753909E-002 -0.62406094238147236     
 -0.56660596684896891      -0.28695455013506888      -0.77240841818815620     
  0.10600102453891498      -0.77767654396982810      -0.61966359886302602     
 -0.17193664640147663      -0.84160857656276333      -0.51198905601609168     
   3.7494534312189326E-002 -0.98768106100593789      -0.15192195900173613     
 -0.39947086207015259      -0.65297928608680555       0.64346024142795322     
 -0.24891222327606957      -0.16303565870403422       0.95470523152160847     
 -0.33910736770410838       0.11471602680522090       0.93372716912535314     
 -0.30934965261388347       0.75598945270549456       0.57687324415833718     
 -0.31044128037537944       0.82814304044806264       0.46669617096820443     
 -0.11847457846616372       0.37232081222493912       0.92051126394058169     
  0.19911297903170577       0.13266590527461422       0.97095508606672254     
