 -0.51484887793255241      -0.84452356074288037       0.14734513307796776     
 -0.66418416356501853      -0.51536098635902572       0.54153711840326368     
 -0.46653235764983680      -0.85357304197478656      -0.23186336769660781     
 -0.60414283870052643      -0.44148963127266655      -0.66339907742293946     
 -0.76141002688052017      -0.37374363443628966      -0.52968902828372244     
 -0.86065256108227894       -9.0099531288105023E-002 -0.50115790282523554     
 -0.64556471126806658      -0.60734482536312240      -0.46301022307289258     
 -0.95483962799765576      -0.27945111482025276       0.10093740253729555     
 -0.64805934002205434      -0.19720534774863180      -0.73561480587972061     
   2.3777462671459568E-002 -0.14248502897417911      -0.98951131817028426     
  0.50831515077576528       -9.6035856178060958E-002 -0.85579952197925557     
  0.92738504341059425       -2.3494884587132205E-002 -0.37336975193039723     
  0.92244079701545334       0.25281613388353980      -0.29186808398598812     
  0.83911060447046859      -0.33761227191629573      -0.42651066495073375     
  0.51287516072747708      -0.11871447908414065      -0.85021523272904331     
  0.96438102584340990      -0.24170896512861675       0.10745237628654762     
  0.89008289614826630       -3.6521254710857515E-002  0.45433317723740579     
  0.62509576080259865       0.39287301084673548       0.67446726175171234     
 -0.21634261572942245       0.80341884268740282       0.55471978136187672     
  0.42739027807119662       0.89643979880575753      -0.11718889592162492     
  -5.7152991291351374E-002  0.75667464354662173       0.65128873735085613     
  -8.4097087383182501E-002  0.50035552005760087       0.86172619400922013     
  0.28662966476450796       0.68459549836070932       0.67020328177446764     
 -0.21969544924379028       0.74525991263624158       0.62954076293678440     
  0.23459501489319323       0.16854091016140052       0.95737095244699499     
