 -0.95315628358981586       0.27804355828735927      -0.11910028861494384     
 -0.63678641371437250      -0.73991058026954293       0.21687645449425552     
 -0.67889499809154685      -0.59803709127629145       0.42597326092619142     
 -0.76059436300425876      -0.62953043549855625       0.15870616165467993     
 -0.61604978180580483      -0.53567846465769531      -0.57752164361086500     
 -0.41221151324320149      -0.30679163727856212      -0.85788143682311957     
 -0.11303184447515134      -0.63572641484972137      -0.76359395466233371     
 -0.68447929019228682      -0.72055968073841303      -0.11082349837458877     
 -0.41773761188173492      -0.88429008488866823      -0.20862965605798278     
  0.67091141487862704       0.12767309819984005      -0.73046386179027989     
  0.42717426272598380       0.15588163186253237      -0.89063071253597947     
 -0.28441763229083783       -1.5424255114129810E-003 -0.95869923926412459     
 -0.11312445304205612       0.40902714303907267      -0.90548310551948286     
  0.82200616142521610      -0.24021403253959411      -0.51633621715898226     
  0.81711303451550299      -0.56198316428808581      -0.12845704294266763     
  0.92066673501716234       0.24061589208827089      -0.30737071348351597     
  0.45019538473502119       0.74775562783401939       0.48804265859227669     
  0.25559197110627019      -0.23264497236558460       0.93837575690074082     
  0.44595061723640261       0.57522831494825644       0.68574079116546627     
  0.23549378361136489        6.3989091901237277E-002  0.96976702047351115     
  0.44524815277354146       0.70682790304535947       0.54968026881840637     
   2.3217590368861118E-003  0.61536192092595765       0.78824128013531103     
   2.9901635742728860E-002  0.52312644983721568       0.85173036206339925     
 -0.12568172438056879       0.50817820646353928       0.85203228497062822     
  0.14626656312359843       0.88157823206769437       0.44880498354680642     
