 -0.83687492406297082       0.15208273892367891       0.52584332457118521     
 -0.60041840480850850      -0.73855748407109478      -0.30664406384243131     
  0.20394580627462014      -0.89195607124867005      -0.40351019202202582     
 -0.79447291289000321      -0.59663460361416387       0.11331346104614029     
 -0.73909029160271478      -0.65255612612596459       0.16708094778903590     
 -0.60032951255893208      -0.78517680639705523       0.15199295722789605     
   3.0207968651941197E-002 -0.67830932597709237      -0.73415525396364190     
  0.45214365661145056      -0.75035615406179768      -0.48221546620527733     
 -0.45423882708839974       0.39495288708614962      -0.79854824835297222     
 -0.27730666859233954      -0.10898249897336841      -0.95458044525942820     
 -0.48280520578061420      -0.30899716532813620      -0.81940215101638181     
   5.9569260782514760E-002  0.71163630993127480      -0.70001804659395728     
  -5.7231965852495847E-003  0.79839424849802310      -0.60210785494469743     
  0.37285161083138701       0.91097761619875650      -0.17635605769372048     
  0.42686804369814169       0.14600589836936825      -0.89244941084110507     
  0.57075184186368244       0.63420475665615750       0.52156175247412695     
  0.93618887423821107       -1.0614590764992472E-002  0.35133704930659415     
  0.53164842698042425       0.22979845469108529       0.81519483579745400     
  0.61528390157847868       -6.5102937748376360E-002  0.78561270862612398     
  0.30555566867838463      -0.39143934387520268       0.86799249616864071     
  0.32824843175139312      -0.32748346429471159       0.88600651671774266     
  0.65050826726899602       0.46367096549404985       0.60153821987681166     
 -0.31867661276609882       0.49979782004937096       0.80538646347567067     
 -0.40954788616212290       0.72763212652003373       0.55029266522107101     
 -0.32986600653686526       0.87281718802909192       0.35969233243487647     
