 -0.87784766785646362       0.42925344040715407       0.21242635415032068     
 -0.81738006631640159      -0.57394623297429337       -4.9754887631621961E-002
 -0.13385269349210785      -0.84491684675866607       0.51787930882428768     
 -0.15222255594498282      -0.96568208846810044      -0.21044333554066147     
  -2.6761063889115644E-002 -0.90936925173851813      -0.41512818436242743     
 -0.73241998858059487      -0.41578303950993112      -0.53915250568228934     
 -0.55653883441365493      -0.17497885632615390      -0.81218650913954271     
 -0.43559172062089707      -0.54157133635595134      -0.71899954142135059     
 -0.18748470158035363      -0.29183402261213715      -0.93791384994533045     
   8.6238685637915896E-003  0.33830220365031904      -0.94099800631897235     
   3.3733920418759430E-003  -6.0217156987762609E-002 -0.99817960018746166     
  0.34078744610820932      -0.13553823253328673      -0.93031892601236144     
  0.59972293116224229        3.6894345449033555E-002 -0.79935674958809066     
  0.69524692140439126       0.35328705046638198      -0.62595525259436902     
  0.78769286407876193       0.44448485506841628       0.42658312846872826     
  0.34571320139678524       0.28343657384248944       0.89450885461708896     
  0.52152766470298628       0.35412039506492776       0.77627806921778475     
  0.61694691690354686       0.14318678186886569       0.77386952855197211     
  0.10070091097389812       0.86806686490782248       0.48612677829770290     
  0.65615101136469556       0.62174167688341098       0.42767176375264460     
  0.33620798844566524       0.65900137082288723       0.67281600884557724     
   3.6562132664092320E-002  -3.7732274231872968E-002  0.99861878909641943     
 -0.45581102406647150      -0.47688990961520927       0.75153996862887829     
 -0.14262221744131534       0.33980572352571459       0.92961872472069140     
 -0.34472506052684548       0.46373225992175848       0.81615992535326731     
