 -0.22665857403277001      -0.42268448350987453       0.87747576503139446     
 -0.29376128111939592      -0.76631702067250429       0.57136899945895747     
 -0.79021707719532108      -0.48287736497753236       0.37734125311349465     
 -0.91227705623546984      -0.11107689353024604      -0.39422391656269445     
 -0.89850983920472216      -0.35282991387580726      -0.26113429634326879     
 -0.28223406396401352       0.12389843493979606      -0.95131125871495470     
  0.11075913271005826      -0.75273059651258356      -0.64894457667440586     
  0.12324788104210510        6.5818960884238942E-002 -0.99019080191986686     
 -0.25339983615844414       -5.1908685698884814E-003 -0.96734770269965087     
 -0.14297683204317813      -0.42606328430969981      -0.89332396321943530     
  0.54873981845191000      -0.39034529016536368      -0.73926664072649817     
  0.44674898074304770      -0.57381186129010531      -0.68640752913107905     
  0.41946021252466031       0.67874347256106204      -0.60279385246077632     
  0.27450939842581135       0.78535556523017025      -0.55485243654317762     
  0.36213077032486102       0.89477404646365732      -0.26122923067478721     
  0.69011611419258068       0.59090911840251115       0.41781115676877500     
  0.28186655551254181      -0.11770488996114906       0.95220628214831560     
  0.31278533393864316       0.77638990682657605       0.54715998341501726     
  0.50480110698757330       0.82894550805546030       0.24088417768458245     
  0.16336024336404237       0.73550821942759836       0.65752649379511652     
  0.74727648650099676       0.27206524329708504       0.60626591204886648     
   3.7102421790084134E-002 -0.16951226210459924       0.98482942852737398     
 -0.51594009244260419      -0.42231177910368939       0.74529093798369539     
 -0.53949150038532223      -0.33736851680785451       0.77144760345658114     
 -0.47664175776056483      -0.58969925498504339       0.65197194987900220     
