 -0.36145091364417176      -0.41434695078196432       0.83526632962396452     
 -0.71108665878161126      -0.26828865429764454       0.64990534824540547     
  -5.1267332166449204E-003 -0.94752464835951977       0.31964160767603100     
 -0.41485388774799381      -0.26442752349069759      -0.87061721591119978     
  -3.9567843582487688E-002 -0.53107666408427534      -0.84639941080990411     
   9.7157145825312319E-002 -0.85848737728132207      -0.50354732852406414     
 -0.39704947676143454       -8.5656465813768901E-002 -0.91379137819732259     
 -0.34515269820171574       0.33545771208165948      -0.87654876551677030     
   1.1236079457974946E-002  0.24418011052548907      -0.96966479988813725     
  0.42234311122630019      -0.39899556547365345      -0.81389731240003393     
  0.27195221446343848      -0.23857447638146706      -0.93226831559787626     
  0.13132803053404585      -0.35690148138208788      -0.92486446627780194     
  0.49064008582070684       0.34634832492491097      -0.79957185043468604     
  0.11136441157798503       0.99206498074717331       -5.8352736088387480E-002
  0.71359569799928801       0.58614991203215050      -0.38367885063106960     
  0.70281859447744288       0.34280862119944078       0.62332036104082011     
  0.80444037734577578       0.48660511442601484       0.34072150197810935     
  0.26344831870949337       0.25253645913540035       0.93103185776669661     
  -3.3917273182982960E-002  0.82614587298085407       0.56243454297946371     
 -0.69037756314245913       0.68857222718620692       0.22191689493439734     
 -0.35121666057817624       0.82776413295943974       0.43755387956026864     
 -0.11765326431840795      -0.29016274287841692       0.94971748011740587     
 -0.33529811505325979       -7.6800281105003254E-002  0.93897651241335345     
  -4.3652583893804192E-002 -0.19058707844093423       0.98069924923535123     
  -4.0032161303048257E-002 -0.47694060494182461       0.87802339685178954     
