  -4.9840570036240761E-002 -0.36631095079296572       0.92915671708685710     
 -0.60130832810522228      -0.69218157403508196       0.39914027999894958     
 -0.33402715626690960      -0.93901201323164152       -8.1745323309208459E-002
 -0.66530902716293649      -0.57310640354433284      -0.47844848060372147     
 -0.19563127618753734       0.18396692355133221      -0.96326765481682253     
 -0.59473370475118148      -0.29776067869770334      -0.74674654244557792     
  -2.7591662964314263E-002 -0.73516553063363455      -0.67732587629812879     
  -7.7332938003814300E-003 -0.43568671677088622      -0.90006515375074991     
   8.3232640129768734E-002   4.7280369073836176E-002 -0.99540790348339137     
  0.22548805698100180       -8.4587972055731986E-002 -0.97056685042421686     
  0.25776107664851300      -0.61453254520152101      -0.74559303795911447     
  0.50923603635572490      -0.14991171950377852      -0.84746984349422894     
  0.70494119921743026       0.44100439789340745      -0.55549349832788419     
  0.52846407388377847       0.73699831776448854      -0.42137774291776647     
  0.11477961588161192       0.86177860983071131       0.49412879638438878     
 -0.22485450295938986       0.51858871728753542       0.82492799370667780     
  -3.7166501094522603E-002  0.74281613237569755       0.66846304660675770     
  0.52127896156205056        9.6051865562648525E-002  0.84796360968778195     
  0.13696155201328522       0.42590367810945939       0.89434198729732561     
  0.67173939178351161       0.26745366747034383       0.69082177533933919     
   9.2278039926832492E-002  0.25555307581258552       0.96238110371619701     
 -0.11746765781020828      -0.21944131555672192       0.96852819184336369     
 -0.45250723147857003       0.65240018825634916       0.60795657725095809     
 -0.69519289207655777       -2.6003245851612955E-002  0.71835275040292590     
 -0.73583478963149440      -0.29243709140268603       0.61075994460993899     
