  0.76016556518655876       0.36093732788351929      -0.54025231035589805     
  0.61010023884843312       0.78017352223043268      -0.13822797751408739     
  0.17890894062558865       0.77458125763567154      -0.60664278309707131     
  0.77633358154240473        2.6961810423033503E-002 -0.62974536992997676     
  0.48105375684281876      -0.21971132009107222      -0.84871327246086736     
  0.55992616664110806       0.18239487154981229      -0.80821704927755000     
  0.47393318500310327       0.77006229056341258      -0.42707306729064054     
  -9.4258917375994331E-002  0.98361343441659588      -0.15368756660930238     
  0.59793398074707393       0.64648801416539192      -0.47384406950856428     
  0.43200492711807059       0.89632052640286541       -9.9906240518771131E-002
 -0.12927336717633955       0.98664875853370937       -9.9058688779812845E-002
 -0.89322762524370480       0.19990242071798148      -0.40272004133464190     
 -0.97437448567923257        5.9170905625872253E-002 -0.21700959790926799     
 -0.74972196690023274      -0.65874245922428087       -6.3050335148897768E-002
 -0.84331489115802216      -0.35259200325550188       0.40558460719238687     
 -0.88472443462784955       0.31697123694790735       0.34174831341228540     
 -0.85369114319041906       0.48285387363148213       0.19509886918510316     
 -0.94144159885513001       0.27591149393002223       0.19380547841170051     
 -0.92026858482421292       0.37794186519733153      -0.10131968375790762     
 -0.99539775274266951       -7.9859739790973300E-002  -5.2969196665238666E-002
 -0.99393453930910447      -0.10813974891304448        1.9998156750391453E-002
 -0.20877961208050452      -0.46914295450681542      -0.85808855126736383     
 -0.23690244618173376      -0.56587100599388251      -0.78972605096233772     
 -0.14191520105782046      -0.41800376435574110      -0.89729199745297106     
 -0.34942200519002298      -0.84482552755660056      -0.40518402026447825     
 -0.88422536686362296       -4.7088243580072187E-002 -0.46468074837615858     
 -0.92858565344027821      -0.16977220220165684      -0.33000921742352496     
 -0.58570713782690176      -0.72684552727594642      -0.35866799157100115     
 -0.60558101422416333      -0.79105233710246758        8.6647764979607689E-002
 -0.37474829171551566      -0.91978820543176965       0.11641896325305143     
 -0.64659647603013870      -0.53415120714941766       0.54460580706252415     
 -0.55795269994896168      -0.82280876778193368      -0.10804867551637234     
 -0.43096993398165823      -0.75840243631548221      -0.48896897712900134     
 -0.90469611655264814        8.0064874013395185E-003 -0.42598219781353325     
 -0.61894018382883043       0.74035463310264082      -0.26227479117403407     
 -0.37948112840132275       0.92452300534357990        3.5373518028756573E-002
 -0.42313686354805236       0.83867248680158324       0.34290473106791997     
 -0.42483405779205241       0.90389115261348496       -4.9968065471849996E-002
 -0.59665006691967537       0.79397782636317316      -0.11665294204760319     
 -0.80876801520486152       0.53381640840489086      -0.24684881952176191     
 -0.67436492680434068       0.33233422760956799      -0.65938297419278136     
 -0.84379829443363774       0.37191713584433700       0.38688768703102716     
 -0.40195008746969763      -0.19181156288253032       0.89534599542727744     
  0.13188951057785894      -0.87671476984524666       0.46257579847492941     
  0.24059063025830463      -0.87920458013960801       0.41123649508942983     
  0.24586731529208561      -0.48229383784774177       0.84079838085307834     
   9.6706191404824837E-002 -0.28804150695609659       0.95272241645425637     
  0.18200572643121882      -0.35218226000880015       0.91806403441227025     
  0.24495842934871620      -0.74349107116691338       0.62226714117497572     
   2.7497346648217014E-004 -0.86983440422177905       0.49334372766027085     
  0.55187486287105125      -0.76676939826269586       0.32787013529584152     
  0.14343698165003535      -0.97865161180831017      -0.14719665417433503     
 -0.74055334551862539      -0.61662751309991226      -0.26711655233133108     
 -0.59647242021159974      -0.75207790839744959       0.28035597305465626     
  0.52641834737100623      -0.82688909393197407       0.19783364195084840     
  0.10655155835644597      -0.92747075779878874       0.35839190677239208     
  0.25479459324983306      -0.90603018896580767       0.33791864691553730     
 -0.14754168437457665      -0.80386488255650412       0.57622278848057140     
 -0.23037665470881097      -0.83344583435995334       0.50228939681544360     
  -1.0293490969135264E-002 -0.99991557778765494       -7.9297756118189167E-003
 -0.20581312565409482      -0.90891190910849040       0.36265699881466379     
 -0.35712667169772994      -0.47719696374740256       0.80295927552545598     
 -0.54094680172257181      -0.34692438069063308       0.76617232512571709     
 -0.55633135452908788      -0.71651852889354273       0.42082849442506848     
 -0.31731098301060723      -0.94201271789961860      -0.10920521679945200     
  0.46658019164132408      -0.53965115146740916       0.70077068966092204     
  0.84217595682992286      -0.53258174274877890       -8.4239806672834844E-002
  0.34407434925714725      -0.79722279400003715      -0.49603292119580000     
  0.91554445963079245      -0.38381340214399540      -0.12027308416268331     
  0.88128401247947463       0.26217460179359769       0.39319583863825386     
  0.76822343101817969       0.36266755966482522       0.52754620764574511     
  0.56636460846397840       0.61633400186503351       0.54714123261226999     
  0.64709384796641478       0.73325720773484737       0.20881431758599955     
  0.94420430456824855       0.26202675620249394      -0.19955001946575163     
  0.60368540944100091       0.17740131416981711      -0.77723400604893322     
  0.88623570782796091        2.6434464000106378E-002 -0.46247971769981211     
  0.17459257183579285      -0.39186758935217664      -0.90330350728593589     
 -0.37326768129815541       0.11628197182197006      -0.92040737781022752     
 -0.31378626126089348       0.83303857754887434      -0.45561487087150193     
 -0.15544208014520136       0.59601023060006486      -0.78778776630523240     
  0.34116880061462251       0.93083235026078204      -0.13097704071769289     
  0.55556396928175289       0.78718090723494016      -0.26775902472312341     
  0.13225221827501954       0.98207784301329915       0.13428499925039372     
  0.64020410348031653       0.67835786980112500       0.36051256062145198     
  0.74075986232628332       0.29074313617983133       0.60559330836020697     
  0.87076208636311014       0.15087753506921237       0.46798435696505264     
  0.98866975887277553      -0.11766997804778796       -9.3198090949716664E-002
  0.74773517271282353      -0.18327258320972742      -0.63820315866638955     
  0.87686976723018017       0.22496398546824900      -0.42484187241834176     
  0.82960905475629432       0.55834238318033125        1.6122688579690123E-003
  0.86041374926791303       0.44932144748972352       0.24041301315957014     
  0.38098709437698980       0.57566270680585263       0.72350624179140866     
  0.22241308779535113       0.67719254976970977       0.70138624802153759     
  0.44984369798626722       0.66503823072129187       0.59612481835696562     
  0.59065055450117998       0.52860472836009720       0.60967939412676553     
 -0.17055442918112559       0.94055430086555858       0.29371549807592084     
  0.14058060617172180       0.95057275818513853       0.27685469937257112     
  0.79439140802836461       0.26463933808024132       0.54672507861917674     
  0.93475182445726313       -9.2302008470709337E-002  0.34310255887428071     
  0.98419354726044916       0.10352195298160549      -0.14368808851728426     
