 -0.53387845037054449       0.14824666700934372       0.83246424905251826     
  0.11598274036795055      -0.99084532817129634        6.9090806753717121E-002
 -0.57363747064971071      -0.76260711044672980      -0.29894890426745835     
 -0.56746890058376676      -0.61612186144053926      -0.54623520458252894     
  -6.4470161165962422E-002  -2.6054922054141980E-002 -0.99757944012293498     
  0.28881485541052399      -0.37714237529944750      -0.87997136774311813     
 -0.59162848302419524      -0.12284632478127641      -0.79679640973226196     
 -0.15743135440017703      -0.37371079922856770      -0.91408730829808038     
  0.25852588588660386      -0.70566836163228785      -0.65969426988392554     
  0.11374396100357609       0.16917962198887823      -0.97899977877365785     
  0.40787861605692732      -0.29924527650666255      -0.86260494958694622     
  0.31038126685596840       0.41151338966313816      -0.85692485044654787     
  0.36686312334336407       0.65411665320377654      -0.66147022059366312     
  0.79884177130491352       0.44231747933119736      -0.40768501554081654     
  0.60540135644776860       0.76933488144662032      -0.20399273957836167     
  0.29582479179032933       0.89480832584843673       0.33437367204146595     
  0.75862665931125983       0.46169071554908009       0.45970346415705932     
  0.13990525496385409       0.33915189904966969       0.93027012690105626     
 -0.47663217246506778       0.80480596544534544       0.35370769026811238     
 -0.64541920178078993       0.50005036377830092       0.57739387566708622     
 -0.47757203521404440       0.41088113998692560       0.77659618849475553     
 -0.18117648459532637       0.53002265323674025       0.82840272119641567     
 -0.26497040502694180      -0.69140851239634049       0.67211974635905292     
  0.11515565422813423      -0.10255144670105189       0.98803966321137526     
 -0.11770050581670305       0.38107260713413699       0.91702249646478473     
