 -0.77648040869246049       0.59385754734956631       0.21074009673691591     
  -7.3168122703757790E-002  0.95997476563009176       0.27036063909790958     
 -0.88197127722673263       0.47125455074891898        6.7686442843346573E-003
 -0.97107508577446755       -6.2457622503838330E-002 -0.23046089294988056     
 -0.77769559597839144      -0.23826173677749224      -0.58173955064406657     
 -0.67905269250470990      -0.24575668773631373      -0.69173050477408260     
   7.0190825954451655E-002 -0.24599264155573536      -0.96672688400200890     
 -0.11070748876079253      -0.70248288907788237      -0.70303744031527826     
  0.14129705119654504      -0.94216927686749030      -0.30389504281929747     
 -0.18332404709328004      -0.87680564212749024      -0.44452689422661751     
  0.44370406457381895      -0.84026405416288397      -0.31158148591089452     
  0.12096680222735154      -0.54432372002649820      -0.83010765601541880     
  0.48829059149410070      -0.79447749926844835      -0.36107866374864678     
  0.79379976592105683       0.28984829758683772      -0.53466802411371850     
  0.46476740700305519       0.47862451782116555      -0.74492269956561574     
  0.81151202450070226       0.57620106457182740        9.7162581671730586E-002
  0.95146360234443039       0.18024520677035219       0.24945676749706583     
  0.56389765146496973      -0.12210232816917914       0.81676830259748978     
 -0.57461222185712779      -0.30911335855900640       0.75780586303669906     
 -0.40989928594578234        7.8849368515538198E-002  0.90871632122783130     
 -0.11401026440659885       0.17224144607672620       0.97843474174997258     
  -7.6166060153176091E-002 -0.33568465981051732       0.93889005770038925     
  0.79044077981264804       0.34960112464179494       0.50297358505029310     
   4.0848751426169783E-002  0.86829423360955549       0.49436474731448687     
 -0.47655285751167281       0.87757328795110723        5.2559473666452659E-002
