 -0.99050536051761462        7.3293842921426336E-002  0.11630624822289465     
 -0.85982187651272068       0.50033642506385734       0.10183222684631887     
 -0.78659636360603202       0.36834789947978197      -0.49556632826557179     
   6.3385794672832840E-002 -0.57035702792002885      -0.81894755737833735     
 -0.16920409748626697      -0.89746777661849853      -0.40733470675269523     
   1.4460497828556962E-002 -0.99876080645894838        4.7620851357654710E-002
  0.19230027963805513      -0.94083636289675443      -0.27901172144254477     
  0.14595322701323468      -0.20821340477277994      -0.96713227306160654     
  0.28086274565024083        9.5061241754615486E-002 -0.95502852230800839     
  0.56536845940512936       0.14103705830688060      -0.81269124105897017     
  0.55155967696988162       0.51294212430472041      -0.65777830600788278     
  0.78048761775491315       -3.8972456227372415E-002 -0.62395530784413000     
  0.92778227334187213       0.13297123189163571      -0.34862401632962436     
  0.97619385471566567      -0.20337180545050576        7.5402034211069183E-002
  0.71662323390267635      -0.46836043271241284       0.51680716490803402     
  0.78589577386006082       0.50205461814234520       0.36098336946569509     
 -0.72664934071402576       0.68672743713011108        1.9651023702695652E-002
 -0.60294352857905842       0.72880708234214564      -0.32449859486993587     
 -0.21872523504029484       0.97110945699601048       -9.5423760612677822E-002
 -0.19166503202782142       0.67594797636941062       0.71158896052418175     
 -0.24873826088763179       0.52854950618811092       0.81164320799161460     
 -0.17201023154110029       0.26984165758275758       0.94741646601598817     
  -7.3301787513432332E-002 -0.53055269271024486       0.84447657646927476     
 -0.27683285304256072      -0.63577182619764283       0.72052602762819662     
 -0.72293173230857810      -0.58653720226266326       0.36516273191992843     
