 -0.82144999860836199      -0.46446205275434160       0.33090013801379886     
   9.6741947967212583E-002 -0.97541498448770092       0.19800657448777689     
 -0.58889062271752035      -0.80809932543240703       -1.3539376317930497E-002
 -0.42198438572138230      -0.85211355862400029      -0.30956689328238846     
   8.0037962265528173E-002 -0.48841583486682183      -0.86893261927938104     
  0.51405303955824522      -0.49613622168583943      -0.69971302835679450     
  0.24972500625149791      -0.27715553940080540      -0.92780505939132474     
  0.64195718655375156       -7.3890341284182787E-002 -0.76317179461564100     
  0.39709776285795356        1.3013036873194828E-003 -0.91777539373305761     
  0.19188526231040320      -0.57382340534893328      -0.79618260818846265     
  0.18983191852818110       0.13381325262391466      -0.97265505505810090     
  0.66997480640674922      -0.58184155408209925      -0.46107934753528190     
  0.96106713737803973      -0.23493689821339780       0.14544624886822358     
  0.95389644556310493       0.25072314690875097      -0.16498325595721505     
  0.68044267300559436       0.68080584400322208       0.27111099484166173     
  0.49315070112837422       0.85360982186515399       0.16778753824970832     
  0.13338967912335462       0.72530809933658447       0.67537793459669915     
 -0.16120246824435749       0.93885028095062040       0.30425961643120725     
 -0.56969769796601977       0.61968537424022663       0.53984680223648374     
 -0.97295636961157816       -1.5819926748173042E-002 -0.23044659413831908     
 -0.75180189967334821       0.48130695522770423       0.45070779724450821     
 -0.80667332009748705       0.33232292459523144       0.48871221432599893     
 -0.46965214363527591       0.12323617680567325       0.87420804657994944     
 -0.19652470396611510      -0.23900944968257601       0.95092193354317744     
 -0.65684573088114195       0.19228027323337676       0.72909668930021310     
