 -0.63809976680318525      -0.74282926857440756       0.20256694042941964     
 -0.56890121685998785      -0.72825571271070622       0.38209294989500309     
 -0.59885046739489645      -0.70726328551526874      -0.37570834787515744     
 -0.12645824433092920      -0.80926184608521257      -0.57367549791804429     
  0.43506538888391727      -0.75701901876464539      -0.48748365369917696     
  0.72311374962078900      -0.21106758430571279      -0.65769064153652390     
  0.83011136751883874       0.13031905011723827      -0.54215501721606230     
  0.89756864435802175       -3.7815679385498804E-002 -0.43924993233679643     
  0.75301630021602195      -0.43920876330254432      -0.48996133913521145     
 -0.40381103411839187      -0.41020176399059360      -0.81772315703005527     
  -5.5830114230836864E-002 -0.66450816876928631      -0.74519252008042769     
  -5.9932402424679870E-002 -0.34141616398045926      -0.93799952564618516     
  0.76265636423203342       -2.4653645590439477E-002 -0.64633386717351493     
  0.73646580766066527       0.60410149378530775       0.30443307861184021     
  0.52784349618000481       0.84102641369789999       0.11855722248304421     
 -0.23677362650689882       0.86357912123079639       0.44516216277327969     
  0.70449569667306566       0.56860991588779597       0.42469821864848151     
   1.4648735415248179E-002  0.48359317202797875       0.87517030258038919     
  -8.3642416600277034E-002  0.57737206321205359       0.81218559871959928     
 -0.37646646236649955       0.67389932040965361       0.63571432944732831     
 -0.66257680440356903       0.61768798813812642       0.42361955523351685     
 -0.67551380426443386        9.6599963051818144E-003  0.73728405972164357     
 -0.69949130067699239       -3.4211858269977843E-002  0.71382173477062150     
 -0.35443296300434302      -0.28588398233277268       0.89030760042894674     
 -0.75715516806616345      -0.53060422415667874       0.38101864623375592     
