 -0.71137926654018668      -0.69589641923347911       -9.8324528144153947E-002
 -0.81631107861540708      -0.51904389483484270      -0.25343570814794303     
 -0.28907942746092252      -0.76091195599099470      -0.58090109300021386     
   7.1785906348603518E-002 -0.98673750538312899      -0.14558804593789104     
 -0.11369522298413923      -0.89890400989063823      -0.42313706676810348     
  0.56909509426814608      -0.62132636482151959      -0.53859476608821510     
  0.97675910574378522      -0.16697260095608848      -0.13439419584404513     
  -1.4809034653188856E-002  0.61172048261322531      -0.79093535996568520     
  0.63657678149761965       0.68316022124241560      -0.35785767194527002     
  0.51729281083297229      -0.37706738718505101      -0.76826319278091071     
  0.81606914206711156      -0.50371774652532564      -0.28337181793758748     
  0.42175533818149585      -0.90655277135172962       -1.6867349225762995E-002
  0.58089866226040399      -0.25771044853506686      -0.77210236944327415     
  0.67527426424209702       0.18590478217726802      -0.71375351488865935     
 -0.20308457584610168       0.97914277992376397        6.0059617504252686E-003
 -0.44913191518560591       0.69153639018831081       0.56573663820455911     
 -0.27312574241386800       0.58360196545760534       0.76472941276302708     
 -0.28015046026921814       0.75607839276901512       0.59149064540258489     
 -0.20424344085332302       0.30129215515532565       0.93140090944246223     
 -0.48225919580158139        9.3021455339049042E-003  0.87597918819643461     
 -0.11219489398518093       0.30800385684425552       0.94474648976999787     
 -0.19677306822560409       0.59309413513293663       0.78071743063162624     
 -0.47933982969351979       0.36775670193116050       0.79686155375580592     
 -0.89456284615430137      -0.33480029312708937       0.29608457913637320     
 -0.97219990611216334       0.18028130192544300       0.14941885668008106     
