 -0.43762850455663055       0.89248973651551389       0.10928569080139898     
 -0.53068187461564331       0.83651686816223747      -0.13644147915661220     
 -0.61096284798909883       0.55939512786945811      -0.56017987226687083     
 -0.21122116244372885       0.26509579576712589      -0.94080276339012814     
  0.56594918407762218       0.17273754240385392      -0.80614096936338098     
  0.81520441639532293       -5.0821569526083799E-002 -0.57693927545323309     
  0.70940656398844892        4.4199692363441512E-002 -0.70341219364256857     
   2.5651077661629718E-002 -0.13008738623818125      -0.99117066853115787     
 -0.65345967669136218       0.44275909985526501      -0.61396647337926125     
 -0.71625686896890184        9.2048613297108256E-002 -0.69173922141581279     
 -0.22760267855245589       0.16833657050614362      -0.95909322786994966     
   4.7237448252045351E-002  0.60657634823984552      -0.79362066331381276     
  0.65184110179507615       0.23955471863680156      -0.71952533992169865     
  0.84796825905369200      -0.51301909967840043       0.13327128348822609     
  0.76038774739793746      -0.50478727313516070       0.40865668046402381     
  0.71853866838028624      -0.31553809286664058       0.61978858814309834     
  0.35642379499615001      -0.49883953245702700       0.79001341711302797     
 -0.41373365310476828      -0.53615958835622202       0.73576990975595968     
  0.11114266590232552      -0.32185169965302829       0.94024400622741922     
 -0.20314470200098722      -0.61324770041875332       0.76332135302246329     
 -0.13145598483288265        7.3044739434240002E-002  0.98862722504116585     
  0.25893042391675325       0.30694586103477878       0.91582709829088860     
   3.0622535639214733E-002 -0.36446795594144854       0.93071229142139977     
 -0.45162820475556897      -0.41669798638579469       0.78891999138777347     
 -0.85376692759331974        1.2962033200464310E-002  0.52049401441622778     
