   6.5360652969666019E-002  0.99363346224899307        9.1763433580185988E-002
  -1.0222607626340585E-002  0.78422487888369519       0.62039248676393721     
  0.51838455185039067       0.80264444196085227       0.29502433152572322     
  0.80817018839902821       0.56703924021171515       0.15914599160260445     
  0.50548996256030254       0.66976012167068566       0.54396808469839197     
  0.65406321517194388      -0.11575071738149914       0.74753132508582421     
  0.83996060304200304       -5.6419261317673899E-002  0.53970645010936713     
  0.74401366425631155       0.58046422400745745       0.33091532458812450     
  0.49926295531985143       0.83459910980265994      -0.23276775412813572     
  0.39454807128570879       0.77251155428281337      -0.49755172388833457     
  0.79060164491982066       0.48678779952714457      -0.37146558021107168     
  0.95755501897307382      -0.24145362894931949      -0.15744373822621002     
  0.96558188052138849       0.10057782357928821       0.23986607390960119     
  0.87160693859344796      -0.23854815472708543       0.42824773492926554     
  0.93490754830986744        3.8726763268856754E-002  0.35277204242956151     
  0.91668627968312877       0.39703806171595363       -4.5244250347806082E-002
  0.82668707348745663       0.33729489227405646      -0.45035612372270684     
  0.94603113579264131       0.19498155420978874      -0.25885765128499288     
  0.72061672549925926       0.55053113396137288      -0.42145818946828567     
   2.6412297176294473E-002  0.97518517707797481      -0.21980960162195085     
  0.17778569974306180       0.93270127983597562      -0.31378426913911928     
  0.27430213223399857       0.78017568415198668      -0.56221369790304065     
 -0.18890400232026017       0.75281223101438766      -0.63054660632063764     
  -4.2288749003773059E-002  0.77583555937745818      -0.62951635921008620     
 -0.22309504593524601       0.51428043604625151      -0.82809675375477332     
 -0.48344168335028914       0.36805411210551758      -0.79424197154368992     
  0.41881378458965568       0.70611043824378683      -0.57096677910435478     
  0.20744018158667127       0.27315219746781128      -0.93933830331875590     
  0.73667879673419556       0.24940438685629515      -0.62857123880994970     
  0.16422038375824136       0.31248044430241007      -0.93562152470261961     
  0.49717637367309769       0.16111589973173360      -0.85255927671622289     
  0.71033318900146325       -2.5285027163155716E-002 -0.70341127941223913     
  0.34168897281898236       0.63588416285388594      -0.69202599466026049     
  0.22017415244366861       -7.5262403176354409E-002 -0.97255278173670701     
 -0.37379467405328715       -9.4232095326349713E-002 -0.92271222700243283     
 -0.54878020899081148      -0.79975250821368471      -0.24338489646220016     
 -0.97163633594472243      -0.16855509008570391       0.16586745394467747     
 -0.81130345791429681       0.57147473644831193       0.12330176307581801     
 -0.95691935579512144       0.28264088780014152        6.6479132426447901E-002
 -0.87267296298825503      -0.30010267303128457       0.38520161644098794     
 -0.48196590995747196      -0.63027268553020721       0.60865852784085361     
 -0.43494479174162209      -0.84219879321748448       0.31862865665194062     
 -0.47221660704347845      -0.85396511539050479       0.21852930633763945     
 -0.57719566548913748      -0.81659607839400117        4.0010613668447683E-003
 -0.50213447268078104      -0.84816538980523737       0.16874964557627042     
 -0.95916646860618493      -0.19955112118432916      -0.20044708911727460     
 -0.37329889002634797      -0.77877803883605101      -0.50413560173007776     
 -0.45771665372129183      -0.74317530749399585      -0.48804295634437778     
 -0.54306311286089926      -0.83137393502742474       0.11789756404104820     
 -0.29408526108388394      -0.95052666271865471       0.10006459250976725     
 -0.50427587223792858      -0.76984697285196824       0.39120516748799089     
  0.15731866011006751      -0.84240312311337306       0.51537153331355179     
  0.46445731267334700      -0.69553698890662141       0.54818582776915115     
 -0.34647759335811812      -0.45366158624146008       0.82106299543313255     
  0.23042020626590384      -0.96892087200658517        8.9993734972895173E-002
 -0.19450663043693092      -0.94919812659574876      -0.24736630163221079     
 -0.58999346215271598      -0.77584602254602653       0.22354119064851902     
 -0.38241178809001636      -0.40431776265087999       0.83083594718499709     
 -0.37467387699222321      -0.72022586472174654       0.58386144733611312     
 -0.49710768864952110      -0.72946853184095706       0.46985062194206217     
  -5.2125436171033573E-002 -0.84075759933096639       0.53889664878451304     
  0.22656199804888191      -0.84995518350314925       0.47565307428440956     
  0.82407427307890824      -0.31591788545628696       0.47021004040564918     
  0.96040888701458726       0.24140561826262566      -0.13906148717247230     
  0.79604233536436009       0.48921199513814018       0.35635407128389640     
  0.86657415299810936        3.7889649906064575E-002  0.49760788959340008     
  0.79711418009268287       0.60230396117849239       -4.2882656679113333E-002
  0.34386452990363969       0.62443439255913713       0.70131225175625300     
  0.69720315719308157       -8.4635126209491457E-003  0.71682363699454976     
  0.85135236187172125      -0.51266415054526115       0.11124129036079776     
  0.56917880009453148      -0.21835294264733696      -0.79269003144997963     
  0.92400137933436155      -0.37601742052660025        6.9515109499246150E-002
  0.81802655240801458      -0.57249245932552462       -5.5542268326479391E-002
  0.91619069982520762      -0.27543096504689391      -0.29108827706919616     
  0.55617269856582208      -0.73877913125375916      -0.38062754050903036     
 -0.12796098809526002      -0.49922773850128521      -0.85697004068788829     
 -0.70609750580573538      -0.54914622582118056      -0.44706233901021064     
 -0.45616908187801386      -0.78471988114573710       0.41967186809840396     
 -0.57540126441832751      -0.68325168150006710      -0.44953367463753791     
 -0.73386971676630297      -0.57992492167314313      -0.35372634060213842     
 -0.96850456591115552       0.23334512366209126       -8.6884745913207009E-002
 -0.66530708219879198       0.68966657182336100      -0.28587848132653593     
 -0.50407549651312833       0.85259104761198345      -0.13782742596077990     
 -0.45762457154698460       0.76817644445117739       0.44775518054715230     
 -0.47966949270468062       0.46451343766821285       0.74440878823002932     
 -0.99659506725915992        7.7806244630424848E-002   2.7284798170758989E-002
 -0.99592328310694889       -8.9869171659808816E-002  -7.7682784873883970E-003
 -0.79273787732723999      -0.24810067938359437      -0.55678785074754567     
 -0.84424410917260573      -0.20578987899192616      -0.49487615605503676     
 -0.97443079447710379       -1.9583998790628707E-002 -0.22383273613582771     
 -0.89165290334845149      -0.44159726408286565       -9.9734428883659049E-002
 -0.84496878836186229       -6.3776128069717178E-002  0.53099939000215013     
 -0.59306815864338536      -0.16958450650520190       0.78709037242025948     
 -0.23445846818490951       0.72171892789650471       0.65126877386550330     
 -0.44599412999578375       0.83169241160366569       0.33072188994703222     
   3.0157424838515037E-002  0.72424123643442906       0.68888690013311327     
  0.19446392953976305       0.89653948281866180       0.39799589929444734     
 -0.16455003633135287       0.77553182853495051       0.60948639728264331     
 -0.19763743270788203       0.95865984368331836       0.20472115010837966     
 -0.15725009236329091       0.94651663311849554       0.28174220784567555     
