 -0.82207058374701913       0.30848017535689071      -0.47858117049213278     
 -0.55170726918980284      -0.74888134192149214      -0.36714550909008947     
 -0.34577015888158985      -0.76409851911082405      -0.54460669323803701     
 -0.33241196759421082      -0.70197695767630619      -0.62986556874597366     
  -4.2910388997060400E-002 -0.99544983999362968        8.5078284966114609E-002
  -3.9273924636836946E-002 -0.87649044860550507      -0.47981460205682624     
  0.89019428167604808      -0.40436996914972562      -0.20985487585739498     
  0.98595930261482556      -0.11382123800837099      -0.12218420260203608     
  0.83880828957506048       -7.7214563574548228E-002 -0.53892352380657593     
  0.56973829919760122      -0.18131412047515805      -0.80157561099605956     
  0.82305671360432331      -0.43020030306442258      -0.37081713206658867     
  0.79303299982904341       0.25492978514791559      -0.55327160222316041     
  0.54386895607038221       0.30058933310285030      -0.78348746732011743     
  0.70192034556876270       0.64380098171375877      -0.30467708220512418     
  0.19876654638145863       0.97864189232701448       -5.2458618187704448E-002
 -0.54794833895454442       0.72134809073387030       0.42356764492996951     
 -0.63085183172375348       0.56936987717428522       0.52710901090507289     
   4.0604318037910286E-002  0.12587269325798633       0.99121508990161100     
 -0.47718622329461430      -0.45139046282354728       0.75401588734572478     
 -0.23133691171735965       0.51552021403992243       0.82505887195600469     
 -0.14830300668870255       0.24461235375128004       0.95821240578451994     
 -0.67578902144941533       0.31713168728875590       0.66538461915337221     
   9.7198288442227991E-003  0.45309419069830115       0.89140965850876097     
 -0.57519692628244978       0.18718108272915865       0.79631133249728303     
 -0.89914157478395484        9.5763260766454278E-002  0.42705248668334184     
