 -0.60471455279308828       0.70886374076076475       0.36308746422158250     
 -0.48009379609338421       0.82434454799727086      -0.29994334988427090     
 -0.41368824179072139       0.31282769431730839      -0.85498589010122894     
  0.22695547741816524      -0.34324497189351721      -0.91141324356172204     
  0.38425524960658963        9.2602510384543948E-003 -0.92318045413693051     
  0.11701453850607077       0.35580515854772399      -0.92720563357276731     
  0.78142528343579964       0.13897743576189436      -0.60832540531881718     
 -0.12657566734979248        3.4409413592674035E-002 -0.99135997129758691     
 -0.29270468977925357      -0.51797245597934127      -0.80375898093144393     
 -0.23828851881777618       0.72671745827428813      -0.64428279321971482     
 -0.50526913415325103       0.58913760759417333      -0.63057115489868087     
   3.3373509076548027E-002  0.53647727504366693      -0.84325461294537107     
  0.29593640942894051      -0.42909845257268597      -0.85340269484812714     
  0.58149192212287015      -0.42971053904591217      -0.69080822023099020     
  0.86142839119484227      -0.44460104433749642       0.24550160532569087     
  0.31319677425833858      -0.77478311082435247       0.54919842659603457     
  0.18963516017075108      -0.90845061480596401       0.37249964628933563     
 -0.31433622621924867      -0.59412968520609222       0.74040708670512323     
  0.15099344736277828      -0.35986010360322668       0.92070716554623366     
 -0.16419821971091475      -0.32177737658406663       0.93246890809422989     
  0.46296892099421361      -0.49485530354480489       0.73537609884128530     
   8.1390318091723757E-002 -0.17652690004608407       0.98092500716469200     
 -0.62859051373046004       0.11052615902771748       0.76984279838070879     
 -0.16987240571118364       0.54392969001833036       0.82175656863481028     
 -0.79860411721680846       0.27679347753490430       0.53443131902841168     
