 -0.83427003696658830       0.53629674530154925      -0.12798166430658406     
 -0.69170281561247893       0.32908677422413063      -0.64284454567531812     
 -0.75007690844373864       0.59018914155354774      -0.29843158112327511     
  0.11869651333333109      -0.14947873234973719      -0.98161461190103005     
  0.51297609425063262      -0.17750892397667997      -0.83984886059099206     
  -2.1628787425408719E-002 -0.92296210101694176      -0.38428265071549755     
 -0.18215364518223254       0.26998893155794668      -0.94547661334535271     
   9.8547724224451239E-002  0.68424313182685637      -0.72256465634429135     
 -0.21336553929146448       0.91553631096891719      -0.34098153900215589     
   4.7339341065877755E-002  0.73376075719188838      -0.67775669527688576     
 -0.13131402841347148       0.56985766275383143      -0.81118362295018265     
  0.48659555787524678       -9.9507335587219387E-002 -0.86794184898552695     
  0.45136618983055593      -0.67545815217488792      -0.58311649551212674     
  0.47601366985778443      -0.85489968975994501      -0.20629470801953642     
  0.78827739517305284      -0.32967654511256994       0.51954992432089409     
  0.71008627056484885       0.24419924949242328       0.66041215532627184     
  -8.9850486109643080E-002  -2.2086925067547891E-003  0.99595281606272790     
 -0.36915114411749744       -6.4602923993291261E-002  0.92712129465797377     
  0.26470684542979023      -0.55945651990937961       0.78545444700090505     
  0.21267046126459216      -0.79452818721704765       0.56876729391122927     
  0.10942986073269614      -0.15775019548510616       0.98139695404276983     
   1.5434374344575527E-002 -0.14725578530486477       0.98897801481268655     
 -0.56746036568916625      -0.14142868686824200       0.81116376885474017     
 -0.36384750496907597       0.29546436796435577       0.88335485530516378     
 -0.27713697196234766       0.75054520664995938       0.59989748419730893     
