 -0.63285534164086510       0.61972553245307616      -0.46414909348432754     
 -0.76819893520638238       0.50742001985790619       0.39037843100657993     
 -0.84038293303400746       -3.7218718272949557E-002 -0.54071368844818901     
   6.9148068025410847E-002 -0.25235207511504154      -0.96516163147602863     
 -0.22942311574632845      -0.28194145837392048      -0.93159757836268231     
  0.57871491692772270      -0.63657461797183412      -0.50976641776345655     
  0.46368787571318659       0.38775097280307286      -0.79664467424745655     
 -0.14900715020492000       0.63283292269608737      -0.75981534673874651     
 -0.39688693965720634       0.12841171161685017      -0.90884057427535669     
 -0.12677167189828625      -0.19988241861814210      -0.97158425364529455     
 -0.60195835473468196       0.25921898638971869      -0.75528250096253269     
  0.30164612339325692       0.48506493278921142      -0.82080547465280884     
  0.69937738418805717      -0.47131743993099312      -0.53733708722102658     
  0.80028375536057117      -0.59773482144715540       -4.7528876859342109E-002
  0.79026503394502567      -0.55575114244877222       0.25811207602661912     
  0.46162443945868259       0.30608594481775170       0.83259490226611976     
  -5.0996696108341857E-002  0.17372559838743507       0.98347280259850922     
  0.18252245601894504        8.3639553516590887E-002  0.97963767696857096     
  0.34847060579357070      -0.59347753532781566       0.72550165537997591     
  0.82019101415933171      -0.22876160432193457       0.52436135315290278     
  0.21960810603467149      -0.17986226285132673       0.95886487377829055     
  -2.0989843109689939E-002  0.27484903579419806       0.96125825562604761     
 -0.24863276638642276      -0.29123747452029530       0.92377620715953468     
 -0.54416717044977037      -0.11754206317200994       0.83070208497990372     
 -0.86895528136147326       0.34609259086748845       0.35374657247891428     
