 -0.96861148142696840        3.0776695656865624E-002 -0.24666696789852438     
 -0.82251449482569627       0.19631102251853233      -0.53379011628104900     
 -0.86252303349740611       0.29819622871423856      -0.40881906250443578     
 -0.83429460416069134      -0.39431917228774549      -0.38531143745631413     
 -0.41206818498066278      -0.15374130171948919      -0.89808876124374504     
  0.48751857938846904      -0.27732834543805351      -0.82789771322771422     
  0.62719081437642177       0.51810380859173755      -0.58154976217392773     
  0.54227217395824889       0.64609655444731473      -0.53712208266081118     
 -0.20003999832263750       0.44804330054643710      -0.87134447832446216     
 -0.23006198316418397       0.88211875934191197      -0.41102065437111301     
  0.36980783457636746       0.83580461646760296      -0.40579897557460221     
  0.59145028012514433       0.26322708898643488      -0.76216669158630745     
  0.64003400729138404      -0.75049080314026717      -0.16468158340393024     
  0.16648801518008852      -0.81039818339466307      -0.56172637925596625     
  0.50483088064037973      -0.84337044395164018      -0.18404368019764392     
  0.46927592128293005      -0.54714169715053629       0.69312053276709162     
 -0.16404140340323572       0.26000194813878463       0.95157207027819957     
  0.26296286794777790       -1.4645430739167395E-002  0.96469479185862739     
  -7.7877208081355967E-002 -0.34512107005935067       0.93532164920017957     
  0.33303173580365553      -0.53503589991664813       0.77641899046068286     
  0.26823150492398268        7.4800683851097630E-002  0.96044610336114833     
  0.52165430276564995       -3.5681003885527293E-002  0.85241049639701250     
 -0.16163753820414431      -0.16035766417142205       0.97373442261469145     
 -0.97329574584617273        5.9038329416417373E-002  0.22183297044728095     
 -0.54232923885725115       0.63673507092112125       0.54813086588837479     
