 -0.78093291639228424       0.46658027766536925      -0.41526693173030393     
 -0.94920758353404588      -0.16264857660071069      -0.26935182177070705     
 -0.86308153836485346      -0.28710578330678171      -0.41552440039728211     
  0.19042132037768128      -0.17855071171035916      -0.96532863010134073     
  0.39502977175746695       0.40748628733295111      -0.82335071813950411     
   4.9895495414183991E-002 -0.13310408207341040      -0.98984531259828867     
  -9.0256322400907973E-002  0.23793301739038680      -0.96707893964357583     
   5.3649351751186083E-003  0.62488371904490236      -0.78069940126988746     
 -0.35718749690673790       0.66351677691997180      -0.65739073525509184     
 -0.17271252791758832       0.97423039770767450       0.14507072372698920     
  0.28464966428821881       0.95656376478055505        6.2931172954819203E-002
  0.66074972318238678       0.15906158575762139      -0.73355927862080539     
  0.94153617320976957      -0.25527055688044559      -0.21987855131291009     
  0.79217511087019588      -0.37064661071523675      -0.48485016621952132     
  0.39405631119886703      -0.91692645942954687       -6.2972149418234966E-002
  0.33311319544436513      -0.47371314384476548       0.81524932160020958     
  0.34468566400643724       -4.9471835147753385E-002  0.93741363898524221     
  0.21909944300192055      -0.11470702617459014       0.96893639224793571     
  0.44389959149363944      -0.34523255611839698       0.82690243370529659     
  0.59523309700052485      -0.43363605870811517       0.67650375373921945     
  0.16052689817448490      -0.10055189818112914       0.98189634419048299     
 -0.10994999425465572       -1.1702736186191338E-002  0.99386822302011157     
 -0.44246798247944186      -0.39630043635248668       0.80446755598182751     
 -0.65902194042816109      -0.68762200712319876       0.30473932689131239     
 -0.75928416502105633      -0.34159474474975926       0.55389582694544237     
