 -0.80233575380569055      -0.29203507697482067       0.52055052778897404     
 -0.97172444610028863      -0.22767353529199119        6.2580845142626310E-002
  0.17521990251078137      -0.91894186772892661       0.35333246312645816     
  -5.7176036411451941E-002 -0.32779354313094689      -0.94301765303835128     
 -0.23885133186484817      -0.16741496449718096      -0.95651569298616401     
 -0.29445136126031152      -0.47279269522334194      -0.83052119972665961     
 -0.17584261159021794        2.6929834507722877E-002 -0.98404987676566591     
  0.42586144532894232       0.28721431523666691      -0.85799182193390067     
  0.91249656626338704      -0.36301844692803903      -0.18859380622763156     
  0.96288516393278833      -0.24449942711445555      -0.11433368365792046     
  0.88599557436163090       0.15445791209541465      -0.43721230037899927     
  0.97908168828558517      -0.20343006539561648       -3.9059130796332067E-003
  0.99649962304375417        7.4715327566738918E-002   3.7498281297281555E-002
  0.91959539627809184      -0.29903874565297922      -0.25479430084370297     
  0.96236571032197726       0.26637620577111243       -5.3814092907350730E-002
  0.51059452744394263       0.42051902829216725       0.74997131637715719     
  0.26049841067311774       0.94897625613017722       0.17772068911055500     
 -0.64823966983089254       0.69568509797883715      -0.30952798727692354     
 -0.92378226989175116      -0.36852319114949633      -0.10400468940686315     
 -0.97087113326886143      -0.23416593877119909        5.0749933050551060E-002
 -0.80333181997356518       -8.3450763647898024E-002  0.58965579541334312     
 -0.65198358086847541        3.3436250520928329E-003  0.75822571207358269     
 -0.75868763290987418       0.59293487488785823       0.26985423808300263     
 -0.72296341537508779       0.12973721814070888       0.67859572225172426     
 -0.70970455831604384      -0.14370466742980581       0.68968718160071818     
