 -0.89504618860952523      -0.44579250034897910        1.2703026730635586E-002
 -0.54491419611581926      -0.61148921353103203      -0.57371548750807122     
 -0.47157305858651710       0.29264943050935055      -0.83185044403298258     
 -0.24486043470576921        7.3768490458551064E-002 -0.96674793888125143     
  0.58230512807662471       0.16641030242194793      -0.79575646341294981     
  0.10186448464106651      -0.25961390129711936      -0.96032507466072714     
  0.17146350545531913       0.61169090290115280      -0.77229172312340422     
   8.4268014283525400E-002  0.28279064319388808      -0.95547284309428304     
  -8.2144112292592691E-002  0.61480484904991950      -0.78438978983689056     
 -0.43815577397820965       0.83789102378468305      -0.32551213493603048     
 -0.37487529138057241       0.92474272431568028       -6.5722216468657405E-002
  -9.8410422376447593E-002  0.43127255962465427       0.89683854069865532     
  0.81864608267470551       0.28493751224822356       0.49862732118804820     
  0.89982920860320181        1.6195032015731969E-003  0.43623935236738703     
  0.99697692998717691       -7.5215335891126209E-002  -1.9484720171171185E-002
  0.90384899493353310      -0.26301495174985923      -0.33746130076457626     
  0.13189781873263287      -0.99049781102557133       -3.8949348738176209E-002
  -2.1321791595404514E-002 -0.58027280640631906       0.81414301652014087     
  0.43603743447004972       -1.7154998668948429E-003  0.89992689303131246     
  0.15362383811150421      -0.39440678703609466       0.90600386461855476     
  -3.2244033591229689E-002  -6.5084457677026364E-002  0.99735867954645130     
  0.24172565525107398      -0.74792883560659851       0.61819993890455549     
 -0.45389730104344661      -0.69642103149416046       0.55585518527585975     
 -0.67689571566205620      -0.23713940873023578       0.69683361783530240     
 -0.97488691340494571      -0.18775367082532235       0.11976671141577573     
