 -0.86381006539548677       0.49018738896153224       0.11639800094727586     
 -0.77170119033042439       0.58607715360832580       0.24696324192271563     
 -0.75030773926442729       0.39845848765302722       0.52751220840580604     
 -0.95963715840849206       0.13357408974889856      -0.24749643785201425     
 -0.93984903346256465       -7.9359190609219157E-002 -0.33224375564537523     
 -0.82108540266678354      -0.55669000087118947       0.12615468464379140     
  -4.5750325169052156E-002 -0.84708487963989954       0.52948476317302617     
 -0.27494511618454176      -0.92715838860898170      -0.25452407650019415     
  0.58198456780823193      -0.47595996482698133      -0.65936035270172388     
  0.64139286094996262      -0.75558672095663382      -0.13305602217267323     
  0.20427234166551475      -0.93330627199033978       0.29531713985810504     
  0.31631382797096419      -0.46073620284173633      -0.82925732654304440     
  0.52765276098669545       0.23526274546736015      -0.81623158749111535     
  0.27740642978557406       0.73276889304211679      -0.62136577158985262     
 -0.22637919125812567       0.67886103659478203      -0.69849850018361592     
   9.3403945693157936E-002  0.92826115565152711      -0.36000962464555958     
  0.42832523556640073       0.68601158305447707      -0.58815440191506696     
  0.86322897328505288       0.49639072850849641       -9.1825836952573708E-002
  0.90228297534620971       0.42545556768294507       -6.9806821500271940E-002
  0.98675869713644482       0.15586236927647554       -4.4879789093866126E-002
  0.50381884360817009      -0.15998404748598155       0.84886493470712532     
  0.37803091225865393      -0.90913343906756250       0.17483998211534330     
 -0.30159311830016827       0.19979711249023077       0.93226750712151640     
 -0.28734660290771019       0.62005280036566646       0.73004551540031581     
   7.7698826578903563E-002  0.31166545404713886       0.94700978722601747     
