 -0.41703110327836812      -0.63970145634219655      -0.64565246507083929     
 -0.42415869460406830      -0.86118599444182120      -0.28008585249705065     
  0.37943063394248910      -0.12304872705796294      -0.91700131122882100     
 -0.17272057719002462       0.52502809207442491      -0.83337452849712945     
  0.14083317460495129       0.48276142163836028      -0.86435376247713669     
  -8.3812612369160017E-003  0.42219311576459306      -0.90646716844080644     
  0.50186699017060588       -2.6464724293032510E-002 -0.86453984439420584     
  0.57423774057605192      -0.40767898966248672      -0.70996398407655692     
  0.25918702068608196       0.24327872423079311      -0.93468580316837147     
  0.44620100093064607       0.32873707779245120      -0.83236806789603279     
  0.26615020570786624       0.88575001746756776      -0.38027749678080192     
 -0.11815263045696971       0.94302107187717477       0.31104857162786281     
  0.28906785078484987       0.55727705862882893       0.77838426086904100     
  0.15353678813161978       -4.9040410100870048E-002  0.98692527217990023     
  0.14663280506615470      -0.84929217019405912       0.50715050046857157     
   4.5465819824763387E-002 -0.99870437620491181        2.2856687793281094E-002
   6.2691764340780748E-002 -0.67583423259255893       0.73438262012378286     
 -0.20154902971642674      -0.69045661798202695       0.69472847019911699     
  0.11301210879879175       0.26285399333871068       0.95819415644782080     
  0.34015367704377930       0.61203112870080922       0.71394213595697864     
   9.9598932880313851E-002  0.69970158336181043       0.70745865378131090     
 -0.25452914459815812      -0.31224584588053667       0.91526905676990722     
 -0.85993006741598743       -7.4029284419137642E-002  0.50501479602314847     
 -0.87601736226254079      -0.47294612902762173        9.4422137512225279E-002
 -0.77029673533744325      -0.62890053834379789      -0.10548484440579500     
