 -0.13677467818491668      -0.15170846544744324      -0.97891635440365521     
 -0.40058048778988781       0.11904392640460348      -0.90849535848466068     
 -0.78404300492481505      -0.15458923107206923      -0.60114784875683214     
 -0.33562321236897230      -0.37860233086627060      -0.86256439433918664     
 -0.67471180070661341      -0.46864982465071880      -0.57020288305311118     
  0.14003920465527148      -0.10600935707579255      -0.98445469036005884     
  0.70256227621811840      -0.24857770843775595      -0.66679484918752663     
  0.99606696268541040        2.9928979678053608E-002  -8.3395815375034071E-002
  0.87367443487035690       0.34183778734708203       0.34617901293349929     
  0.33496428828182051       0.90269380273307809       0.27007929221463245     
  0.32188884503062604       0.87132870626433478       0.37036989224906147     
 -0.44858444032313199       0.61467790815479229       0.64880125549079370     
  0.45243876811641215       0.68813771329541107      -0.56724390578117734     
  0.67097657908096930       0.32777080173982864       0.66509903912999069     
  0.91543318500103876      -0.26758852809814676      -0.30063011064954759     
  0.94967575753417155      -0.31300773346111033        1.1921172153091894E-002
  0.83882905284027498      -0.30858597491667478       0.44848691864515489     
  0.63268461731005177        5.6722477497870072E-002  0.77232942166264762     
  0.38002095487585147      -0.36006047108415196       0.85202143812107900     
 -0.28754534144691668      -0.48217786302449239       0.82753983893304084     
 -0.88825593214227405       0.31263288763334868       0.33654431592895201     
 -0.68202856929045041        3.7848044482164667E-002  0.73034550467604209     
 -0.93155342447440159      -0.36346407472446429        1.0103649572424243E-002
 -0.94039771628378044      -0.32356429659996871       0.10468180918398380     
 -0.94992997488429176      -0.21757723186970904      -0.22426143446477531     
