 -0.30629335903288490      -0.36523669512262302      -0.87908278037293153     
 -0.21965754171324570      -0.63841854287291344      -0.73768037013634702     
 -0.45414416022162368      -0.63099109306892920      -0.62897004873382356     
 -0.48371497285495646       -3.2040832423996413E-002 -0.87463890268697497     
 -0.49890777169441830      -0.57351780965492438      -0.64974484018845102     
 -0.15498235942734492      -0.68327293079900997      -0.71352545175605686     
  0.36581180843920741      -0.14731146060514322      -0.91895650298628384     
  0.91757385278653802      -0.38799253992091098       -8.6718012247532117E-002
  0.90605674612513543       0.35871460471459854       0.22446604457151556     
  0.28244280980516617       0.88465565628792708      -0.37095879688605871     
   2.3392381419319500E-002  0.99888403983482676       -4.1030128622849507E-002
 -0.45252844009490245       0.88102713899066099      -0.13787382372011853     
  0.33567084028912070       0.91205428204151240       0.23554633002735867     
  0.73082612956402504       0.44654897987401537       0.51622396004055360     
  0.94439333823979066      -0.22157429885989860       0.24295277889558806     
  0.80604409332359639      -0.27683201575439137       0.52312231329926218     
  0.42981038154536660      -0.87059712367165953       0.23942364998152033     
  0.23774758964559975      -0.47257032854307479       0.84861850568934905     
  0.41212718876973387       0.41787173218704260       0.80965078627502729     
  0.25151255852489407       0.17929088288277581       0.95110262969849590     
 -0.74904433110544455       0.28087372784637465       0.60003544815658338     
 -0.82790651178226393      -0.13691186292183261       0.54389884127455723     
 -0.95513539410990445       0.12237800117139747       0.26970354789617795     
 -0.99908300293537089       -2.5819003459926191E-002  -3.4154535657670758E-002
 -0.83094867550263718      -0.44454152161267291      -0.33452523707884385     
