  -4.9875251809195088E-002
  -7.4914782549347331E-002
   0.0000000000000000     
  -1.0487774471983201E-002
   0.0000000000000000     
  -5.6009482536364855E-002
   0.0000000000000000     
   0.0000000000000000     
   0.0000000000000000     
  0.10958965807075335     
 -0.23157002049707229     
   0.0000000000000000     
 -0.10857385159393770     
   0.0000000000000000     
   6.1010740362357083E-002
   0.0000000000000000     
 -0.63890493623952904     
   0.0000000000000000     
 -0.43146287346792339     
   0.0000000000000000     
 -0.16293997445934894     
   0.0000000000000000     
 -0.30199128922634377     
 -0.49346636615045003     
   0.0000000000000000     
 -0.53409174436108220     
   0.0000000000000000     
 -0.40663487155000394     
 -0.35558530978462333     
   0.0000000000000000     
 -0.63676495491494423     
 -0.36590941257557436     
   0.0000000000000000     
 -0.23505485456995656     
 -0.17311994290401822     
   0.0000000000000000     
   4.4630525345001879E-002
   0.0000000000000000     
   8.4514262105928203E-002
   0.0000000000000000     
   0.0000000000000000     
   4.4886933711407923E-002
  0.10663608422916665     
   0.0000000000000000     
   0.0000000000000000     
 -0.10281874843784571     
   0.0000000000000000     
  -9.8758028141652993E-002
   0.0000000000000000     
   7.9846041296405032E-002
   0.0000000000000000     
  -6.7587258424098753E-002
   0.0000000000000000     
 -0.21976629695607952     
 -0.33866957008955811     
   0.0000000000000000     
 -0.13007578330025524     
  0.26960426231874796     
   0.0000000000000000     
 -0.17439798547447344     
   0.0000000000000000     
  -1.8617733675249687E-002
   0.0000000000000000     
  0.17683984294619298     
 -0.12628679258720238     
  0.10402870176764098     
   0.0000000000000000     
   0.0000000000000000     
   7.8101691596795753E-002
   0.0000000000000000     
  0.14508756790247143     
   0.0000000000000000     
  0.32697332723457018     
  0.41680292545126396     
   0.0000000000000000     
  0.32253240583981402     
   0.0000000000000000     
   7.7169480858363435E-002
   0.0000000000000000     
   1.7534658640941912E-002
   0.0000000000000000     
   8.9951448349485756E-003
   0.0000000000000000     
 -0.15987596116157232     
  -5.6987746222383472E-002
   0.0000000000000000     
  -6.1096722523787374E-002
   0.0000000000000000     
   3.0193736091354118E-002
   0.0000000000000000     
   9.9089327269239622E-002
   0.0000000000000000     
  0.13849831653058817     
   0.0000000000000000     
  0.12939624924756268     
  -2.3724622247913465E-002
   0.0000000000000000     
   0.0000000000000000     
  0.22010951506264392     
   5.8104383505118776E-002
   0.0000000000000000     
   0.0000000000000000     
 -0.21899709246356480     
   0.0000000000000000     
  0.10978511046377171     
  -1.6115126260417296E-002
   0.0000000000000000     
   0.0000000000000000     
  0.22697337826386352     
   5.7310480515160592E-002
   0.0000000000000000     
   2.0423804846589864E-002
   0.0000000000000000     
  -3.9350398008312498E-002
   0.0000000000000000     
   3.5320578095078090E-002
 -0.19664050317510262     
   0.0000000000000000     
 -0.24760616984637110     
   0.0000000000000000     
 -0.40339464561414073     
   0.0000000000000000     
   0.0000000000000000     
   4.5372910209309156E-002
   0.0000000000000000     
  0.13933092906374342     
   0.0000000000000000     
  -2.5317037224755574E-003
 -0.16389514305783009     
   0.0000000000000000     
   0.0000000000000000     
 -0.10923952029242315     
   0.0000000000000000     
   1.1685678350668811E-002
   0.0000000000000000     
  0.20210746426074711     
   0.0000000000000000     
   9.1060860752489703E-002
   0.0000000000000000     
  0.26799757647044986     
   8.1848205603510638E-002
 -0.11505167845480993     
   0.0000000000000000     
   6.3922976648590354E-002
   0.0000000000000000     
 -0.24556444045974932     
   0.0000000000000000     
 -0.23317713595914005     
   0.0000000000000000     
  -9.8025270421896030E-002
   0.0000000000000000     
 -0.12616575804775981     
   0.0000000000000000     
  0.16444204247010286     
   9.0323865817115462E-002
   0.0000000000000000     
  0.20330981342666243     
   5.7420182456871874E-002
   0.0000000000000000     
  0.31965009084829876     
   0.0000000000000000     
  0.38796891617975587     
   0.0000000000000000     
   1.0697684186199520E-002
   0.0000000000000000     
  -2.8198164081570241E-002
   0.0000000000000000     
 -0.34974765794345442     
   0.0000000000000000     
 -0.13375587163094960     
 -0.13114071861256552     
   0.0000000000000000     
 -0.38712221875486019     
   0.0000000000000000     
