  -8.1612609944130207E-002
  0.33647340026435896     
   6.7314964070155053E-002
   2.6131761215839752E-002
  0.29889777312496263     
   9.6891793779628060E-002
 -0.44989646215520007     
 -0.71571932871960997     
 -0.12038755585840497     
  0.29463305939717399     
 -0.19267048099508968     
  -5.1648961056542500E-002
   6.4563156258756693E-002
  0.54779397884648828     
  -6.2051596983900476E-002
   8.2161356670772012E-002
 -0.49862232817919067     
  0.24617794515143632     
  0.15152873298945077     
  -1.4069585715614048     
