   74.321274826852772        45.479065964604544        68.717860963090374        2.2645192147923741     
   82.479133649936998        69.379560514618802        92.944448747581703        4.5060694747078545     
   94.169818254759960        46.395422381122081        86.090458773605562        3.4308230198245524     
   102.92125507859147        62.750596519608294        83.290678919325842        2.9983907379287462     
   97.923145340447647        41.150241879156987        91.246613484238750       0.53321596074888933     
   108.60371543325793        47.369441998139550        88.288701547476279        2.4177812305705397     
   94.804364929834804        46.238699889217379        91.934377099100729       0.89451743830427821     
   106.70389628142107        55.918998262137585        75.713045482579417        1.8210514377753946     
   99.170999110572609        53.980055751140561        75.743589185537914        1.1513272661835436     
   102.97960470251584        51.070449891993690        92.862206473882978       0.14496036932108000     
