   109.47339725417578        39.669396196958068       -177.80263691599714     
   100.56766451129727        40.924380314342883       -179.28872196406564     
   91.821317769506891        44.403293476541492       -180.82046674782080     
   85.780724410469603        45.944773178343524       -183.78657834003812     
   79.779118994188025        49.220818458483620       -191.20658755163529     
   72.975702998023706        54.322736081038535       -197.33178936861037     
   64.683645106603919        60.656766647887281       -201.66952089849369     
   59.505905492344226        66.079426471913209       -201.86263058962052     
   57.224320056634213        74.391031283511566       -200.74132490918277     
   57.069665877389191        82.416174307033288       -198.26752654817869     
   60.676612146358437        91.827341199277384       -194.79322671838622     
   64.803156990856849        95.194302001843596       -186.93744018054829     
   70.388188025366588        97.742187215092343       -179.59805754135047     
   76.916925208629806        102.47860920490250       -174.14238727323058     
   83.723936723964613        103.14548497696471       -164.53823264797896     
   92.587358614380335        103.40033878115058       -162.17349450171417     
   101.89057471358524        103.82352068164467       -162.51199197796842     
   105.36476634127284        103.01119552994203       -171.00183286683048     
   105.30796902279269        97.342988493596081       -177.66414645205953     
   109.07583979021730        91.304618678836079       -184.09514998974362     
   111.28056453724560        85.073292761623151       -190.75256011633988     
   111.20907422508803        80.031325580869179       -199.14366548103894     
   112.02425771713740        79.230849743825189       -207.01809708697812     
   115.89645060280510        76.309396117181507       -216.63982669841451     
   125.18745239888506        75.260096965393714       -215.51644860765688     
   131.30060804633138        66.892892742622251       -212.36542565050917     
   132.45322437964526        57.254966131434891       -209.39886978932654     
   129.43658005335448        48.680264810386376       -204.72546258757376     
   123.31758057575527        42.625535434809706       -200.56312434024417     
   119.75604098326876        35.927449746650282       -197.54396549426650     
   115.02793038352354        28.075703961898462       -194.43812274776670     
   108.53159494785149        20.204626632674255       -197.72600780008835     
   100.35146207842450        11.647148486511895       -199.82190054967754     
   91.614414377419962        9.9652014361147447       -203.27753594237345     
   83.185620156951884        6.5217384047957276       -200.86316300728259     
   76.978390244984851        4.6652150105375521       -194.04767896146271     
   70.958950448795306        7.7253245159466486       -187.11008409064223     
   66.763486929933521        16.090106158062937       -182.92682153239531     
   61.254394785308016        23.071398265589742       -179.18794774139076     
   55.963533302864214        27.244946346392936       -175.48796633046803     
   53.819106114243972        35.702429850297669       -179.43150629029148     
   47.818340826127184        40.704225107055294       -180.31879562872476     
   42.071676581186416        50.588525466474373       -175.91657984437461     
   37.575457371555899        53.014826379224829       -168.47334987933061     
   34.492652475445887        57.655183166006076       -160.23755051794998     
   33.895926719724336        57.982084187649399       -149.93928244569821     
   32.231296387920338        51.754411963966895       -143.12875512615892     
   31.316863196698925        43.607125517549321       -140.30543916197792     
   32.107875543948204        34.714053767265248       -137.99384379506475     
   28.583019306694865        28.730163716804725       -134.90911177754961     
   26.684461743798696        21.372837667623454       -129.28343121710603     
   23.613426481008879        11.141755992958448       -127.71487398308629     
   19.817205282017934        3.4617997822425535       -132.75246032817336     
   14.338264371495610      -0.71829159220277106       -137.79585348549494     
   4.9115525501396409       -3.5791911958536553       -140.92624277442226     
  -3.4846728742914230       -11.982965061300485       -139.03677282785205     
  -11.726426779551019       -13.806815681028823       -135.70316551889641     
  -17.366877507680780       -14.532205686840214       -130.77773793147830     
  -17.358239607595035       -16.449799812930113       -123.52721940822710     
  -12.649247480382897       -22.562711574027038       -118.11141184674401     
  -7.8227275848109663       -28.826659090125929       -112.32111705339048     
  -6.0850337575982749       -34.828417445073669       -104.63730747668443     
  -8.4384468086412987       -39.606544673296369       -96.934989414511804     
  -8.8933774264943519       -44.007197615967357       -89.206106115342308     
  -6.1772282970153904       -49.776616701874040       -82.669206402663519     
   1.6533261500619667       -55.914094893253292       -80.052937275341165     
   10.370052992869438       -56.239942752726151       -76.566403171565995     
   19.268580914766286       -58.083584876191445       -77.665998971299132     
   28.417210520505837       -62.700237811312356       -78.258710623592762     
   36.851022246199115       -61.579072784216955       -83.857368813132709     
   40.202608129656966       -61.828310850068029       -92.147970342600800     
   44.083101008128594       -58.277600034410192       -100.76111592273529     
   53.182811565610223       -57.612514781646013       -103.19142573525811     
   59.528219578246741       -51.968748221341954       -103.72846157985501     
   67.294431367424565       -50.036679004282156       -112.31304928474665     
   75.428458285847171       -50.130549459377256       -115.91002105739463     
   85.544634192994550       -46.084757766868059       -116.35830300580646     
   91.649373256727245       -41.957692767393816       -120.35700653417275     
   95.146467733483604       -40.574663066747028       -129.61962648515151     
   93.720291299228393       -40.926666156288938       -139.52756091721585     
   94.078817371372097       -36.532043571828211       -147.89708036027261     
   102.59187099924247       -37.479092729684965       -152.29179616867231     
   109.22169740301186       -38.548619172140647       -152.80539425644261     
   119.63442769833244       -37.829567516639884       -151.79108278450082     
   128.35813690118599       -40.171656059456502       -151.00356666630600     
   139.12235178230989       -36.533312988839072       -148.75292596723958     
   149.67717289975687       -35.127639982191987       -146.95590906721424     
   159.32777667307846       -33.336497278525400       -145.22443882900859     
   167.12090507776645       -25.810531169375437       -145.32254591084003     
   174.58719048380587       -20.344369515778833       -148.05278775682717     
   176.13710813788262       -12.248888192620464       -149.47046865511541     
   169.93759704343472       -7.7394408163540582       -152.25255570963640     
   163.11356547244642       -2.8369461734605403       -157.02576106199916     
   155.20037369864377       0.35179494356233842       -158.42779517898936     
   149.25340692642325        6.4419521101359987       -163.25758693357028     
   145.49804302730396        13.640051960481944       -167.20285173318032     
   137.46934192529750        21.623037179763603       -166.68307719390910     
   132.49148507912412        27.829756356617832       -170.14931335946653     
   125.69986787570132        36.494452086887620       -174.36538799151910     
   117.36088279843989        38.108967491141442       -174.26870273697139     
