  -61.125941186319544        46.562085079933439        40.320930828286777     
  -60.406759556871805        45.379688800739224        48.326913128718203     
  -60.792288933090695        45.089008586841352        57.122666882672164     
  -62.674186002613723        42.795722854694382        66.981178406323323     
  -65.225561553492611        38.400349297040869        76.542807628453502     
  -67.228930831154244        34.283068287008234        85.865645875895481     
  -61.332425082973529        31.893539410287232        93.724266740448371     
  -55.499851085722668        38.086101173770508        99.572547483327170     
  -54.995081563904726        46.836006679528268        97.372361809477724     
  -53.031974800465186        54.970015079813074        90.825491114578213     
  -57.557519571712952        63.250784640079765        86.239855494055277     
  -58.916156023524451        72.875196840359820        86.281258812011416     
  -58.903609834759052        83.107248455103047        87.034595728263696     
  -60.018912920916648        88.331932885789357        93.060620353633198     
  -61.724968619034541        90.707708954650187        99.789575530275826     
  -68.495594463198941        93.522920036450969        107.59373646201054     
  -75.677752987114999        89.863994493359954        113.21741162609220     
  -78.765548758379154        82.837756897120357        117.02626110821957     
  -80.887633426437077        74.852764021788971        121.23212340447546     
  -80.140675758838768        68.016223947143303        127.52031093601127     
  -86.440334261956707        62.797105433252767        136.11772141396568     
  -93.524701373965073        62.123187007715252        139.82923731407357     
  -98.771957368599431        55.850425303208539        143.81223519668856     
  -105.64730396504851        47.097680579469781        143.64478005032800     
  -112.02167268618221        39.452091343169158        143.77083602960710     
  -116.01313815795243        31.621066888586174        143.92083416687117     
  -116.97701253878682        21.690276357223169        140.77478218360596     
  -113.61640098689737        12.420918834721800        134.04449168241516     
  -113.54359674073805        3.6372502908510187        125.89288327284000     
  -110.48971951930892       -4.5627743244800003        124.62222016329687     
  -109.23986833519191       -12.810064992404694        119.15025058654841     
  -106.01378636911258       -22.660954303702386        121.20500656568231     
  -97.380496298581491       -27.954821452630881        119.18364187229066     
  -92.324416201626434       -33.771594833997177        116.85720408115677     
  -81.612810985560685       -33.901904488553420        114.58390091739747     
  -73.214113122914185       -31.679868677320677        114.92300883414757     
  -63.257101445100005       -32.730498181978810        115.48136170057541     
  -53.461552978967255       -35.099995703270885        114.73204616489107     
  -49.861890172652700       -41.057589083231235        121.34975645399274     
  -52.675928103661533       -43.564290261399854        131.74964812792359     
  -57.706779423592998       -45.627412799020590        140.59395681474177     
  -63.552117906396155       -51.928551756508689        147.33136976670070     
  -65.500772852918232       -64.815830859217201        149.20126146186138     
  -67.493565315188150       -73.251458544925512        156.98401028058333     
  -69.661895065887379       -78.838242879862364        162.10646403016423     
  -65.984242067714618       -84.650813208726220        167.85196464146946     
  -55.425697302984780       -91.882849534096508        167.87573642023187     
  -49.562110301885973       -97.761191792218597        164.62008989526367     
  -44.557118250949813       -99.953682647630202        158.89148506070256     
  -37.174739101121752       -107.54555423790568        156.37230031681159     
  -40.295349839482768       -114.31290359458353        154.34108128306727     
  -40.680375976543530       -122.96303802442306        150.20737448876622     
  -36.677038940062573       -130.30923363986074        145.95656574313665     
  -35.570861003166847       -130.20747784419640        137.69973230166329     
  -34.457371588732272       -126.15344103624602        131.02190834477403     
  -30.030585649990091       -121.07832746856444        123.59194072420553     
  -26.216198163052443       -114.99353653091630        118.84094526996849     
  -22.905821601301394       -106.01872296813453        117.21454015343070     
  -18.578667040909249       -97.193038692495080        113.11449213666697     
  -11.500322373863025       -92.532561990996442        109.58768835913732     
  -10.619866180493556       -83.436728979202826        107.27111846863895     
  -12.319299710819379       -77.678710853704189        103.86190749889896     
  -12.460288456694832       -67.807953957070296        99.073960808015457     
  -5.3832436124298999       -58.021206151292958        95.928355911915645     
  -4.1019365698040611       -47.228544112487626        97.930107903497017     
 -0.85195290029165782       -37.160183045292129        95.089183265581781     
   5.0281271560889174       -33.914424720237136        89.842821470685863     
   12.883498724867346       -35.627238378788888        82.432822848283749     
   18.546196474614071       -27.645325420089918        77.389991358253994     
   23.641283856474242       -26.216836195955551        67.593871641074074     
   25.066802762088525       -30.470347798551206        58.197075553848869     
   24.089811836561029       -35.518932076015382        53.106543399630219     
   22.922012728325804       -43.848301272749460        46.771662973282339     
   23.413646921115770       -52.494798302114944        42.281204801576500     
   28.438864493873325       -59.214170745504745        36.119061208577868     
   36.432835267837973       -65.072023054967190        32.024509901709266     
   41.991567334140434       -59.591834347328678        23.298043888955405     
   39.251937549774361       -54.494759948000080        14.967149889068759     
   38.933054670854425       -48.353324274316172        5.3709619350755418     
   42.878015732671400       -40.940379685845237        1.4577553056879244     
   44.442158586769104       -32.112857094571851       -6.0831293303311842     
   43.081052964068292       -20.763548371394702       -7.4722402582232430     
   44.461222338877064       -13.968519287067629       -1.3288228065605470     
   41.822528490936293       -7.0643875054206733        8.1639385798596731     
   36.585589898579862        1.3720406219569443        13.913652173156445     
   33.873564707460972        8.9898281475742721        19.295855008256240     
   27.873771132909898        17.626629789289826        21.507339993188403     
   21.193945298760628        23.515575654928288        22.894973135946611     
   16.104604661078927        32.031804383315865        26.145554342964093     
   12.270707135761564        39.019450203643437        20.063527820258273     
   7.7988650009735458        38.936236367936040        13.370581655364372     
   2.2226347512861779        43.843776945935794        8.5229904027979693     
  -4.1931614410564197        45.764623169756057        3.1974456233305211     
  -12.370611003761935        53.146150387510396      -0.77048683700698406     
  -20.023179431677530        52.934395571784059        4.3060480783780797     
  -28.316992529849461        51.956275776076318        10.831157321686360     
  -34.456797855098358        51.732526088565479        19.108067082275795     
  -42.176666600321468        50.768635947122299        24.479372024731536     
  -48.784893296669836        50.739418203831889        29.333568472278852     
  -56.003222494823866        50.012517852754549        32.696979591023535     
