   25.050344458893971       -23.436197914050727        10.514454507182567     
   17.641326955278352       -35.663206255199810        19.105071995920547     
   11.875029450039230       -45.960278239811373        20.473435745022844     
   3.6829028988527619       -52.084210109627840        15.593868845953210     
  -5.0877537825272183       -55.945453009639742        5.4830798932256357     
  -11.914502909592292       -61.356671488089255      -0.42026575107840403     
  -16.742394456528583       -67.886170111858505       -8.6280838850806223     
  -11.125875719501586       -75.463738850535265       -16.414003446194140     
  -8.3657982577198947E-002  -78.225788617966501       -18.023088913983553     
   10.169731546234697       -86.795938656754743       -24.647196975074738     
   16.158949786866049       -88.351048689810000       -31.292997667957952     
   30.826294665218843       -79.905036813049449       -34.258402885939127     
   43.280531735826962       -77.013315371127632       -39.423528694847889     
   56.753049701990072       -82.863410715739434       -46.539273472704238     
   47.562475880561664       -87.722088478429356       -57.767329841854782     
   39.798181336717342       -81.482929237668486       -61.045945936422044     
   33.379749783580088       -72.257739933336069       -63.961931802308513     
   22.449921652786184       -68.432878706334691       -64.004134383615551     
   16.956176408122634       -58.991988292818988       -54.476278495895876     
   19.028377070057605       -54.024254622890510       -42.308489742865554     
   24.060500090321053       -46.030846980363940       -34.671857687536530     
   26.161178883033013       -37.041870782428788       -29.582940542899337     
   25.409378412770558       -26.477434765871152       -21.337004921142182     
   30.074380822331051       -20.247634095656771       -14.750334261321706     
   30.675749359387858       -21.162825153151811      -0.22346459854119871     
