   71.713959964025648       -2.4788462129730533        50.876587106465948     
   74.610494423263518       -8.4200215137353389        47.385083527854874     
   76.842251254489938       -21.148643137065136        46.174206159962090     
   66.748334140696187       -22.646987240244062        39.977887920236142     
   54.593007433890428       -16.772614742038233        35.329231074318763     
   45.556507343250537       -10.264162264845810        32.688401707022926     
   42.376920221193458        1.9274492356333082        39.858463519768513     
   38.615647257732917        11.397330037305560        44.691005161162366     
   38.095545272251478        27.067428719353508        50.883175538471754     
   38.310276937226703        37.873793392469096        56.285958756527641     
   48.075333130447092        47.187149737120194        64.250128273453200     
   54.536419874453770        57.340643880710623        67.647804325573233     
   54.334187811219721        65.069037408238898        76.973273860951664     
   55.244074710946279        75.295836243129585        90.088437115528492     
   55.406110093021582        85.693112177646711        97.226531987046343     
   47.016050112314339        85.911614629862484        106.16599078265203     
   38.479275908777950        80.137830010281803        98.770652664339693     
   38.112405126216771        74.274490958894205        88.412245334802520     
   42.211283662215550        67.956991997892104        75.755775778247937     
   49.306459624488824        59.505661102221630        72.734769636781650     
   58.511220856372859        51.038123651195328        71.722813585385239     
   70.363462367877858        42.086274326947652        72.903910944606665     
   74.728006728023516        32.959237601155529        69.391537405960378     
   75.516655475449198        21.325518669176219        63.019653966731177     
   72.355842557861649        8.6667506786019981        58.239657336850968     
