   64.874085068951089       -9.4081446701993809E-002   63.033300905069538     
   64.163483285776167       -9.7805209825572348        58.068286470907353     
   65.270192501072245       -22.019159202988376        51.670044604435034     
   60.561397835689419       -15.383777777067710        38.081767248554129     
   55.184307458324881       -5.2475434604311069        34.752346724069099     
   47.766319563086995        9.7532676967274341        30.922744205649920     
   41.621211847737257        14.571560088673371        34.565634449546934     
   34.083493406709295        18.473373647907405        43.650794420777245     
   34.340530680872071        25.960685214415960        48.800502319214878     
   35.920958682448763        39.988376747634398        51.370488929809817     
   41.910466509787412        50.677327794528139        59.883247145437451     
   47.741668281185348        63.692472045949984        69.226245703859064     
   53.802497280624451        68.978602776142196        80.018065260010857     
   57.627888687523416        76.494686097143031        89.989193391064944     
   60.801294209359490        86.177134030360406        97.134948470843895     
   53.603435361174263        92.418414081838250        106.66144528461463     
   45.554472046507350        84.048526048554521        113.28415148317171     
   41.472529047266619        74.213605984446744        104.76293699077242     
   44.279415452649602        66.317509658557412        92.478214446370501     
   56.257360907158741        58.931973346875438        85.748063321277300     
   63.480895580557622        51.451894635952875        75.508978803904370     
   71.775513935155473        43.280234198106392        71.450860990078027     
   70.808242817592927        33.186132168794543        77.095117069779477     
   66.826816600368602        22.543307055391221        75.749838439534656     
   65.544971227113010        12.045658014847662        67.660127341221610     
