   62.969085892020253        1.4658699625226461        59.639124746844438     
   63.746883514712728       -6.3318145188141477        50.561192991618185     
   57.706796532453509       -12.274837697030968        40.517446041071800     
   47.862678231209259       -21.229912635419630        36.864535411084674     
   39.538812733003226       -20.770500014885741        43.812933963489414     
   31.030150193280022       -12.055822447997047        43.771352954575860     
   32.831920964173491       0.89316480893831773        43.454862244005106     
   39.024805527849487        12.940284118004753        52.717286511339914     
   40.761600032957581        24.130044931053593        54.393835757196918     
   43.626358817712983        35.140205247767753        52.906319754804862     
   49.012740946363301        45.688389815581111        57.370973109392843     
   54.975330938308360        54.748779251252373        55.956183066915294     
   59.590580310602725        62.663950286088365        51.846776199658485     
   59.340880341972046        73.374110077444925        41.792055501782592     
   53.396914948857066        79.486394117135717        35.679168995175488     
   40.635156193449902        85.216510303265622        31.035983998098722     
   34.986910104506109        80.383961581179705        43.010121015665462     
   32.449099547797886        72.439281889798949        51.991304206033654     
   35.292333324008318        60.135678601506250        57.193356339891373     
   44.055080328951945        50.052814536606647        61.005914074628812     
   53.994857097015121        44.129378307312486        69.912633209968405     
   62.124093513177698        38.839098321107464        75.233207751587713     
   68.327558741820795        31.117347792587118        76.313547461246173     
   68.364762062690090        21.332009979329431        73.363474603903569     
   65.593044811808980        12.023706326892093        69.065946443206002     
