   11.156908202779428       -72.347663011984565        199.31861077665405     
   10.624350679940980       -62.412818398832698        198.63870092905836     
   10.205465153681070       -53.390759747029762        200.42321674911429     
   8.3276169735750933       -45.053323010272706        206.04934277698695     
   8.0958015156678176       -37.755462241882441        211.52874084158927     
   8.9052116222061528       -30.511154493030826        215.77565563156097     
   12.754165452659505       -23.512270051324723        219.69437435350901     
   18.105002760469404       -16.478657955755288        221.47027133658335     
   23.727762113607969       -6.1829189146658345        220.44502327409992     
   22.494057845176080        3.3233378421474180        219.41910808662610     
   18.790697658730529        12.202985783221248        213.93908182658734     
   19.942121063939418        21.418469026750550        209.84382374974726     
   21.321009140150508        30.682783026245041        213.83793419663070     
   21.021298658438290        38.731834153298898        215.95688670188406     
   20.055171346493331        46.806362336974978        221.92730971104109     
   17.831383930141946        50.239386096633034        226.21481901422752     
   15.426317449292805        56.236016707195226        231.00652492922268     
   12.308951780226614        63.853448872274519        230.27395602158705     
   5.8922756171037749        71.698212521695851        228.59154588906901     
   1.5192020142364069        80.143709254067460        228.41151366633898     
  -2.1210884552952991        87.622280500815236        227.02553265058219     
  -7.0888866737715830        94.466165688634561        226.94192519784872     
  -12.347277440530682        106.67002905022686        225.51931236441476     
  -19.594784721009873        113.99452958713779        216.73367677044843     
  -15.633276298386670        120.63696489634462        208.14007185002288     
  -9.6738542831496694        127.47233684966270        208.98889820132663     
  -6.0908099450434232        133.30598699740784        204.00836500730347     
   2.4693658278983714        138.64823271064611        199.49400499051291     
   12.362026274751599        138.44103095473685        197.76682235779555     
   17.085922263230692        132.25889941907033        197.86991644769157     
   22.732804951533129        123.79374664014324        198.90069518684467     
   23.690237609499178        113.12577306373753        201.55279250231672     
   29.760580815443724        106.70521404735661        207.53102627891690     
   31.659066001218825        96.909161620854704        211.38816300735542     
   28.087184449228253        87.004091117318083        209.81627796591584     
   26.388289365382299        81.800689477180711        202.85579372871609     
   23.347250983881789        71.962637469249202        197.13611440619883     
   28.604309444584473        64.479497066480562        193.82964250303451     
   37.741707218509113        59.398218956587087        191.67171744219092     
   44.492350349096618        53.309149991645455        195.69189709663820     
   49.092389675040721        45.766690973315455        199.59821250502182     
   55.930560869206950        39.678076805145203        204.52735936319226     
   63.759140536958725        32.856255003877827        204.49211237597586     
   74.333301674193720        29.422335239794819        206.36337266327797     
   78.267339166196749        17.852855083658159        203.51246254749410     
   80.480263541721015        8.4738279232684270        204.50244298511669     
   78.183797518761310       0.13514533161895415        207.67333221593367     
   74.428174767380142       -7.7246611062180905        205.03529827203181     
   69.110271296330168       -14.627795663385864        198.34124377041638     
   66.043669632993129       -17.656901245513989        191.36002775506441     
   61.403317998291058       -22.203193031552768        185.65687047738612     
   51.805905254489332       -22.951624044707938        179.81508040451556     
   45.754653529556037       -21.836153463145070        173.54157017350414     
   37.232497731649005       -17.757802208802449        167.20346716596003     
   28.908921512031068       -15.259497979231035        163.46727111569962     
   16.471361340108068       -18.608431818438277        164.32926590068425     
   8.7442345117786626       -20.928704443526456        162.61060205446941     
   9.0036151976528256E-002  -23.357129929961701        162.74287803090820     
  -8.4252555873926944       -33.889240828261649        161.61796449286146     
  -17.965370239328628       -39.754198897190960        160.64108940292573     
  -24.792296841204191       -43.748240593369971        153.46337063394580     
  -31.818533134563623       -44.053520831732797        149.05094194103773     
  -32.797220125276858       -38.032700476000159        144.26169575931900     
  -41.746861442613017       -32.016469972974626        143.15989273356018     
  -47.137201606772727       -26.788133153481247        138.93777282353531     
  -55.455144329128608       -23.122327997013208        136.18714215750458     
  -64.041516839516191       -17.824251379450651        135.31480341670624     
  -73.090825094728473       -15.199199600130223        138.49459050122556     
  -79.770523584865572       -20.799767531027950        145.01950920529316     
  -83.677916147729249       -29.206377240261634        146.99915825165144     
  -84.779525266997396       -34.801132828687329        142.16038079457991     
  -87.242974026223962       -42.334644170781559        136.25982359030348     
  -90.864720073863509       -46.803305271822985        131.54163342106696     
  -94.298623956152753       -53.349575575848377        123.77438169632617     
  -94.794617703278121       -59.442148611673517        117.56454802124803     
  -95.777463807388088       -69.765713108831434        118.24352639381800     
  -97.917458731789310       -82.094898469216986        120.76838594900900     
  -99.976417661942207       -89.207261776428567        117.38539545688170     
  -99.200890075527838       -96.834179190604033        118.00460467228555     
  -98.205754868205389       -101.98935520063469        127.01780414878210     
  -106.25082892317107       -107.37594637960724        133.69587853938566     
  -104.45746901666715       -114.45207502475330        138.63959554615371     
  -101.88513113794748       -121.68029192398747        146.21869790513927     
  -96.272389269258781       -122.31746528594881        153.80679598261801     
  -93.967858473772850       -118.61745105949613        164.38702225411882     
  -87.860070287189231       -120.21540202067567        172.37303456449723     
  -81.619879064072308       -124.16747986023721        180.26217374920412     
  -73.492090442109784       -128.50703860568359        185.64250964046653     
  -65.612085752691215       -134.10101149960514        187.64205015143057     
  -56.850293885004476       -134.79243193561300        185.47494088008727     
  -48.785809489507187       -130.47533897297296        185.43608023848537     
  -37.729838868152804       -130.77522409109704        184.01069330653334     
  -30.288408546712073       -128.61061948529533        182.98045586077845     
  -24.376113560959062       -120.12121790950761        181.10284817620678     
  -20.791392232954959       -111.29322191623920        179.38425189084336     
  -19.781734574722947       -99.857386085966169        182.68119109708647     
  -15.912669041081452       -96.103241199747274        188.23415683838414     
  -9.5572292616547490       -89.814115534311895        194.95481928680672     
  -1.3888086364323287       -85.886162734436482        197.21207117336095     
   4.4783614624420300       -78.441640354615615        199.46390312372867     
