  -59.568727642757082       -40.866483651292668        135.33341289049477     
  -55.575883340117528       -38.527549742380749        143.68459271774955     
  -52.233683608146585       -32.998254307961751        150.01556251597572     
  -51.385539918491652       -31.387111522057534        157.16786090268207     
  -49.831346016349379       -27.380742797388084        168.36885734072425     
  -50.058139530202531       -22.672755549651960        177.55151797971541     
  -50.720781356131845       -14.860956040572473        185.99787759727516     
  -52.030122626674824       -4.7015150376330457        193.00695083414604     
  -52.186388059205882       0.71016680651373254        198.86933973401156     
  -54.120962249188089        9.2632426551249072        202.24964927133277     
  -50.433560355142006        19.532014852719346        198.98295715986293     
  -46.921713479815715        28.652404378903459        196.40829915389651     
  -44.190013268222465        37.224764669262022        192.05042193945269     
  -46.749402371157331        46.063069404160174        188.51692134541460     
  -49.302912696763045        58.713952226898236        185.14889001869432     
  -54.001645407160346        69.092272677339736        184.68584010950894     
  -60.337856193061015        71.843758810497249        177.53603340059277     
  -64.713108851257417        76.165057151601161        174.78037522447184     
  -66.953087030772949        83.862476380880821        173.32087820879431     
  -64.189224446083159        94.009139115270045        172.52190917299311     
  -65.585845653151736        103.23949943469825        171.37976701359048     
  -60.644971221579503        112.42750283956440        168.21440804303640     
  -57.260891569713991        118.90300405201160        163.41281318870409     
  -51.260071198200571        123.67294770519308        156.26799132096349     
  -42.534143871221545        132.23919371152525        152.48652525802950     
  -34.184009525162445        132.33043793507647        147.70930574244272     
  -23.895977895185517        133.38585325084972        148.79289711112034     
  -13.868925960796656        135.83856873541308        148.74713883714671     
  -4.2195306150154579        134.78980204643480        147.10889225349342     
   2.7620547604739878        130.87221491979687        150.08135928243854     
   9.2048404838982094        123.85489680518302        149.79907264889630     
   18.334747442607593        117.93265085826033        148.16741364030059     
   25.405669621116196        110.79893909449670        144.18517287118965     
   31.279209371211625        104.13474314363030        146.34430973275283     
   34.620860402885498        97.949529231502936        150.71713141803340     
   40.554272040435947        91.408536366086253        155.84223660888316     
   49.074932697304149        86.467879383603744        159.94855069901706     
   58.206718665108269        87.253755368981231        159.23818275886293     
   63.541537138700789        80.335612840222907        153.69143307741081     
   65.206266907088605        73.193880058732475        149.82121703050535     
   64.427965531195539        65.190583595601012        146.10548791703030     
   60.886424087368411        56.939031280089061        144.50846160936044     
   60.987675166129442        47.397334220880758        152.55530545056817     
   60.669473317491558        41.452986320543232        158.66831366812238     
   56.447376127751177        32.047251189619750        166.87713721100954     
   54.777179030473988        24.956492177484144        174.46715659776453     
   48.890553043467207        18.267695572801021        178.65328020693616     
   48.084198076611671        9.7049134430188921        180.79483167564570     
   47.043504113824014       -1.4063444493656903        182.58139572365602     
   40.793567853271554       -6.3993108664868075        185.06556410114484     
   35.002204483174957       -13.168225505788953        186.39201540933237     
   27.159664947032446       -19.932668584675667        187.45357875217132     
   19.154350548575444       -17.998379631394819        183.89004712163970     
   10.944308202609029       -22.888757612636681        177.75578207002388     
   4.0491769632496997       -30.803758390257222        175.60743915822641     
  -2.0459934943313201       -40.023019777662533        174.25986958743030     
  -10.363700255746707       -47.813870084652628        177.35584784436676     
  -18.580060852478173       -54.094842610294315        178.11384241250357     
  -22.542658384633725       -61.889107610350123        173.69722397479609     
  -32.730486168304367       -63.359424873702523        169.52309534731367     
  -36.051352651278123       -66.594566163961048        159.64855666581209     
  -41.637321693413128       -69.440461185629587        151.61816343187971     
  -47.002154370718912       -73.715007150906430        145.21686651622255     
  -55.637674497339162       -73.862992729410010        141.28176040575019     
  -56.894636527402078       -74.500396658075161        130.56166784827758     
  -58.909611117967103       -70.890258551065003        121.26126047929409     
  -63.383421559250742       -68.587818224158227        115.50601367132305     
  -59.251762117354133       -64.858791107132618        106.73554134287879     
  -52.845293498385509       -61.099313671270949        101.96881923509471     
  -48.192631446631950       -54.092057345877755        96.780242459402572     
  -40.650727550708744       -53.021033382739397        87.239892586567578     
  -36.740096074150408       -55.120582314709416        79.259010128641279     
  -32.270619445343790       -59.650435430788932        72.030801206249521     
  -30.229171347162747       -69.948245743879980        68.838522193626844     
  -28.620857833480351       -79.661267052137418        62.615129524701324     
  -27.066914020577418       -89.488725046615301        58.898882262995762     
  -25.065963276916158       -98.962361470756079        55.648030172287434     
  -24.931198068354924       -108.36079662935214        55.821520685668226     
  -26.895084835629582       -115.92552472053210        56.985514480862442     
  -25.456513989332958       -124.90500415792462        60.625963780155537     
  -21.445021279991280       -130.69941522661904        67.527624570677901     
  -24.539028765287870       -139.07670880942570        70.302265814790942     
  -25.651522635214388       -145.71469552597429        74.615401849045526     
  -31.056894817642295       -147.60184388350541        81.848247488001292     
  -37.427901744437648       -144.27711027676426        87.801661398976719     
  -45.839050541180704       -137.37075811964004        91.910181604008045     
  -50.127907717295287       -128.77371275119421        92.735314248066601     
  -56.264511081618004       -123.53222666440455        95.086109732281216     
  -62.616766291099005       -119.70614686836605        100.88258890879055     
  -71.271553242238539       -114.67607180303601        103.25047788613564     
  -76.765813149257852       -106.52360666134916        100.00369572388067     
  -79.911957626220357       -100.13017354031697        95.020084442496383     
  -81.383242714507887       -91.484119854552560        93.887315178178397     
  -79.461034168821627       -81.676334633860805        97.062705607438787     
  -82.497716111630083       -72.384091348778000        100.35805556545156     
  -79.568627853388151       -63.580317979711900        102.79511374733472     
  -78.575853629242616       -55.474507790427218        106.48934345027800     
  -74.179353958061171       -46.014185523758677        110.30030974384790     
  -65.798816390442440       -45.174143519293786        116.65836482099397     
  -61.375498545218498       -42.447151295910295        125.02570227083868     
