   75.716383930417265        8.8359133489004300        52.190329818380725     
   78.049626134406452       -3.7131241248850082        56.592724523985517     
   74.283428280758073       -8.5379749337605997        62.299445349832325     
   66.990896613943065       -11.038146387617303        64.509952206092407     
   54.897922738445118       -14.609895357327606        67.587970720569302     
   45.792414054704864       -4.0484040195724678        73.142496096545329     
   39.957577535446809        5.4868101566636840        71.761620939132783     
   37.565333193606349        20.032234498687728        62.792063194193311     
   30.632171250209524        30.997757708071941        65.408912094920467     
   28.649699879258833        42.184512180818551        69.940472284965821     
   33.932662178087185        55.398139899114931        65.654184098113674     
   48.554553857324059        56.401447348596086        63.034882491935583     
   55.760793644483059        55.759042039836729        58.459261095625237     
   66.232155239000079        62.652508748888700        58.175931576336474     
   66.165284093047291        71.631833893749103        61.316895979769178     
   59.782959598575580        85.319988575271012        71.140542687479822     
   52.335215987510885        93.652663182918474        79.969316163430392     
   40.344502599207402        89.212656661192995        78.822184959516591     
   40.202336234810829        79.124902288385869        73.018141258275278     
   41.276221637138391        64.616058132772537        73.297322521493228     
   47.026247092078108        53.109860948877241        71.590286036015129     
   54.729154268237387        40.088310090816911        67.856446548529306     
   62.939573232773668        35.772754272722644        68.969256347806237     
   70.737913396803648        27.050262238229845        66.898760559835068     
   74.836938915505215        18.016299983899689        58.829889022622098     
