   88.623729691262696        14.605863882646037        58.511560904937475     
   82.915427763402931        6.0296064745356714        51.873523093994713     
   76.138030616743933       -2.5581952137639430        54.905656305505360     
   70.504315926950468       -6.4435070250486337        64.559802617628620     
   63.381117249409300       -2.2613757260863738        71.722027853204082     
   48.973799134041442        2.0545424089808826        70.600917786151101     
   40.334440980270656        9.5033959873413334        70.578023136323424     
   35.494934681312273        19.745539443768429        81.473578636427490     
   32.319802476883595        28.121505617583296        87.483809943027424     
   33.799413712423544        39.820216250977040        83.452534868724825     
   36.545830369606385        55.055539345323837        77.892147299496358     
   47.581929502177296        54.964828856525841        70.961858027439675     
   61.341730286860461        53.772652504458037        67.884681859643138     
   72.049460207653524        56.262268323486524        75.071708965248604     
   74.146895931313495        70.008490685311926        80.176949083108468     
   75.934093734287202        82.731834102927095        81.153038150254886     
   71.726784523895574        90.291517374478360        89.232921740479966     
   58.982949975200398        87.194664404224497        89.421088552397393     
   54.518209948203165        72.332131874689964        83.236536581439751     
   51.948977817516152        64.037453899243204        77.142901214499318     
   52.605243887922335        50.871142537819907        76.697980182096970     
   53.258218089833434        37.532915262767787        76.860623689576116     
   56.130851367647537        27.859311333344365        77.365080412011622     
   64.729036110824254        25.022073066537477        69.285240741591437     
   79.824492343245282        21.495006897818854        65.106721546055212     
