   224.48870302182212       -60.400085075909452       -4.0177323531031943     
   230.09943719213499       -59.265287772969600       -13.404394568546605     
   232.54153209490187       -59.437329206255150       -22.339648695585304     
   232.70387336741911       -54.410906448651630       -30.265666027658568     
   228.44604574190643       -47.442413487595701       -34.586472611115809     
   229.13769585028433       -40.620538008153119       -39.716419267689083     
   224.57977943171707       -38.769390974003116       -45.604087685107729     
   216.77417464027201       -34.058325475798775       -50.222286074279211     
   207.19826118894841       -29.177291667213410       -52.104805125514403     
   198.66631375056281       -32.073272516430421       -48.845739405251251     
   190.77660927032457       -33.150204764465592       -43.303957386802594     
   185.83976809582998       -34.592234521209555       -37.521016080871476     
   179.14914974962210       -29.678143999265885       -29.462266581197213     
   175.89786844574178       -20.816601270612487       -21.649003849950738     
   168.28777036481375       -17.173067551119889       -17.375540799765936     
   161.77372111230608       -15.734867864592864       -11.230760735068120     
   156.79588173706040       -12.565954187170158       -6.4381443498639870     
   156.74755202930180       -10.271146241204990        2.4535574049658821     
   158.69857079262732       -6.7028666455030086        11.016855995987555     
   165.12397991710461       -1.3245803382975601        16.785542449997795     
   174.60730341756340      -0.13269278972659326        17.032400864848075     
   184.59529037699815       -6.7390079648155030        14.865019868245984     
   192.73628736470090       -9.0388977689215046        11.739503481528770     
   203.40842841992554       -7.2871548986444052        11.639820633527190     
   207.63525886698449      -0.38934090836377461        11.415579105494345     
   208.91958842603086        3.6074678644365790        3.6084304739369384     
   209.83990617727369        7.4315191956939790       -3.6903604699695718     
   207.61445541630937        10.481381784982972       -13.041161482678071     
   202.85990091629733        15.194989738851634       -19.509846184000835     
   197.67671930307836        22.407892000847966       -24.529585626933411     
   198.17960969865769        32.426448611781190       -27.263591182771204     
   190.94175477532104        36.251004040530567       -33.858299500047522     
   181.68184973877018        38.345125729618587       -37.095805080667454     
   174.47657842159020        39.812087733063741       -45.248829328021763     
   165.73275710871536        38.103124938828728       -49.979142796615307     
   156.75458509371887        36.036697491998190       -54.459338810921992     
   149.24652601167651        34.079911616905221       -52.657368845665737     
   142.90062808100490        32.755263054492076       -46.346141997214168     
   141.66964323162378        24.754765422950918       -38.938130054857155     
   139.56659337753621        15.706696944266932       -31.915723827092201     
   137.32014761518968        10.115288245969959       -28.584411494935640     
   133.47341865101896       0.62670500126299744       -24.551333451479849     
   129.55424944635729       -7.0958992641393284       -21.269159933886229     
   127.16378254828786       -14.510922642207214       -18.675845360935469     
   118.52978551880133       -18.487610262677482       -18.269950287257252     
   110.01179799848306       -14.547757829494550       -8.2118545299352821     
   105.78684963047164       -11.878210251419578        1.4731585795375137     
   105.78134930905382       -5.3824425755578442        9.4120769844573040     
   107.42788138425284       0.84787774300518737        16.535585584076131     
   108.20140216923134        10.269011971839413        19.826137038176693     
   108.22513348247965        16.441338531621859        25.516750575406139     
   107.98100218930516        23.061872985668987        31.173815301847892     
   107.23504163595912        32.207087107841630        34.497944771854065     
   104.22140855612095        42.614891619951521        33.087365182130561     
   99.838575701777444        49.629022474481502        30.278359487926508     
   95.988160964164607        54.270208248423749        22.787055368926456     
   86.058921309724624        57.975910731285929        25.002655672930601     
   77.375102227869462        60.366579640798179        26.508005937364960     
   67.839574230244281        62.759262213669686        27.174418681362376     
   58.612666905739296        60.349391474984976        24.519578855028730     
   54.144217783925264        52.624887545700766        20.280255410250632     
   52.788472987254394        42.704273975694477        20.524232636642484     
   54.323667211570047        32.535871635854633        22.011540992600917     
   55.770509788545098        24.431498565593966        21.487394421400040     
   58.553220119914847        15.736444502769388        24.597210842084888     
   61.076111795394574        6.1230986660483842        26.844762243785549     
   68.578722634407924       -1.2837500406245399        28.436939966740862     
   72.699321835962294       -8.9102019244953468        32.574489292078802     
   72.941951799070509       -17.966604868646222        34.677509157692640     
   70.577620857671008       -27.568184776598532        33.829985964545948     
   69.789499146633474       -39.111308828442716        39.117738454220991     
   73.776060443552325       -45.796954784708468        43.982817837083225     
   73.448647676969358       -52.659640579050297        51.091857089998946     
   72.391001401833933       -55.297299492987605        58.688662094780540     
   71.064687411224156       -61.354038248532234        64.858606733000016     
   72.640193998438690       -69.851160713026090        68.289916405329791     
   78.646832889715085       -76.207022977145428        67.942781053316097     
   82.739415445852359       -84.849322030288235        64.763452010499179     
   90.371572560447404       -93.541090590650398        64.039538177684406     
   100.30714532506354       -98.429938534970304        63.472758681292653     
   110.00575233591410       -93.723525706206019        59.535944251100247     
   118.49030340577724       -89.177651765631239        55.526547572365821     
   125.82778880867633       -82.659232502659776        56.897809977495399     
   134.03577541966305       -78.151194212089578        59.107457450588569     
   144.05246344817965       -78.077570875947444        60.700766182857876     
   154.04373581530581       -78.885561172266833        64.473853215381624     
   161.00808617861969       -74.995238214272817        60.919105138153519     
   164.46685146715737       -63.937061176057327        58.817656983323488     
   171.03629283028582       -57.665136908110917        58.534398573598033     
   174.17097784631380       -50.311409442349124        52.474688674653784     
   176.22854813993817       -45.434235418421402        46.460585396637263     
   178.69347509457705       -43.584317260193856        36.174551560493796     
   176.64576942749522       -38.202334233692945        25.538320377914033     
   176.11714733828327       -35.415470361800125        16.347800166484042     
   179.64864872321564       -35.606006981832373        7.0509386475779188     
   185.60036620493693       -41.113219267600137        1.9812049347019030     
   191.62624681098885       -44.198997992406859       0.32863880720998573     
   199.65774632889605       -48.296723768444451       0.12928790101504051     
   209.16610077006808       -53.598648344761038      -0.41630326314254740     
   215.54789983851907       -58.460057826124448        1.1750876519361477     
