  -38.517109027472635        93.760399923443316       -313.77426425239457     
  -35.046788466248209        89.820409610001434       -319.18024619793630     
  -34.391929041901598        80.424306514309009       -322.24473307900814     
  -28.120660968150190        75.534112239380136       -327.99404446877389     
  -20.413169283205924        73.254412755827047       -334.66119641296683     
  -13.491868270218943        74.168174053793848       -344.47304825526686     
  -5.0891115172257955        70.590264477164794       -345.18136439937962     
   3.7867094346943584        64.180666820871636       -345.63809780855689     
   11.671344067374767        56.346405097622416       -344.50904823444029     
   16.909160425153811        53.449065112571546       -341.87248310702563     
   23.893569277726911        49.564105857992104       -341.40481148395105     
   33.269703647286889        45.172620089518645       -339.10704661208268     
   41.566584505349567        41.577710287239583       -339.31677949999670     
   49.698667870709983        35.224822259836486       -339.82642701731874     
   58.863906617165640        32.563607698022551       -342.98408223330199     
   66.255442353171006        37.039406854046888       -348.29544018024342     
   73.574576316766610        42.080828548558856       -346.86320720816269     
   82.645125905369099        43.574212759631550       -349.09113691974898     
   91.731820093489034        39.667155476515291       -346.29079438243986     
   96.130205268655416        33.578799855498957       -342.88836987870224     
   104.37961090428583        28.789010677039130       -335.22175331114107     
   107.57128519874976        24.993631977566992       -328.67864550765955     
   109.71384381080716        19.506828674356733       -322.85878814753511     
   112.99812549969359        14.019640107878649       -313.22022912098612     
   112.57989379274797        10.815238033557398       -305.66492296474354     
   112.19874132888810        5.6805202777047494       -301.45378925357005     
   111.34693872227939       -2.8228454117164574       -297.01516320876999     
   112.38256412636687       -11.145424240179466       -293.40722781318505     
   115.88595260415923       -18.805368913361107       -288.07791098107640     
   120.41904150728449       -24.545902792161691       -282.73053707425873     
   121.91825957817571       -29.657339648362765       -275.50954956475050     
   122.58370151087087       -36.198614517150979       -267.38412961788526     
   123.41204420961061       -42.900016852602761       -260.31242306521415     
   123.30856627572008       -51.522798584214151       -255.72921582925827     
   127.39844358996974       -52.238448176253875       -245.90058491114740     
   127.70382422185193       -56.264193961150738       -236.71497074584201     
   131.15024002061446       -54.369821561204141       -227.36682102860433     
   132.88954640202451       -53.448757484180412       -217.94578911462426     
   126.92702094598990       -48.290196764041873       -213.08162703920698     
   122.76887936540058       -42.566040131986973       -210.29397465704591     
   119.48852717137036       -36.785071385745809       -206.30364687005553     
   114.45277157524272       -31.859842196549895       -203.86383058919353     
   109.63800096707178       -27.403314826936512       -207.23572130867646     
   102.59022106472209       -20.277922385208122       -203.97850544075450     
   103.41191133894529       -12.657407867150503       -200.08928929353081     
   100.24270710124034       -6.2992293193346036       -195.39829690405810     
   93.238433849871072       -2.3370938188005805       -192.78478236948300     
   91.816495916083269        5.4230409399545305       -188.74209280038949     
   84.478550084394499        14.949076443700108       -192.01303892511672     
   78.977972348462970        20.334541059907011       -196.61694727263642     
   72.154253546601026        26.789405737393921       -199.76775284622849     
   65.543325065746359        19.304291935598947       -204.22299541573463     
   62.261598385053915        10.808760152357355       -207.70554722407533     
   57.964917677550311        1.4370761588773848       -201.95707065416460     
   53.748478269372484       -4.6121867145904680       -199.11551614414290     
   46.039489410144824       -10.394362990298966       -202.20910032263299     
   36.667500464620453       -11.745478257072307       -205.15668097462139     
   26.590194840731613       -14.812136484645535       -207.69263132513692     
   16.878623275488891       -9.6968603003227543       -209.13948136182029     
   13.706264345010776       -3.7453021004332672       -212.33906866725306     
   6.9923409664801035        6.1402651094864682       -217.27734971974775     
   2.0138975157978507        7.7668882075325349       -209.37329804522221     
   1.8030858615198539        10.532018149630691       -200.58651419609177     
   9.3209610040664259        16.722682515681896       -194.32858081396637     
   16.562598602459907        18.817416804360150       -189.84704226618592     
   21.117558781014576        24.521671506641390       -187.59085146950139     
   24.913295578272098        34.204380139706871       -181.65374909507867     
   21.799527189662662        38.644541906049128       -171.10003887396155     
   16.247046364875303        44.374496965321413       -167.19839950010947     
   5.8966529120184035        48.089210634623576       -167.76762346194528     
  -1.5896403078914645        50.880550385500726       -167.23393123309069     
  -11.360477382988963        54.636067655416994       -169.64726666695995     
  -17.860220979899502        55.196397710203186       -178.17154835586288     
  -19.516500585618850        62.905920842546678       -185.12752154617380     
  -15.658158193464857        72.074837864455546       -190.31051175840452     
  -13.263450406503264        80.945049096907780       -193.44536783951594     
  -7.2867807703543797        88.654969199639638       -197.17375453132010     
  -7.9941528809935161        99.097486121581682       -197.78775902307049     
  -12.173426813166998        110.37705886731838       -198.43692490620936     
  -13.129309314342809        116.37117123799273       -200.10830755674849     
  -15.189579964466102        125.18217796393574       -204.61550774455401     
  -18.099193570267261        131.94950641058881       -214.20009034219032     
  -22.567047635435394        130.97332864850989       -222.42346491261665     
  -26.449327764096402        129.41544090057519       -231.56238460161094     
  -30.425766251482646        131.11316876645640       -236.26186261596717     
  -41.070205373018482        131.09703062716807       -240.48958577743326     
  -45.354191896128924        127.35188314702178       -247.23313214543248     
  -44.284156798482591        122.29991822611866       -256.05297933463578     
  -50.091161911801585        116.88684924104321       -260.10749454381403     
  -57.344775170168084        108.60830744545389       -259.93481053280738     
  -57.529814381252315        100.64438185152964       -257.62726971539814     
  -56.333612545312285        93.151822582124240       -260.81300050452518     
  -58.375741028655007        85.062049690691225       -265.30324736175959     
  -63.378293617866575        78.074939590637058       -270.15316831818848     
  -66.533931907213926        75.895338055235953       -279.57727303834179     
  -69.352172606919112        78.000633376455113       -287.68042703470866     
  -66.999302659501154        82.970337894265199       -295.38814595443358     
  -62.504259454545625        89.115920789825267       -300.67403283448516     
  -54.325135551302544        93.006350640595755       -304.31342864668051     
  -44.907278006269642        94.408726564927548       -307.64009220141861     
