   34.373622035349200       0.66181514484589754        69.943874178107691     
   35.994819251213336       -13.271241279254880        75.390792224182249     
   49.102293833652020       -12.134627072283861        80.078478632595221     
   56.022382079004672       -3.3596476015522150        78.295002675356685     
   51.403347429826162        6.5549165132153133        80.349870326734361     
   38.663116654483666        19.098157735401436        79.311577789827993     
   32.425713285594753        27.405364010840067        76.552543754985265     
   25.543465636073691        38.677010554700388        76.754242103641829     
   15.987788432681331        40.827345634773906        80.292453693504939     
   6.3349620882018121        48.977696296083387        76.746446003382204     
   15.352282524782243        55.058306441931080        68.722798002413697     
   22.574207132257218        63.206494389442675        59.466961179593405     
   33.727134198506157        68.032907642683938        58.374742853049952     
   43.013139796105229        78.673360986557043        58.101106917274272     
   54.161789138201037        83.897252077305637        64.399073237943597     
   65.216628513100076        86.985160077263217        71.848726945436383     
   73.901671709215393        81.903847509943347        82.557225431146421     
   73.927481088614797        68.045994001794313        81.243553668148209     
   69.846024443739552        52.276169055582095        82.249836670874103     
   61.287548288002910        46.283088703439525        87.325180932045129     
   48.341555928863770        46.049379988445658        86.341480935625967     
   36.083111242534066        45.215367319315526        76.885145368217053     
   34.937351753099215        41.298324980992000        67.673316689077069     
   33.020417444819756        27.843837419762522        65.857236642272085     
   33.004087825608757        11.883405626956563        63.954847387629457     
