   44.476896416068755        12.610820163329354        64.960610717540504     
   47.998743318576217        1.4417723598108507        72.223080388571546     
   45.170769872561905       -1.0888464837498937        87.350342268191582     
   42.456625492201617       -1.9434448024847324        98.804585967827364     
   39.621594322348500        8.5259685482884198        96.709887969520693     
   36.616451424923071        17.727935839609657        86.965676786198628     
   33.040488700829229        26.967407954965221        77.211252263657229     
   25.259194050345382        33.958274544866129        78.666902544230183     
   20.075915051626769        41.372923149076286        80.786347659914227     
   14.434595947784812        53.885336549644350        79.711147403750786     
   11.646090648087643        57.329012267394170        67.830881313411808     
   25.489330052714678        59.161068678629178        61.050318803016054     
   37.065275386942091        61.232091738326162        56.243191181017302     
   48.936816758176001        67.539928775265494        55.684119682418853     
   63.406238817801899        67.640215863826086        57.653269791679698     
   75.179427117842167        66.200942863731711        59.564546767186286     
   75.359338786679970        66.638652759760902        76.140780157846905     
   66.589285587045595        70.674201527158345        88.370251326520446     
   53.207876399644569        73.350105128310943        94.544978420544865     
   41.065162835592609        64.885805254418585        93.523379916340858     
   28.177479136915231        61.863266239209942        90.469368349679243     
   26.988309569931737        56.232665707533329        80.332732347023921     
   26.204973544578007        46.924430640648957        71.350205021410176     
   29.091411889538740        33.363046006887146        69.174514996847449     
   35.412060033826307        24.428309569147757        63.929575917096344     
