   36.714867789582101        10.765083992739807        73.930801838538557     
   48.486931063299771        6.2938612807746166        81.384310428551757     
   48.198844912209623        1.1936218079135390        94.696229421481050     
   37.603833257807679       0.46976430606912345        104.13442519077476     
   28.786966321731764        9.0388940218040439        99.087421942460736     
   28.487783453920532        18.144856851433651        91.964712991601530     
   27.625683285924399        26.300635695998185        82.428644852400780     
   15.166002088294427        33.894348902014663        80.244200613623150     
   3.7608027212972850        41.275356831414832        77.382188910455653     
   2.6859351328607084        52.301072290948447        72.897485028975026     
   9.6102971381199449        64.346373936077327        78.287565399121135     
   20.339698110548621        74.233755078362208        74.330489441449188     
   29.750015824043288        81.909081289446476        70.653403045203405     
   41.918399423538631        81.199869727961897        64.315016088244860     
   53.202620752550388        79.039178736268568        68.990192443700764     
   67.952484506820554        77.741312617273664        69.460863359780234     
   73.732721829048316        77.327197038554147        77.206623242919363     
   68.921719494823435        70.823352302319023        83.791042850381729     
   52.371763160955197        69.880572282273022        82.009813901587805     
   41.392677423812771        68.772098978586186        78.143115007502573     
   27.828608923665495        60.472661378132457        79.416533031657508     
   21.114064385500996        53.815192367564457        79.198526980986202     
   24.356637753496546        43.671217655741870        73.916808414909653     
   22.857360271722918        32.278123581726902        70.005525259954638     
   23.714369792869675        19.568761426209136        71.079727316911615     
