   34.482323084614968        2.2255946782885263        80.535079896591910     
   35.009571803024791       -7.5611104129572073        84.840803359536565     
   37.707574180844603       -12.637515414190037        98.260021792082995     
   28.416419090348157       -5.6225264271566706        103.73254061464456     
   22.757564163513610        6.5216605727473729        102.48894063168186     
   22.094935522268223        10.678606765521813        91.157090154965815     
   18.259507148365635        20.003022784032275        79.650028102813323     
   16.086660142075925        23.651621783277342        71.990938222295711     
   13.055009199160729        37.029915583208904        65.417451724151562     
   11.465071552601076        46.170887267587865        61.165117761977662     
   12.254721780459704        55.362475083257557        68.469310309246666     
   20.705240897737106        66.807313297536723        67.576795061935627     
   28.494736959645181        77.648994661171827        65.541315743947308     
   38.384428204817929        85.720233468587807        68.023075190796732     
   54.852126683515536        84.209223143880791        66.229152381693282     
   63.877687327659430        90.249599096488907        67.206585960658401     
   67.524178193436256        87.474852314647521        81.057415482032468     
   60.451938139821706        79.323876090216913        88.681314962417048     
   48.218845561412692        74.739872188780893        84.353308247213519     
   35.731842001580006        73.216608072191733        80.410193440966509     
   32.089054333623679        67.067614696266801        77.746546138901962     
   27.975813766526706        52.824185475131927        74.684230984735066     
   29.227927515184490        37.889992247100750        73.042891396263755     
   35.408638237133658        23.649255211852239        75.914470792783305     
   37.400188465018047        9.6833299655566769        74.971648575764291     
