   58.043965547761211      -0.60550561569465788        82.587165345194563     
   66.217882119634226       -10.864965281672898        81.697217104772591     
   55.396577225851104       -15.699823986981219        86.750026965325958     
   43.562564096994507       -13.031691507376543        87.292282435728865     
   39.953261585359812        8.7542330225712561E-002   88.709436587514261     
   37.993194995035985        9.3412614268364891        84.870293555031495     
   30.377737035489975        18.625055086056616        77.451422602782245     
   21.261477259803065        25.408065467456066        68.662793606927849     
   17.629042947069141        32.451200341139653        61.369055060571753     
   12.095748625663383        36.962922848907404        49.953247540714557     
   14.217081966882194        52.057113027251091        46.339481436622087     
   15.541671642494357        66.965463051794515        48.262368675190153     
   21.696427104014433        77.169228103672040        56.273819654754135     
   29.916670239390179        81.353207112825686        63.154903116930598     
   41.943471736325527        84.473090514941461        67.440186289898875     
   54.215523896537178        87.728765384410494        71.613427392133772     
   66.639497360358362        82.244496287564033        76.551584796080874     
   69.936321798288859        69.895848419741228        82.630851422512819     
   64.722392106447728        58.161656867593692        88.130716108563618     
   58.951595377359936        54.152106515681531        93.245121886179248     
   49.614466052464394        46.012132788945543        94.145791024419864     
   40.211762869340639        40.960532889660037        94.014627819516406     
   38.831173873880502        34.147167269556434        90.176686133476750     
   40.749048137722802        21.098452583188713        89.010302786074703     
   48.398137891943882        11.243084981560248        85.198618286734799     
