   48.039836091390498        5.3764436966284173        77.592950701274717     
   52.964164012949958       -5.5889697200767801        75.475288580086641     
   46.321126687203211       -16.906344737165256        77.370948584104610     
   33.639955310389382       -15.804099425123427        77.852372522738776     
   28.220928546143398       -5.6593104322936538        82.789325288879937     
   26.953873129398978        9.5843319413058321        78.443842552909430     
   27.719283949565298        23.467183423558826        68.446600655048130     
   21.158741594646944        28.422273000757389        58.816933834793439     
   21.472708856251000        35.450978107368691        46.609769058770503     
   12.245545944653497        40.978091272062265        43.010373637134734     
   12.710483009910865        53.437590593058594        48.347142598834182     
   18.730500109166115        64.265815176967351        52.875918274686583     
   28.582635002347558        69.521883288182650        52.351775269176692     
   40.376204169304017        72.655106045031488        50.557356210377996     
   53.001058975320632        75.401031898093365        49.592755925182338     
   65.551825593282089        74.723511905226601        47.463873036935261     
   75.910894752507872        66.437497538382345        59.996345314720024     
   82.674497318163915        66.797437693199939        69.604092055453606     
   73.132447248032776        65.973229975089694        77.196346385624366     
   62.188760642099297        62.465532966135370        82.020326281408799     
   49.718972916217908        60.322489944438729        80.934155268180717     
   38.549785435809184        51.959368653074947        83.657214212338019     
   31.544983323850168        37.698273030974008        81.358395347190850     
   32.452700136289948        24.896997920030525        80.328538844350831     
   40.361053778202972        12.676986046241053        80.062274267232709     
