   47.849250150899749        14.748675656774797        81.790789266731608     
   51.521121429012361       0.98513691651911839        88.950261899756725     
   47.876243844117447       -4.4876577447495309        99.262089706440818     
   40.402758242201109        4.4715888640357866        103.07566308980351     
   35.457851319305625        14.348179861771955        94.867938876283048     
   32.217609724715814        14.490351132021857        81.345608199719138     
   34.160729422149622        13.612513613517971        71.419981808868258     
   28.534576622903309        20.947089073091206        63.839951552163193     
   26.983502149232535        27.954216386847019        59.714103269409136     
   24.205584423114637        37.758384604318074        49.696404497580737     
   26.105525545776970        52.576085711269705        47.982745543393861     
   27.576546158369570        66.371010285434437        44.342413889097216     
   35.321560231503383        75.782127709673716        47.817785641925944     
   39.753432347594973        89.425800994170658        48.055648015699319     
   46.121992861718965        99.660443034508219        50.985548779067223     
   57.337319423399435        110.93785851141347        55.631207098869680     
   60.647464288899691        102.58435003925371        63.100749412480340     
   64.411690877167672        100.95611980645754        72.339908766309463     
   62.684253040566659        87.667841114121387        74.005293860182391     
   52.940754300344494        80.435922739880837        73.871311246401007     
   47.854885803661894        67.479894879771763        69.002423875702021     
   38.632165702702991        60.639450529757653        67.104574672102046     
   30.529446636265043        50.795627974031838        63.562266642671851     
   30.833983434088768        38.237729088097453        66.081586219090923     
   41.546824212985442        28.458070188473698        74.925931620755463     
