   51.302471070506954        3.8748053856083677        75.357192105593825     
   54.236657027367322       0.18653347311825863        85.728787720277822     
   52.628674250469132        13.025662901447937        95.023095079741452     
   54.206907590348820        27.388569210877748        99.964825614157377     
   46.499165856185407        37.065817098833762        95.457293519961908     
   40.708758276498450        39.483153228086834        82.391813527267416     
   34.249082251880530        37.880293065929187        71.600837318095785     
   31.179460193768495        39.622141176893088        60.201357525911398     
   25.507747783001236        43.377431669066404        48.178457819569680     
   24.980292596451172        50.779469720839451        43.914449535043730     
   24.412577918318942        56.076102966904628        33.990536842657988     
   28.241457810146670        66.758038617675936        29.351308952543949     
   27.333712325708852        78.914784448878606        27.656251123504283     
   32.830808050576564        88.105077342464753        29.595340047639151     
   39.859717378074492        97.507434303374339        42.742369074053123     
   50.547345112348978        102.58400442812335        54.195998679586062     
   56.371795351788641        97.674070428536510        64.772147713917178     
   58.927317994372928        91.625294135579296        73.592154428097132     
   56.403166637620679        81.008856084959817        77.864947392259324     
   52.271981125633410        66.961913422105411        77.415998501594970     
   52.914141703449609        56.317256646822784        72.934172598446494     
   56.589130865241145        46.469988598290293        64.992932567288619     
   57.223585780956000        35.991611643952545        61.026968262413725     
   53.312821643274759        23.118893047829680        62.880507040666089     
   50.295676727043748        11.118752325451137        70.482108541890128     
