  -51.491100938903081        97.464608351583479        4.4141994000454572     
  -61.130965173744492        99.066454516993076        2.6144415353169075     
  -70.095382227355401        103.23525044353542        1.1020997546060558     
  -79.617118000194793        107.23046212002198        2.2022899171950838     
  -87.492942976828530        104.66045907738415        3.2540195435034081     
  -98.000184589922213        103.69237363902570       0.53671716539645409     
  -104.69670839076714        102.31646497258224       0.54245081085697933     
  -113.02560329505393        99.051778930370162       0.84184388322345249     
  -120.31952010874768        94.068024962656793        6.1581828282641151     
  -128.67965288221524        90.177547177061555        12.197339062330915     
  -139.98147063077568        86.898207224642633        19.078578728662208     
  -146.03623946111534        85.210783958181338        26.384839972241668     
  -152.33097791187572        79.577679257858506        35.107404448941615     
  -148.78588143195952        71.373919549401592        40.330208016430717     
  -144.81368737950999        67.894837758366947        46.352599656037597     
  -138.57348459934278        62.007918457834251        51.873788389939293     
  -137.35242137662090        55.631623720383757        58.477649594770256     
  -133.51211058554588        50.419763286394158        67.223141899563245     
  -127.11230378100812        45.393245941386077        73.570038354828398     
  -117.61122550839804        42.183597201792246        76.474215342198576     
  -108.81310056632225        41.009649817197811        81.935243044686402     
  -103.55848190495011        38.846409556874690        89.163818519198585     
  -100.10547590420960        40.774310829971625        98.689716877079988     
  -96.755278466005407        45.236930058251801        105.69600706472234     
  -94.935697433918293        47.065495052877232        116.22478560632440     
  -91.871038389759761        47.409325405349684        125.10306490678771     
  -87.842200122251270        47.131933042762931        130.55742673179958     
  -80.731012861683041        48.053599493247653        138.51700928027734     
  -69.986208613749341        44.947103982403547        140.27912251250279     
  -62.085895222179289        43.962123497388006        138.48528954652087     
  -54.328111623251338        47.281098829112366        134.76105913668212     
  -45.805993136875770        44.510888269104214        136.22617157747902     
  -38.110634507820606        39.359329546387002        137.56171494253246     
  -31.191591490015650        35.625782818466597        142.35233557502292     
  -25.404035023661791        28.490878613561737        147.53546600881637     
  -20.199351161718567        19.893854550453362        155.83817141372870     
  -20.838534082323370        12.536893053459545        161.65677331501124     
  -15.526633674407558        7.1815614861546839        165.54844252906724     
  -13.576670671401843       0.47258396910101275        172.24862122117750     
  -7.8720429379921120      -0.73590724672740071        179.61711767362448     
  -5.6310332723095788       -1.1898200555073282        188.98230302679730     
 -0.80619568061764124       -3.8242594457536239        197.63044500794621     
 -0.84938270881421207       -3.6194738170453724        207.60348395073737     
  -6.8352115485700757       -4.8476459483802907        214.76672522952651     
  -13.117728036409062       -9.5755136270963863        219.55303026336014     
  -16.196293640726982       -15.837353563149573        225.53705509436594     
  -13.080487114740022       -24.592680832025355        227.34147671515461     
  -9.6334465215305709       -31.819441461651497        221.80602361474413     
  -5.1217908743633300       -39.191661486386721        214.01525869386444     
  -4.0075431883191994       -48.586303418260187        210.61366835321152     
  -7.9664176465402994       -52.090627859855481        201.83731381991964     
  -6.1230021737018623       -56.136477768909025        193.26642142706183     
  -5.4540683383645385       -59.161037924585976        185.23303747897376     
  -6.8088740251645721       -63.489701024442653        176.73619985923716     
  -9.6735000362914292       -66.117623110161844        167.92721225612578     
  -9.0889049671990190       -64.749311755517923        159.20197049539755     
  -2.9991008960976573       -63.488333066345760        149.27253825126260     
  0.33159421316261151       -64.986398361320525        141.96496279153590     
   6.9491810766175890       -71.075968898740328        134.23072588249448     
   13.592556400561307       -75.975780480890307        126.63019507683316     
   20.260086035389357       -80.926647649502684        121.97268904781983     
   30.104791848514829       -84.726284558957872        118.86858250409671     
   39.789912878852384       -84.983329916997619        116.26671445213719     
   47.174060185118229       -89.521814908907942        112.20396421674073     
   50.506425979099234       -98.042297386503563        105.45115888559285     
   57.556731491103328       -102.26301808363110        96.503818302201239     
   63.976646473901134       -100.92791289003077        88.895385315211428     
   66.430587809333431       -97.661740273466393        79.007371172657798     
   63.979013113935480       -97.043280056295103        70.062960653336887     
   60.355344071014400       -94.016527591432464        60.343029430543957     
   63.460488782285374       -88.512624311449073        51.431205421940589     
   64.308129077529898       -80.017858057929772        45.713003808329482     
   68.182969741870394       -72.990074410059293        41.750627678879759     
   72.927696487530028       -65.935890747176344        39.695482216898355     
   69.772390257259559       -64.301084615916082        29.091074863609130     
   69.444449958487851       -63.483921472114929        19.919181356644991     
   67.948288163436686       -57.835322356948012        11.117817299707490     
   66.027649150364240       -49.017035729518049        7.3468642539036564     
   64.502906147716942       -42.083888145281207        4.2835608976639543     
   62.367416577447990       -33.187802035464877        1.1413365566028062     
   62.140080697391113       -22.957682639514424       -1.1965044596699803     
   62.286900939243552       -13.522362455961506       0.41498773466550387     
   62.558826459067198       -2.9960387586163324        7.2882760947920192E-002
   63.890383294237232        7.3473561856112051        6.6776507556158062     
   60.288536785623812        16.269803984382722        8.4706195112624272     
   53.575226441665450        21.679299369288618        7.4244305276041507     
   46.448744946231677        30.296284488565483        10.858269638294161     
   41.048651967407302        37.603507267157035        8.1208330683837708     
   34.717207488552418        40.373350566804227        5.1769010128644473     
   25.098169676543048        43.521296801250870        2.7486302526090975     
   17.599227887678484        45.564415648560626        3.5859980062148380     
   13.962557983876181        52.350559780330840        1.3388197282516241     
   9.0581783404711214        60.007563655996051       0.87312861589531654     
  0.91889326651636805        65.857660913819188        1.4929751408340433     
  -1.3681427316898285        74.768722555837911       -1.6619312269674271     
  -7.1173475827160955        79.517809053856453       -1.0699350680530506     
  -11.962831721416640        86.059947561518399      -0.58488320627699031     
  -19.792946293500396        93.893779093686632        3.7055641608387155     
  -30.904676560363370        97.341447725681618        6.1939938259928651     
  -40.617161427396439        97.813139916411373        7.5426515979637569     
