   75.486836225191070        9.9068314284715857        79.641912822797778     
   71.442936820750631        16.232259623172588        91.198884966867297     
   61.918889856528033        18.175566767050338        95.171402070005499     
   52.881658203486850        11.568943823847851        92.615508755417167     
   41.012046966519328        10.503883910523273        84.052710979616478     
   35.061771863304919        11.636985481496014        70.819062413226959     
   32.760002875969931        18.576526420008765        56.423440550276730     
   30.928868231321445        26.549670155968855        44.095246362123952     
   28.302279617086743        31.033457364131973        35.247260823901357     
   24.582140131293151        42.798966314457282        31.227172048838650     
   23.791359713118769        59.033165994057633        31.078158668867729     
   23.119230305849520        75.064622059743712        33.295398894228619     
   24.902052333988866        84.660512810580855        34.989521700914224     
   31.091585998752503        95.947063808939092        36.225615214690819     
   36.422215026912298        103.55791204454682        40.475020144675597     
   47.456359179489226        109.12851921632088        44.036721949698432     
   60.849576059182283        101.67930523657726        49.814221987955101     
   68.868971186699042        89.958071999169462        58.514655530938128     
   66.849857176099903        82.319417323199389        60.445898555114070     
   71.017455851519074        68.026308030119722        69.615547603157310     
   70.839019410448344        57.400563073675379        67.085877103335974     
   73.459151908359573        49.706736757289754        59.271469890740732     
   75.694506975389118        37.849224866025843        61.076052051974806     
   76.519627468730874        28.339522754418944        64.562009883876087     
   78.995357506013036        15.982223664565389        69.753187276394542     
