   98.502986721807048        36.115879339877097        92.351093473412519     
   89.610091697779225        44.713788365604742        95.976950568532828     
   76.460445033677587        40.345620260621743        88.742849971772230     
   73.895122037885145        31.053957949503712        80.544810029538155     
   63.535135088527511        28.096474209136218        68.046213690376106     
   55.432999486409898        30.233846261283475        59.176882759602016     
   48.821562827860724        39.125839427956556        51.517280303989601     
   38.696688016043765        39.984461840967604        45.437538819661640     
   25.857204761565402        38.035230890630089        37.484585158587677     
   18.677790357198681        43.353427871674484        29.320313151477521     
   21.054391014344485        53.896069372445645        26.442252046022528     
   29.184290312677781        65.274979334685526        19.763482343584808     
   39.701748381599039        68.437544282608556        22.569540352986902     
   48.212913065979407        78.296344827289317        21.557333667296284     
   55.327516973343187        89.607827345348241        22.974587687158781     
   55.207723462744440        94.744223168764222        34.821134735642381     
   64.625189016864226        95.125426436624409        47.786073544221765     
   68.991370760239604        87.717607277492718        52.133702561559964     
   72.925847658289015        73.281356103295138        54.341998097950082     
   75.387534197764865        62.708480535151267        51.747521046876741     
   83.234896363816389        52.187756776387765        52.407588182012013     
   89.162969762928000        41.732652515433358        49.142173095715371     
   97.882064462406106        38.490567401133305        57.428761524117995     
   103.24279955855377        34.870116252111600        67.984262700413680     
   100.59966342613453        29.952969287991660        81.337219667292914     
