   83.206425773829622        32.376899761723656        94.345366058684192     
   79.207275631990811        19.130797722409824        93.542882614307018     
   69.246342182085399        14.110633757168461        83.411922078210722     
   58.813936196814922        13.904133805243241        73.505247487565569     
   53.515119551046283        13.361873750988902        61.114051282778000     
   53.614285914894793        19.858104328353807        52.060772688552994     
   49.685689409658416        24.053219412103573        42.252732385790040     
   40.067948112515175        28.388865017283752        30.641504530637469     
   34.214834979529762        33.549915450309264        21.294298268389358     
   29.268284308691410        42.781130784857176        15.279940843479302     
   31.074289271552146        52.266662382609091        9.2213210868688993     
   23.081836098840007        63.893297934170988        9.6359706677172703     
   33.098593722189207        69.839579817457405        10.761206838776971     
   45.521902082170200        75.647574267953956        12.681203870179640     
   51.677969138056348        83.007898342999766        22.726226127150447     
   49.196641824597599        87.392482816907986        32.972682203858582     
   43.099796744285655        83.796176317191325        46.019004401810399     
   42.387772942580582        72.578558503505150        55.055599039882431     
   51.924082202710785        62.321228314757420        48.117876015090872     
   65.790531648459506        65.248119743795627        44.131680005421032     
   80.657769517531918        62.171298042933003        44.355247251596069     
   89.770919992823764        60.846086682697759        54.739778855091842     
   92.544409749043297        53.754173866432851        64.826352210994045     
   89.793259576308529        52.829572185713815        78.632676874360058     
   83.636811202073147        44.283029513936732        86.355304767959296     
