   78.305178196257273        30.752967350368213        91.300560840261269     
   65.430534643313337        27.910724185764582        97.312000104764309     
   57.477326105205400        21.882526268409279        85.874655045376983     
   51.131558295936721        18.785633801262314        72.835482899092142     
   43.762359467135148        17.333032895100626        61.381304261676370     
   46.781147305494045        21.620707983810437        49.552246549729261     
   49.105842445994618        24.896470831367978        39.290011114657716     
   50.597690152073618        28.196179357969807        24.633476814740376     
   38.762650622298416        37.080271390247020        17.476210273049034     
   31.013999989969218        45.306126439684135        12.315644138793777     
   27.217031685299695        56.514713548090221        4.0053799312924072     
   24.764719984952919        66.923862675218231       -2.5041829485109046     
   27.481210131208549        79.675723676462695       -3.4350471882408806E-002
   29.785593434279473        85.834615164418977        7.7351129365889886     
   30.728339937045327        89.475379445730084        22.455419726423930     
   30.161861854358406        81.148623149571179        35.723022335197392     
   35.891358386169010        65.998900680954065        33.930671354381467     
   49.179159714240377        54.958592520918870        30.242681444226559     
   61.495771041498394        54.307273714854844        31.955020794741575     
   70.332021396970831        65.879314466861103        37.326031951528300     
   71.643276176456013        71.708008815358795        45.211786462650842     
   76.455021703762981        63.764334770127753        53.287446594989603     
   80.846727771868188        57.907228020780828        61.414719410609216     
   79.881985490834964        46.967711738306086        74.785370873780195     
   81.356125836936769        37.818429125788462        81.230605975437101     
