   63.279797199489209        45.268761664709345        85.699408141357097     
   49.594368194103659        35.220964363116551        89.530106144945449     
   48.839120288670642        27.770943156748892        78.939879714154642     
   49.536257774127932        20.867232331191758        68.009933147074278     
   47.866677715182725        30.038626627422829        57.301240163171322     
   50.227352411471195        37.638803518830848        43.646443836751935     
   53.525145518455965        44.631031801545944        30.387281690410120     
   53.982089946044745        49.263823859807857        19.444474767551224     
   56.997478633532168        50.466056131518393        5.3767459629898502     
   56.740951780811933        58.086553059617273       -5.9116816994816936     
   47.155739934181348        67.385862841457140       -13.905981980121650     
   36.861309162603654        77.628258229791243       -12.807555821183389     
   35.929111221079296        88.321538781531927       -3.4076910312347217     
   31.291090565268124        90.783144838969818        7.2607948918197787     
   29.519029580839426        85.142854564903416        15.593200659791712     
   30.783369472717681        79.178596284321401        22.920944114827858     
   39.964747694956941        67.410430904117632        26.924324690439732     
   47.528738472026561        57.979501559417074        27.352531001011062     
   56.802921659953412        46.519971000613673        28.454471223516492     
   67.265159759105089        57.897907369780775        29.383847301113178     
   72.918677131970568        69.931572819583678        38.651691928562045     
   76.674031477189004        62.069876598179988        47.838770720328746     
   78.369879254204605        52.503863294207349        56.106600372115409     
   75.251261639942356        42.336075369697625        65.517607437221130     
   70.565659218515989        42.288524364216229        78.227566594653084     
