   70.040352568453585        49.832336185617571        85.145563151333036     
   57.683547831435710        52.451873448733046        87.881719049897725     
   49.947597705644085        54.757514512030426        76.982254213641454     
   45.142156055001863        50.354257399919710        61.038012413582777     
   33.614521185972094        47.012042637377249        49.670623914341803     
   30.115403425749250        41.396661800854019        39.857953686176025     
   37.604523693879443        43.258043420527557        25.409535438084472     
   47.243891553373679        51.532013177089745        16.999637590562479     
   52.982137440832524        56.227644976486168        8.8244959260223546     
   51.852445546923995        66.637902631114287       -1.8071609727055722     
   46.739924846717265        73.232175934512156       -9.3083557367440797     
   37.855585347981844        79.013265651649888       -9.2422485870004536     
   24.940363607987873        83.006144402479975       0.24726486530950573     
   22.616327719093771        86.683615605522036        10.198271443597733     
   30.330447133049120        77.218036264206006        19.228385632533417     
   42.086626468826715        70.612737948189803        17.491096398862837     
   53.913640251588163        71.634103057037436        13.738016427321126     
   62.564330523222061        77.843943730687783        18.984900300774179     
   72.285570622159099        78.524272222965365        26.350425372890225     
   75.365343201098710        72.878251255460086        39.718636323116435     
   81.017456805626068        67.145154214789997        48.162627934985842     
   86.784107277348141        68.660089920683049        61.453958710829113     
   83.713068409390644        71.311358014110638        74.993237490422914     
   85.667538037104677        60.546010405377537        78.220614520738295     
   79.217131814282098        53.174199836680458        80.367793321094936     
