   70.790217625518423        71.390852539511002        85.008549965838839     
   60.302717665869714        69.968233498710703        77.940714596014772     
   57.630036150149671        65.542106025965822        68.743544129173856     
   51.863073449181080        55.725984991893519        60.642569944796421     
   46.939793052233270        45.220681345341788        58.463605956792208     
   51.243190109213820        37.956825000225130        46.787662960593927     
   53.270538002495478        43.832080634835613        34.555641794949516     
   49.721212005643444        52.318815923677398        25.223654881119117     
   51.928320285698533        55.984676111022516        9.4491825498942266     
   49.093211276011502        64.860780922874909        2.2500030223169518     
   44.365555291765006        72.613393653169567       -1.0861745612748390     
   40.546711045878801        87.725805932006097       -2.0329942262162710     
   34.168836063775778        96.773522361707634       -9.1563014514681562     
   19.285301040249252        95.311946976749809      -0.63397754857150590     
   23.437887760031781        89.425591283681896        8.0350155453147067     
   34.710530370157578        81.026958939555030        13.126493864286404     
   42.097080310795732        70.724412291104713        19.833999543895043     
   52.600795961782147        69.553864428973000        18.502726648794422     
   65.501755648601275        74.683707527541102        16.272306622426502     
   74.471952579123311        75.393599761240736        22.905664346680894     
   83.358079184172809        73.531330502123225        35.010645738914235     
   90.792214210610254        79.000255666874779        42.976162484991868     
   92.427257091401941        81.982175757362896        57.744973623297689     
   88.355751667481542        72.218332037251230        71.301788630953368     
   81.549897150464957        72.003745888685913        79.217893569172176     
