   71.256407149348959        60.455028318034515        82.717809315969376     
   62.620570897731390        57.922582631661555        77.690260467180607     
   51.583151063723641        60.463805979975440        65.352147815109703     
   45.839932573712602        57.539798174501222        55.922135261744153     
   44.748854960868009        51.564885451680880        47.804810609910184     
   50.181650388766293        45.722634728082589        39.253034850004745     
   60.117554610467700        49.953879782116125        30.593948607294607     
   61.561892482496951        50.422113632667951        21.560292047592586     
   61.526934784859023        55.227753069222906        10.413121547837742     
   55.565642941819817        57.129681258130447       0.34684828235836285     
   47.773269629071208        61.520088887981622       -7.9627434923155782     
   41.356602672530236        70.792843873220633       -18.570035567333328     
   33.880462399142395        81.660841494153814       -16.614630331261143     
   26.727990780294519        90.890940702355564       -8.2262067303456856     
   24.020449379001693        88.426358571644457        3.1412030336200978     
   26.381021800290174        79.450045470201474        11.579199037049980     
   33.537290019088296        73.013805015879058        14.832547473045882     
   42.309251680305870        67.445863943365637        9.2647153758043093     
   54.760079670555548        66.077966319823517        10.617595846393268     
   64.988188213037759        70.685256103759144        20.076655764200435     
   73.380226527605657        69.247973590182937        33.253245891343298     
   84.868507611091275        66.228868226197079        40.891815754867835     
   92.595583636283067        69.576115641527167        51.228002756589426     
   86.060727145253892        66.244797377979495        62.471917044860390     
   79.435079529688977        64.687415607925047        72.816819374815879     
