   79.726464932193963        59.567817511334084        89.124144184666790     
   66.422895903247806        56.772735549485120        85.324209211169801     
   62.411307128188795        52.983407576692542        76.571129533046218     
   63.808058005958252        50.492505524332394        66.413142622092593     
   68.916052659548512        52.056345130213352        53.678365137954103     
   68.649278920871168        49.276119503524420        42.807957654514240     
   65.357373898526347        49.350996834025075        29.822264387826312     
   61.093478969517960        54.912392481109222        20.385893341896928     
   55.485491292740669        54.669927137050877        8.5051586360230509     
   49.318675070034097        60.041496087658686       -1.1166825073556137     
   42.422040027024472        66.638944125955035       -8.5995454168048191     
   31.980469917943516        71.490846923618449       -8.3853732783397668     
   24.950860565286916        79.014386352359736       -11.408117185738099     
   23.902965104521577        90.683340860796250       -2.8146706887273973     
   24.941474831300788        92.668524129359710        11.079196221692907     
   25.042182405568724        79.238693684665606        17.550110886319480     
   29.703562851288780        72.921812588924638        25.224720803091586     
   40.204092825327884        66.212281736344011        29.449210124452545     
   54.044939855294679        60.308798649244203        27.041738958596724     
   68.059794148362897        63.609213299851760        30.670846967630716     
   78.662220390454820        58.901917933992394        36.883015031354375     
   88.700592679294843        53.707748493372655        41.283083191918365     
   90.937719921213883        53.587583883881699        53.129932786917124     
   93.344776567376940        58.304173918729354        66.343470603841723     
   87.420169934673822        60.817551738108335        77.538575634778468     
