   79.627502562200263        69.516169801232593        86.481559429025253     
   63.799366567536524        70.298450392886096        86.334721556514495     
   61.945421277659506        56.925029144029573        78.437905374571983     
   64.584191309025073        47.526680902181639        69.135515622468745     
   69.161759531597440        45.931517688395509        54.721617532364121     
   64.249176835016740        40.367293916222998        41.317727440741123     
   59.096114811488263        43.085527052630113        27.379644210437249     
   56.564338619855178        49.610693875295681        12.516265987970751     
   53.746652394056177        55.894096958551714        3.9156494471475112     
   41.553229810323863        58.511346342523723       -2.3001377133948484     
   33.209048485976844        66.468101144972707       -2.1730472646459145     
   22.952310319471483        62.747831269027785       -9.3786733614986311     
   10.003534630022518        69.241583263588751       -8.2425888722492981     
   5.3315479755056474        83.052798581442488       -1.6342132842666468     
   11.548132937902835        94.974595673791981        5.3846765161010355     
   18.944685849161640        93.676009740719735        18.088238313612738     
   28.719792499138464        89.364200499521374        20.498874294271943     
   39.063676542308059        85.911302575982788        23.395029251323955     
   48.671759449473413        75.429834644936690        26.890438082053194     
   58.676065753346649        70.625253700504501        33.550220211715548     
   71.550760774364448        64.676628347213722        35.612661150438875     
   80.279073296989566        58.191083573957584        44.450378627368849     
   83.601874974009377        54.664069897562626        54.385193779153639     
   88.598922658909288        64.251831160323974        65.087184482014266     
   88.432033771481073        68.664475409671724        73.808575924177518     
