  -31.381993131498596       -47.235724976529440        237.44316724939000     
  -30.653621059396336       -56.872310832312110        240.82857317333929     
  -20.586313024096913       -62.901788117410149        243.97818633780824     
  -13.351971597415845       -65.069249702417750        244.73190840318432     
  -5.6019198627617115       -67.299733339359960        249.02875906402531     
  0.46795352048651279       -69.499083618206285        256.86251057251769     
   5.9153261563052837       -62.811621844330034        263.84439343187671     
   7.7970943049546975       -52.434225333215089        265.93952732796811     
   6.6104240363769069       -45.060878402648342        261.65296190995247     
   2.8516665493474411       -41.478949081737234        254.72913323706194     
   4.3164484586985097       -45.532231966390668        246.24963781023996     
   10.185626372145427       -47.366235643415813        240.59102991107218     
   18.322997881640379       -49.104514293135885        235.75693479684941     
   26.521601069447119       -50.906804651067787        232.71657420735761     
   36.243181368920268       -51.072953339752459        230.13462961244392     
   43.992256665834823       -46.738639457430182        228.57480384261490     
   44.932494412271957       -37.988355760905200        224.62345568666552     
   44.850184108307893       -28.094780233022977        219.93517764691370     
   46.148889923875210       -25.478706967573437        212.07522516325105     
   48.592544507537227       -26.252497848860269        203.55477608625802     
   52.069680253202037       -22.796377808963435        194.55189531750131     
   53.545851485391623       -17.287224101519360        184.97743011940040     
   50.375528354927425       -10.829690174021701        177.85053117045007     
   53.182119744079031       -8.8464164409277046        170.68364504844240     
   51.487865067446101       -11.948298380278214        162.37425343301442     
   46.552563090637427       -15.497006064597167        155.59716199244883     
   36.990654489513616       -18.149991247903074        155.34491750089569     
   27.764554791406130       -19.659419413748189        156.48426849029858     
   22.269164331007271       -21.954610706691291        164.13459907042977     
   20.824848521928025       -21.502246237892301        172.15707849876816     
   27.379732217919276       -23.084167563397678        179.11367855229699     
   33.742975730158143       -23.185455640191613        182.10765674311662     
   39.580974990139850       -24.403201370415879        186.61824364157624     
   48.259291913986701       -23.757742977636255        192.91461712132289     
   49.705257766156471       -15.797370224956909        193.58066318363808     
   47.402149743358656       -5.5853509092465528        195.36154861845907     
   46.611671511516725      -0.84051977923091137        201.23785230278179     
   41.253742489059356       0.28181714428364302        209.16603320795244     
   36.573819407068008        3.7195793221875162        214.95974112544090     
   33.857722318369603        5.9357706647202724        226.40427619366648     
   27.042245940877994        6.1706412209314436        234.43871292386058     
   25.515686718314853        9.0202526676554982        245.91737563245835     
   23.907760398343331        10.976949903918523        252.46158472079890     
   18.967628809159461        9.4941709726228840        260.91501933687022     
   11.223466052152377        12.307508777041049        266.30664488036780     
   7.8556008365603605        16.399804871563440        268.41470727793660     
 -0.59145134574861546        19.757705667487510        267.00606359618513     
  -8.5789587506985097        22.032381481544512        262.87591578191871     
  -12.996259212499405        26.968342209501195        255.56324701776660     
  -14.476582973458610        34.642780504700198        252.13744932789194     
  -20.162956768733761        37.802436905935409        247.12522241048103     
  -25.859607537015734        33.137299869765570        242.67902328264671     
  -30.373310532777509        26.375833189085558        237.69319506144515     
  -31.490730016767397        21.760723089304332        230.37196720542778     
  -36.034812621710657        14.925412582993186        227.83578275638658     
  -40.857795105379637        5.7000387410275453        230.87612033733384     
  -41.876964716555051       -3.9868586948605143        231.63850727584486     
  -40.202766630053226       -14.037357575013587        228.31207740427044     
  -43.304322587489580       -19.666297745593063        231.29775111311852     
  -39.326040633918609       -29.303269271087757        231.77484016779161     
  -33.976251152518685       -35.557146690974143        229.15057137429295     
  -25.864720919889045       -41.090625117703539        228.37167670994319     
  -21.598292063589309       -46.524430606744808        225.75611476157525     
  -25.415516892928789       -55.335362432191978        221.58812193221024     
  -35.156729292244961       -58.730638879615995        221.37435119759380     
  -44.448631561074905       -57.519471470102694        221.16322378033593     
  -54.070952682720211       -53.895800134774404        215.68419910536838     
  -59.755735512951524       -53.835910293341961        208.29970624748583     
  -64.079177995495314       -52.781978607865739        200.80887814888999     
  -65.759982894086150       -60.163544549087518        194.35288551239404     
  -67.541259021220426       -64.556777888780658        184.06843790367810     
  -70.300209017073442       -63.900931655179050        174.03896456445159     
  -74.505837239268729       -66.603490465403056        165.81847157958413     
  -80.507753079058915       -69.377780958943461        159.36049747153439     
  -87.997510464830981       -72.614628251116670        154.19045649421844     
  -94.100053357953698       -72.396226770031333        146.62620921361983     
  -93.557751618692521       -73.867544179961300        138.53576949306120     
  -90.039319161957394       -76.243811698849441        132.67481825933783     
  -85.844876831984976       -75.472562110979453        126.23367225804310     
  -80.716690280377819       -74.195574217292446        118.25691798147004     
  -74.538323467229532       -73.668166124570604        113.00674197886300     
  -66.511854056219349       -68.763349009490980        113.52269848116482     
  -60.394093906744502       -62.419014804537035        118.81261277613031     
  -57.294556160438255       -54.839297984660845        119.63148117742072     
  -53.703600501116995       -45.278379180675820        123.17756141137502     
  -46.230396105705289       -40.911903577452065        127.52986331778287     
  -37.406935885594145       -35.791138942573106        131.22037407699730     
  -30.188560676800186       -31.296667518443517        137.42621897573216     
  -22.930294941776623       -26.021567785963146        143.18441781879986     
  -18.247350128095938       -22.492369654975690        151.90346943654501     
  -14.033079523539559       -18.954256898613821        159.13633016311883     
  -7.9062661881234062       -15.363346273702401        168.24315675214444     
  -8.5788176210227149       -16.337156898537973        177.68425048467748     
  -12.103194554026130       -16.438622485154220        185.74388968581272     
  -16.169286110622643       -15.516670200568724        194.91439654014258     
  -14.007387951311346       -12.667827309907638        205.94518967312550     
  -15.293570480063128       -19.310792871048566        213.45200503027243     
  -19.338686173616338       -24.183423807671065        223.64467101570338     
  -23.610956915292771       -33.399631045817934        230.14181718804195     
  -29.022207106549494       -39.208315317094112        234.78465713427079     
