   82.362495292806130        67.152229403189139        88.605483805622484     
   67.805557400422572        63.773317067597723        89.518110946435215     
   60.925636982971568        62.045132536082214        77.501578955284387     
   58.581564649077585        58.006596231528725        63.424002571775574     
   60.501883762296913        50.352429789616224        46.752274685412054     
   61.265887431174981        46.942800992027266        28.271187444128021     
   61.247834003870665        47.640087959888731        17.966623073990220     
   53.445053031425026        52.126910225460399        7.4427846648914944     
   49.126419073091498        58.090764997298528        2.4507183208281136     
   42.947971702958654        65.394796190239688       -6.4839673741996284     
   34.877869378594575        67.399626030888754       -14.079698816233694     
   23.019755921619389        69.998870823398320       -23.358946758920570     
   17.188209617798297        80.016449262677654       -26.093440588982205     
   16.665203543163756        83.410748973568190       -16.353454138726818     
   15.785548272376261        86.365756060182534       -5.3815896510345347     
   19.808385908629962        85.587729896440393        4.6353265157545227     
   35.549583504603412        80.977906078706823        9.0615816971000012     
   47.667264611334033        75.603215776095993        15.906774294613005     
   54.295821703548619        68.929903598732878        18.841409187681521     
   61.589799781805148        67.397981670926299        28.211749424982163     
   68.270793058629934        69.370230208404905        36.589630380274542     
   76.936994138612718        68.417511650956541        50.768653354093530     
   81.766008055505722        65.848177431604839        61.613953358585988     
   88.122368448635427        66.635754173855204        69.595624090801635     
   87.648540851180954        68.641926970794145        82.252035413596886     
