   73.222872439938683        62.449502577212542        84.758190891433955     
   64.929639543499974        50.739339514394167        84.449369079488008     
   55.680117230010779        51.862936264555415        72.055665246571238     
   54.458027441516947        47.860084111814828        63.160289875927134     
   51.617856643124128        42.688377884431198        51.459219802332250     
   54.940524901761890        37.147605150081681        39.233220231880189     
   57.846077208673854        34.036999168039991        26.686482760510881     
   49.908952471626620        38.856482003839751        19.001027268292656     
   42.408484309757689        45.086798946940121        6.9513210326192709     
   39.825924295007439        51.026577396534641       -2.2128175327284350     
   34.908948845258259        60.401433932337639       -12.722219470369215     
   23.509453461240035        72.129658776547700       -16.006244267843176     
   13.555600595850265        76.425416476210458       -7.4431675833482727     
   10.406335126762242        63.022060054093892       -8.2165454375510905     
   18.455774571356660        56.011252226250186       -12.395556865386503     
   30.778512400475503        55.612543574125191       -6.9045297332284870     
   36.233634590427506        63.481807907273037        2.2009399677590684     
   47.932879324254785        69.866298325103358        7.6030323048496005     
   54.471836231280598        68.087407186498808        17.030998430891106     
   59.991375852136819        68.031482370425024        23.602643660835284     
   68.389036606850141        68.972658375255179        32.768309389566738     
   76.568077061608193        66.569365119209294        41.000361441493943     
   85.521859257635413        68.826984207385209        50.772387599609090     
   84.268676684450199        69.198787222857007        63.615437348462713     
   81.653400237238586        68.253583116878559        76.246084014814372     
