   76.618195237717146        58.263364487506031        77.518530980714900     
   66.908060615804771        62.878132768316036        71.697633202103177     
   53.319803272962517        61.010230178042598        70.117851906046909     
   45.435845433148693        51.497349469488569        63.273579903449736     
   45.269012448877355        42.655344869770119        49.168257946200121     
   39.946831653045557        33.769424106607254        40.600180399808316     
   33.245870623954289        28.304674632944916        31.293848588773724     
   34.446577900586426        30.614351737414751        20.730577704293228     
   35.785589120683348        37.898426995986050        11.332698844681191     
   30.640710130126202        47.861674102207211        3.1167161583005667     
   29.087270226256251        54.987811324658992       -6.5038584994780990     
   20.100262797810430        58.997587056142940       -8.5939901811598105     
   10.469707294635560        70.974535470940580       -10.635086001972024     
   1.4601950309009739        80.135617905375796       -4.3354495118730991     
   13.017397079922150        79.809145935710745        5.0003208744913801     
   21.248288857146083        69.527192925975783        9.5154735548579463     
   27.750798040068634        60.696287037050872        20.808339237010060     
   30.708950818296213        56.954334401957340        29.542085674615127     
   43.548089469807628        58.772294778219610        34.626854018829746     
   56.244994821469540        64.289745613520012        38.407400205595131     
   66.331113775571367        69.250709537100036        44.351369021372527     
   76.370078434073960        72.121437882049548        51.982767667509052     
   89.103004283932563        67.262973913059739        59.539691363656530     
   92.561325256491216        56.078410309955601        63.172667674259152     
   86.585556157140999        56.992519982300713        71.594575556048454     
