   71.244876098071899        39.289521413820225        72.508361419606885     
   62.910510425414898        49.730389871208295        73.253578966987703     
   57.485016518299844        63.067065321723113        66.237058172257676     
   46.444128560668119        61.753624352959179        58.265156274023894     
   46.470087792592039        55.512653348870387        45.465854737995279     
   43.927819523217309        48.740944733983270        39.944401962599002     
   42.765777525702930        45.360607275792312        30.331478320537901     
   38.639867774060193        39.459971798978295        18.583211457537399     
   29.247567170755811        43.500376609506567        8.3912575162467054     
   28.316437482632821        48.962359053185423       -1.8235234039953658     
   22.525830244500462        56.247236768202107       -10.958751672768980     
   22.165969605420869        69.052217754047589       -16.168173338246682     
   21.612306244214420        79.728257544292077       -13.219238532390069     
   18.253053059295151        90.024699967442103       -5.4034680896748339     
   15.473183704708388        88.555875808409041        8.4881835263645016     
   25.092473264936473        83.866046810345793        18.728177062788031     
   24.044894527817757        71.557850206808439        13.857254709300367     
   35.285292029736596        63.903274585322343        17.975322217377531     
   53.000772219608741        60.002247576312747        17.326809276594503     
   62.245034095953713        65.104447999655008        24.554852797098668     
   71.494827511728516        66.766198845354666        31.108847440961874     
   85.101786481487096        63.417551739350372        36.807845666566848     
   83.594773994830774        54.315416640277121        44.029114132718647     
   83.118727144521813        43.903968363582187        55.570585532647485     
   79.013811063910197        41.792822360942971        64.710084123807803     
