   67.679731407797078        38.989785090969647        73.958147542909728     
   57.595723272383921        47.721014380246764        72.549755104700324     
   52.906742598361895        58.284656159032991        65.556121803805198     
   44.522419563000355        62.062581290694133        57.492274806895672     
   39.739110614480325        57.428069815664081        44.705819713479428     
   35.514863042811164        50.483424581951311        34.924193420312704     
   35.481195148482229        41.696243139674273        25.818039970367522     
   31.072254046741310        40.471686107138851        14.799730401804130     
   29.284177525474718        40.303880967350487        3.2822882876006281     
   27.054316947462244        43.146547559938284       -7.3540924335982742     
   32.865553549753855        48.980186169038952       -15.946999209771695     
   32.584174976887894        57.851387172254945       -19.272919435298856     
   30.823214668882073        70.004571524704673       -21.561557237727808     
   33.275234999838489        82.212226267720496       -15.893470433536368     
   36.052409655151571        89.809781564777651       -6.3962119056671218     
   34.581998894937556        90.689134598926572        5.0911588273666952     
   36.674981804591802        87.834985611902624        15.319288580138586     
   41.617803603770540        77.769037056364681        25.985157934107136     
   51.847069695571285        66.946403887020850        26.610763683370369     
   62.164204708016101        63.320360682800498        36.564562970928748     
   72.867564613930227        57.930945866624157        45.287748175584781     
   83.138345558728290        50.338136357077985        41.711480585379057     
   85.168134153561013        43.063377490906824        48.721207435622816     
   83.746221883684498        38.588515219018234        59.981277566720372     
   78.774589966507435        35.917573432017591        70.834936891163593     
