   28.756624510863922       -17.334752281339593        53.984500248649347     
   18.798887522771064       -17.030405890784781        46.272060506354535     
   14.215053625180024       -20.651300472080624        36.926578093753719     
   6.2427529958059962       -27.487199245148130        28.069995272456737     
  -1.6130564565162087       -35.217462678689436        26.225596368654685     
  -4.0557775297564858       -45.787915760206900        30.702817189278662     
  -19.379460831537635       -50.551268953184000        35.187021024802384     
  -31.567207980808195       -56.552761354180106        29.252193438234389     
  -39.958608670525592       -69.299339318594960        23.540093961321524     
  -42.142032536654824       -77.614725728141735        17.374788462622693     
  -35.411976329012553       -81.331070057806983        9.9140672884744845     
  -22.785923039063697       -81.481009095708018       0.86233348488634654     
  -18.497035437418617       -73.458959451926177       -3.5642015360182677     
  -12.791213880567506       -64.020686158651088       -7.4619146695689134     
  -6.0587311612079393       -55.943146770251673       -1.8978748241359100     
   2.8499493305959782       -54.379794857238423        5.1194767603367213     
   14.192674238289600       -51.755772169951122        5.5987036457855863     
   26.785332547697397       -47.080831859714195        3.7806943803729731     
   34.036081195750143       -35.349699556705190       -1.6856345303209024     
   40.431039024680842       -32.249188416427643        8.5564839106739363     
   51.064541155904124       -36.675589273386827        19.015002775946940     
   56.527075255595314       -31.330190135887591        30.000052158359807     
   57.366595708978515       -34.757066721291629        41.324109461977251     
   53.345705903789522       -28.454929991326171        55.373948602486394     
   38.687987724718781       -22.071960275018139        52.662280594184132     
