   26.640914693049698        3.3910152837150491        46.617293059293488     
   11.791333655923484      -0.64834938150060806        42.878004355095591     
  -2.0061619094299079       -5.7944099457512745        43.104118917874686     
  -17.645194730995712       -12.250805951185331        42.384522208281844     
  -26.538271254752750       -21.537807305567860        39.417391566432308     
  -28.720954613327411       -32.327974131803266        35.500325475325376     
  -30.484858865701622       -47.434160658644849        34.668699951840338     
  -29.968962136571417       -57.293786949059232        33.318458019028505     
  -34.073013396680899       -67.952015393456804        27.622308235575549     
  -44.650260444382624       -74.697457965176213        24.890292323742770     
  -43.208233922117365       -74.251615836604302        9.8236199686706414     
  -41.341490124133237       -67.044824504054802       -2.4796748801483846     
  -31.414663324999566       -60.139746013109743       -6.9879647862736229     
  -18.193809028006857       -64.730418924476240       -16.375644224338220     
  -3.6980152834581617       -63.876805864205743       -12.638791892815458     
   6.7466827968570104       -60.085798289906727       -5.5546909558512780     
   15.860876135377129       -49.860181630787636       -3.2471111395347094     
   17.846833304232067       -39.397321881911459       -3.1933433615880285     
   27.413080431114501       -31.832486778731255       -6.0657387172930353     
   36.357608849089189       -26.515583949523165        2.4582317707056371     
   42.686596757127703       -25.094440841778127        13.801222752254718     
   50.384133207187595       -15.445286038767540        27.913748249087391     
   55.645008900339050       -6.4766114140971753        30.800585819732571     
   52.747594687898690        3.7121594486073626        32.031397991312325     
   40.036894619675124        2.6238296418232760        39.914642799572079     
