   15.393377581343952        16.070802302308639        39.349465399717062     
   7.4439788879172575        2.4643842673423006        39.506949455881006     
   2.4898340335535236       -7.6768638789260821        42.833813581901644     
  -7.7882103077431815       -11.991280512404071        43.436639463876375     
  -14.296665878713833       -21.713646258935569        45.178437615943984     
  -20.499381619327433       -35.140618128129631        47.220292632024346     
  -24.305547370362234       -45.597170486423160        41.764772441671006     
  -30.743922267732717       -56.037029489984633        36.486493188382845     
  -34.204341649496747       -64.748071957972542        29.783720437814466     
  -27.323990879475787       -74.229426061031788        23.355501076139912     
  -13.828484157127312       -79.874143714951913        25.608833386948845     
 -0.66196377418993901       -78.974849423572422        22.299398750057250     
   8.6547190785746952       -79.251093949614884        12.703761913678125     
   14.522259942762910       -76.000870055232241      -0.44477310137081155     
   18.575212159816132       -67.122718313420137       -12.516731915322273     
   24.166795934070702       -57.688317755702116       -18.497516218826480     
   31.806939078880173       -52.482084032948777       -25.758756867730185     
   33.402333448922910       -40.578487363488591       -25.861512130414841     
   43.442324880687437       -36.166121478157024       -18.303076551504510     
   46.275960665651588       -28.647245172929406       -7.0324900981761562     
   44.294202555262245       -17.673074221226639       0.78890219414050278     
   42.060354336430755       -1.7105838261261928        9.6917470039126208     
   34.214672444498603        8.2012739610126157        13.138218627760748     
   28.555070543417557        18.067393860758937        20.981674985137833     
   18.850959406761390        23.676596608369319        29.435427765192934     
