   61.951513636333893        33.015330902872613        62.339061815608368     
   51.191128929480612        35.073210467126607        59.476609497881732     
   35.563637557630962        41.427940814264197        57.968692720298932     
   25.675469953819611        43.720373137206273        46.825940011248228     
   23.877447994195162        42.591524594134704        31.719854932767561     
   25.044535007274160        32.689889711570075        23.661722924254484     
   30.295224934003407        27.319838610368045        14.372586120463133     
   42.073432809920043        28.807749470964563        6.6766964377368163     
   55.167576695152498        34.097216541985418      -0.15686843191426936     
   66.961933403998458        37.443223342406924       -4.4793918306740172     
   71.329912017475309        42.897644071194883       -12.986303935590506     
   72.756066119836078        50.295237733743448       -24.277497649121099     
   65.952522465851061        65.524077874390642       -26.054079742947170     
   60.822502626082269        68.725562281827308       -15.477061666178823     
   52.135467859414788        61.399461844872469       -7.0193405289464392     
   46.149374188267309        48.998268586251442       -3.4274733888691622     
   40.261924321571762        44.494321960664756        3.5287349822945440     
   51.695297986746795        46.047044818231235        16.580485757319778     
   61.313530953298461        49.079579620256197        28.311280678571308     
   71.690759064572148        54.069995303328405        33.927447370413311     
   82.832588058072361        59.302304359846346        42.741075503150753     
   96.142852272503234        62.633025280348519        52.676164560136343     
   85.738836392320323        56.398111510228148        56.924814358648511     
   81.404038572989137        44.898994926509076        60.834786825164038     
   76.223937288268289        32.218651058173798        60.018072598848725     
