   50.479621091005235        32.486493321498521        74.776048905917207     
   40.791022965042323        32.201190921095652        66.756378286130953     
   38.772561572726069        35.711201744737465        54.764037160127849     
   36.836219533639337        40.362280432812646        42.771690060561042     
   33.307953459006612        45.381091158744645        32.013739867204094     
   26.321862928531090        39.604876005365007        22.580706663525124     
   27.080406324722148        36.639081330379099        11.552704193098814     
   32.460799522922194        29.320560105928376        9.0841398952537613     
   43.560313832368728        22.394835938979455        5.8671049350178679     
   49.132000411000675        16.749073618082765       -5.5631501012357196     
   53.503946084333734        21.600001149528513       -12.325379506337679     
   59.729412255740897        35.523202447823188       -20.764600933121027     
   57.187473011395298        49.797176443904085       -19.497533722629679     
   49.837023208386263        56.532491116803534       -9.7119151125180938     
   44.336908538011599        58.729178627564572      -0.23394776073872059     
   41.192346007066369        52.744920607858518        9.0039442414942048     
   43.451046769735825        40.711325935255459        15.746861479881497     
   46.011515672200844        35.622502524691292        26.186377130456354     
   57.316456293258049        31.816079560678176        31.460185399376748     
   70.611773259292875        38.755821997278098        37.334608991171564     
   82.902575983846120        38.804642128066092        42.031293978705264     
   89.692877495535370        40.211675139621043        52.681729186185500     
   81.968621186605503        43.015443572221635        61.973111368013221     
   71.439048522770705        40.336297958005609        68.645700273552208     
   58.625485346798008        36.857630648994729        74.652787322505901     
