   145.31600357802071        41.018388184139454        28.476260025264381     
   149.22404689785290        39.705466324108549        38.943153180430983     
   155.80243091569429        32.349145398506863        47.213175189600051     
   161.96454147864623        24.306326956362550        51.758994950700448     
   168.93005667202473        21.966780682259362        60.314432232437419     
   170.77880465538763        20.956222622374380        69.816870169887238     
   166.30675604515611        13.785701010267738        74.185363114231663     
   159.32416501044511        13.398027997405531        78.540012084767866     
   154.25593761093177        17.565874659290102        83.884831419525042     
   146.78260119616650        21.781276422991763        90.665424626999652     
   140.26877330302477        21.711612642968642        95.294996700936025     
   132.22066539368538        24.539790008501551        101.53606830378843     
   125.25653899324703        29.334154782572316        101.81940119986793     
   116.45300887827823        35.372382602145443        105.85771137042656     
   114.32227818558680        45.360592204167169        105.57229220519797     
   112.61453974585399        52.480150468897214        113.28935838977799     
   115.24829775408632        63.489267805827623        117.03177398955928     
   117.94715947391860        74.198058785830241        117.04615338986207     
   119.16471247018336        85.150485205117860        118.18951917795481     
   121.36926912400224        92.455469828802734        114.96448867651162     
   123.23285701199234        101.98056027298210        115.40614549288443     
   129.56327584329486        111.16470111355881        117.12228293372198     
   132.09534586779546        117.14117358155862        118.08380717871074     
   131.21900250215569        123.95433001217482        117.43243542601584     
   125.50641829411231        129.19376894720241        109.81974812215610     
   119.84457146574093        132.73239495932353        104.71084710074564     
   110.14852613493547        132.34301901767515        98.739349376576484     
   101.38302829474502        130.89196570626862        93.970540907251376     
   94.086678736762565        133.66211629873436        88.851008682015461     
   87.827317990361109        135.89766810496769        83.653886247023536     
   79.982911680984159        141.74328738760084        81.701522374524075     
   76.374678792583708        150.56241351002632        79.379509415802346     
   75.530046120942046        159.47384861614123        75.688322725188655     
   68.793534446070566        163.51131837159528        68.220851223689380     
   59.552993540665540        169.42673128858502        68.896420516625199     
   49.662949171384632        173.18543196759020        66.692228245322326     
   41.682064188592136        176.82703078173529        68.899871462061370     
   35.251302557989142        182.58512235712004        77.180963539025413     
   27.993761564065426        183.22180646379388        79.931415359319260     
   20.362753910126340        184.34207197293290        84.319559324911367     
   13.422424396533261        185.90093998043722        87.352382143476632     
   5.2495413802607453        191.09409616163094        87.938376055118908     
  -5.1872713245427633        195.00574163521830        81.235700901963426     
  -14.181911708835464        196.99458027665358        78.604429386973777     
  -22.397434098051193        200.01104201046093        79.929197663609202     
  -30.836567566807773        200.00358557256445        81.874901229698906     
  -38.604860949816597        197.70521964682956        79.967916022026969     
  -45.978860975702908        197.00313487722002        75.746289546357929     
  -52.623796260759406        195.54234329485479        72.960684424585253     
  -61.317964251148986        193.29572463418577        73.726538100178900     
  -70.282302675505818        199.21571012460257        69.669941887178823     
  -74.222000740376757        201.52733361279616        62.144991033700684     
  -72.052671172544819        203.18574592031979        52.215796631067477     
  -70.096804729148630        200.67095906958707        44.630312820185630     
  -67.104753655760661        201.10121080174270        35.278114471528099     
  -61.696608474935218        201.39233397529307        30.513494488903000     
  -55.590168573856772        204.40590174622906        26.254641129825430     
  -44.876430965718562        204.33229339337331        23.872121048282061     
  -37.315501637302937        196.63382608285380        24.217659469916207     
  -37.874183417263730        187.98549839643294        24.400090897509912     
  -32.727484964641185        181.57294471365051        25.788683434071970     
  -25.591992269928191        173.16522140986626        24.452719923092545     
  -20.101210533144627        166.57023217322478        23.941329545857659     
  -11.179444947042667        167.12267989511852        19.741523409399878     
  -7.1817412209511655        167.25433679346108        12.307949297525756     
  0.25890901839114006        162.66340078291302        11.093508796985045     
   8.1200890912853207        156.89875626474901        8.5804337780938340     
   15.499810334543364        152.13512434551942        7.3035169053296149     
   23.677679563180902        145.32547722604377        9.4247213264368686     
   33.144706368647121        141.83758175279513        6.7983929847985527     
   40.423110855921223        134.29643875324348        3.9322729743533449     
   44.325881367386714        123.93609831815296        2.4129321880261374     
   40.665029282151330        120.70581286331858        12.031943516782984     
   37.099597373893111        120.67371796285471        19.730124589609513     
   32.228551094148237        113.43445246976812        25.731180160041728     
   28.343409487341333        107.71321206961609        31.734798979318146     
   31.357017258104534        97.591695520376717        35.508812323751606     
   35.844474210930656        91.827128183732995        41.381962646375300     
   34.165758861925418        84.226627400154698        45.824818853478327     
   30.584962157992216        77.955607310342870        51.186117824021252     
   29.086724185395340        66.757516746902468        50.012884340004490     
   35.654663950932701        60.853263021433619        47.995657281710869     
   46.760525683758459        54.672529278405833        50.175285735672794     
   53.644727728219259        56.306855668127788        52.357601512557103     
   62.204023173931233        58.601241666978105        51.236442328163562     
   66.465134427027593        63.482076655812691        44.729262354302421     
   69.998547845872650        67.513974127955521        35.926098392085237     
   74.361091833506322        70.994560053890609        29.528731114890917     
   84.073394824427595        74.968479963234756        25.486185492164978     
   92.886864723788008        75.073841370539128        19.759602443321352     
   96.900894939634753        74.447099697048372        14.266538303288186     
   99.899769055254325        72.666715415719821        7.2381552109019172     
   106.94032585519264        72.690788714657813        2.8070954314398175     
   113.62580689546826        77.696410527316502       -2.5101460501580819     
   121.88521792399742        72.551955525686267       -3.7895738487431214     
   127.35157900807872        66.092469349596072       -1.9330003244709402     
   134.17274307411122        57.535307463287928       0.66583706682844401     
   136.94496159110167        51.414272451082788        2.8878489679046746     
   138.74837602006366        46.743060996022948        12.911017069766091     
   140.85769149469550        44.441147622690750        21.317367168754803     
