   62.594263481926866        46.236013376120539        73.693876640167971     
   56.640143528923183        42.845049315223591        61.892939024286648     
   49.214878145373433        40.326355178190632        51.765591949602303     
   39.680939895098973        41.827448628580655        43.677975996806218     
   35.209361454838337        41.865219786699512        31.383137522440144     
   26.153383599376937        38.381028791067514        24.143158181072593     
   26.337687285669247        27.229418639671447        19.791488575780530     
   35.713639038290687        21.307910222711488        9.4646891940833981     
   43.621661961370151        19.663957172525254        1.5727583348634264     
   47.595574815640454        18.373783218621416       -14.754680618696192     
   50.717179079076075        29.694081717780836       -21.156865425544265     
   50.962890323357385        42.119645439739671       -26.245033541344348     
   49.151453875856440        49.431979033994772       -17.850187203126033     
   47.827842780025478        57.999210011233870       -9.0038527733434464     
   53.617818221804178        58.136655455530459        1.4038464127491264     
   55.619164238762991        47.793443727775561        8.2564112972471477     
   60.095227453908855        40.255414901067809        13.418542613466332     
   59.118078764194436        31.853218345282659        28.258948559062734     
   66.530032541056073        22.051076176199619        36.812999544762462     
   77.332518347175963        17.017731540694179        44.630148516895844     
   87.633489530036272        15.520468272052069        55.572803927567591     
   87.955965623360754        13.867608086237725        69.842360569234444     
   87.710327458029099        24.084873158800576        73.679216290162216     
   78.628865241605993        31.189676022235545        78.037845061018146     
   69.476543518011226        35.695923628220648        77.117583433512877     
