   62.425413885801582        39.591529891798253        66.463956558842114     
   56.382092288111828        52.355562163256117        65.786090748342787     
   49.006467625026339        50.286604502809972        54.135374040436155     
   42.077225279216087        46.965893553752913        44.603659998514566     
   42.978701085035794        38.964616697120661        31.783794233429855     
   41.688762633986229        23.483300533714065        26.832756585947401     
   44.707824701978694        11.370193424199678        22.172854342494787     
   47.056594470466720       -2.9138041635055196        14.032780669485513     
   51.795323086341170       -6.3172043174112673       0.96228840146361450     
   60.120935641505234       -1.1253977204451382       -6.3859114809453903     
   61.823179230425012        11.623602774777112       -16.298757352708844     
   57.639088778088443        23.059007342063889       -15.028966080708066     
   50.153764420108928        32.819937032011033       -10.567999034277729     
   45.754444534962481        43.009414902512233       0.89821154721321794     
   45.755089420216642        51.560324576524259        12.681575288415200     
   49.745726808277041        52.966271708729110        21.102188704601033     
   56.516349551780095        47.685893276908935        30.681021135170916     
   54.129014018008412        34.621759872943059        30.505859004955912     
   55.559040502611708        24.088442642744919        32.624065463085252     
   59.784123792712208        13.750294298938618        35.056336400176704     
   66.172696828190936        4.5845921865013697        42.446430707692883     
   75.174709240772572        7.0281786736763348        54.893256113629626     
   77.239150429564418        12.195071464552738        63.090667576884037     
   72.327480465593879        22.217525382184153        68.315782441344311     
   66.573439995048815        30.757794632117278        66.435167445917656     
