   58.932225911914671        43.729748373548468        65.077924535040410     
   55.223103661015266        51.771531633346420        61.863659582044896     
   49.867812702270712        57.495620089848323        53.172915263465775     
   45.425449149755352        53.207283730626287        38.548149643041306     
   44.343597227437570        43.064665226117071        33.928297954473940     
   45.602669961961709        29.091699914953271        33.650798482489499     
   48.975645894750308        14.677258380281122        29.228933057356123     
   51.145775475846975        3.9656321882220560        26.495525804513210     
   49.616553204351845        2.0365462824152396        15.786587923306669     
   53.968010059985183        5.3743747640794846        2.9564837336955465     
   58.699492071348843        15.701002723725864       -7.1632189592047126     
   55.383328576143100        27.792576926319022       -8.7446863119097831     
   46.405340346711412        35.533169418121915       -6.4082059129544815     
   39.918698624024543        42.975266313051911        4.3152019351740840     
   44.310726785212019        50.006692105280742        13.630922916747727     
   52.021511294972996        51.484169871388815        23.525462361937805     
   57.908831886810511        37.923798487565044        27.084095885398945     
   57.370483652943697        26.855040202453431        31.811684898180836     
   57.155696438376907        14.452649234070172        40.058957117227308     
   61.085165584202912        5.2078319218478253        37.930373924218244     
   67.498173829549344       0.20331323835200554        37.650260015640448     
   76.462071750336605        8.0887659723001697        43.359385413813328     
   79.308698945673015        14.325551885763321        56.634046406423160     
   72.737059501081930        25.859640634468917        64.473396023990858     
   66.018450431606837        35.897875208965608        68.228454191842033     
