   55.425532359197852        45.170962015809792        72.823709320514070     
   51.829886672017452        60.603432545183239        71.532007742714882     
   44.005237559435884        60.055395951927196        56.841720691960113     
   43.082799704737788        53.490671023595858        44.717491951899653     
   34.298735111412483        40.877241771219076        39.069281945325550     
   32.494372145685389        27.943870635839399        35.560993792907858     
   26.793316155833349        16.478321661479420        33.501142264639306     
   26.468133479647538        8.0298673942571881        27.510526012291454     
   28.237890405991038       -5.7964992924376769E-002   14.759772993930129     
   35.636748504008388        2.6594602728522685        6.9459045764508289     
   47.413986758173628        8.5339739794171798       -2.3768975348104853     
   55.576521123371315        16.529646979213716       -10.520808907037493     
   59.635379550118074        25.546901228912851       -11.342914672399392     
   59.628432323268605        38.276978440839983       -10.539436445637183     
   50.814233263546029        38.813709304392518       0.43622760007337202     
   39.722660980478366        34.324413624795852        11.138684153279170     
   45.176736475554733        22.460535223327252        15.555517684672600     
   49.089620967540668        18.151622463839605        26.945127817622382     
   52.656225148840086        8.9273929128789842        34.950583778091534     
   59.737458563520171        6.2059222204024209        38.364419601538430     
   60.416973198912217       0.68341307213313285        44.972072227396865     
   59.318679215652679       -1.3720173346059519        54.914796044016931     
   56.543160045323127        1.5980509081937246        66.578269614431747     
   56.743158660124934        15.421173489464604        65.887271177648216     
   56.320501295499170        32.295445301735896        68.663927290969056     
