   33.271366734986060        39.629237111925661        78.799221575845465     
   39.023182466128119        46.329025865963018        73.188898745238333     
   42.475003408605019        45.061214141452879        60.205669959491168     
   43.570161433157132        37.194165262746750        51.846574899968189     
   37.589961653881176        27.384940944911403        46.451964386962494     
   29.696787229580352        23.750450927057631        40.248037376853311     
   22.950870655548396        20.811418836438090        33.113348189066848     
   19.646475661810943        13.282431009054115        21.900579112125502     
   24.467339150101033        8.1009049642946529        6.7593413011347119     
   29.909708862029262        4.9012338855143751       -3.5807568107503105     
   38.564247656790997        12.719618584127010       -8.4210702790075516     
   43.476042547313284        20.979785227693732       -12.303433370093373     
   48.213101212649896        34.627890693898436       -13.893832506747144     
   47.680719525976976        42.729987819687722       -4.3772629296396106     
   49.813674406629687        47.547465796503460        10.307422446313423     
   49.074356263173541        48.100814757998755        23.385091115523320     
   53.822503944327117        39.244216782196020        31.202011843782891     
   65.799920734572638        30.230801739190980        35.393202333406165     
   75.212684585184306        21.548434339807280        35.756223198829716     
   75.449961790264865        9.3752561129700069        40.054342323846072     
   61.971304896392319        3.9279396388947134        43.795735989641038     
   51.516077641551526        2.4263882346151737        50.670044111621259     
   40.180408622543212        3.2092174887154101        56.949235617617994     
   37.482641160852516        15.016498611599150        63.415008360625500     
   34.811007416387149        28.000645148826340        71.219657481602781     
