   49.217853869493275        27.949699719411164        85.693273504914814     
   43.359011975776980        35.734955481407155        79.093127230022333     
   36.126557349201605        36.397346492899551        67.379544272639066     
   33.585367470335768        35.902171157650635        57.871327484733911     
   38.409845190105926        28.852015191657436        45.919862725780021     
   36.174631745484220        20.652986753475798        30.115661619411547     
   34.447967064938716        11.553261156295914        21.739655454416006     
   33.860149452927160        3.8359471025766347        15.448495779032442     
   36.497952004645128       -3.3186488947862007        7.3862379103349101     
   43.561073746648461       -2.2473252604986276       -4.2102372750399146     
   52.268370360565058        10.862379759996479       -6.1396939180708463     
   56.930253851412921        23.928900813185830       -6.9860179712001820     
   62.847337308231317        35.112100752621686       -3.0198647497642233     
   66.193623199104408        42.549922249208102        4.1061052099419406     
   68.356754872275786        44.831114218400621        17.155689202419069     
   67.661687540022882        50.943644333632797        27.443098631085206     
   55.065929083538776        45.826473559367429        35.195943430346503     
   53.357361688377217        33.131419967166252        37.522372940065324     
   59.588892709423810        20.370712840560213        36.597443906561637     
   65.057760834142812        6.3140783532400588        42.111313314761539     
   68.461387524811514       -1.5030201523110038        50.670146363825189     
   74.802161050874560       -5.3214088632913867        62.840718051736701     
   70.559185290326155       -4.1659337562113423        72.591197056143656     
   65.549049651354778        5.9838211757206281        74.293054357516255     
   57.531492218844861        17.316744777739856        82.039985920379124     
