   42.501315696048671        22.848338450841169        84.079843895248757     
   38.199588150380983        31.902758949928010        73.353411729519834     
   29.255179189584684        30.813062335225567        65.160666488062432     
   20.611424052122349        27.106990085348361        55.395562897602218     
   18.718993298257068        24.737291346134050        44.193951791645993     
   21.820208378551975        19.976683550803966        30.333938294822254     
   25.612624502630325        14.861420512452257        18.901785478180159     
   31.259580818203958        9.2035821566653482        5.4412179738584729     
   35.892675497834418        8.7454175908560430       -7.2696324152284291     
   45.359856468410520        11.164295534879908       -15.804903674996464     
   51.212714783066993        21.417885717722637       -12.459510038427261     
   59.269650598241995        28.019362170540340       -5.0934128225378323     
   69.181349453838308        31.489065730761286       0.22727406673721226     
   73.085951393390857        33.487628770455132        9.2124884267925982     
   77.281370884242733        37.564001249926136        20.058416534411986     
   84.507729921835960        41.275159774656522        30.585975025642085     
   80.277036279449888        35.104269912396617        35.363894377335626     
   71.937361740269466        29.943476321159928        39.583948813836315     
   58.585569783810243        27.174328510437146        47.882565595143120     
   46.489268985612618        19.921737874275301        46.078934507413784     
   41.268955142553935        9.1299276520678792        51.483805869570816     
   41.444931983301160        5.2237864793658773E-002   61.898897867658569     
   43.863845461136641       -1.1567118477330842        74.437132400732224     
   48.622705890607520        4.6631050185575500        83.293710612142760     
   47.718984601630396        12.623324776196592        88.527219039075675     
