   60.312751953959612        30.924818135503365        87.735051264329428     
   54.101012316801892        33.298289802601516        79.132175093371998     
   44.329406233902148        30.581829702352703        67.801455317020512     
   39.701716922670855        27.889986519319503        54.257092742934930     
   30.593850617908753        25.823479269682885        41.357308435484967     
   29.416034264335281        19.467662633942314        28.467181879701656     
   32.182259482254651        19.441856829436766        17.178157601039121     
   37.260787802188197        18.825231902364482        5.6665213724896111     
   44.398738716502635        21.506937339610687       -6.7692200706138257     
   49.709174426166634        25.855202347502317       -15.587226033069545     
   61.260629964626084        26.271493967414457       -18.817427457204630     
   71.731026942198298        33.779018353677877       -12.224438328693692     
   80.249128015827040        44.047995085851397       -3.9832173403140141     
   81.835213870413341        52.558920881998205        6.1345115726706032     
   78.273472872917623        56.123755742535138        14.654934759057127     
   75.158693663090389        56.872045346197062        29.371831980854999     
   72.975377848184266        42.683738430270033        36.401477275473155     
   69.003461276263593        31.326104024049545        41.621192465438583     
   67.841567634983818        20.837891426475561        43.784908496803958     
   58.476477147263495        13.507296674170213        45.664172786939766     
   53.086296912223382        7.3351034562453181        56.465969918936054     
   50.171606719617081        10.690780606984017        67.280100496296058     
   46.957566183170606        17.513002055501449        79.086441891934172     
   56.696592908551118        16.601538007684638        86.042408305431806     
   65.687444748686474        20.270638607654888        93.194731728245301     
