   47.265546534394879       -43.976320948299325        119.67133363896771     
   57.748516534794433       -43.477452684883197        114.13292267406646     
   65.743480355881843       -45.790792079259518        103.06059928931566     
   63.054837528661963       -52.350815574194911        89.997371603000815     
   58.993361303059686       -56.447688699646399        78.995080730621822     
   57.666743120972043       -63.831392282247727        68.202449435513316     
   55.826597859085055       -67.943700998399223        53.947472299132777     
   55.841094914175848       -73.138106345284726        41.347322714266959     
   62.435254223043792       -83.738803074799364        29.142444144042642     
   67.908751190697174       -93.325994117730403        24.313931161598596     
   78.464984943116434       -100.41269417598892        24.034712032636303     
   90.282676269779330       -98.775277116814920        20.913416413516543     
   96.650911746822374       -93.598111087877768        27.275195394458372     
   87.213903993577532       -91.166718542907759        38.689318547254807     
   77.486749541921114       -94.213814758102743        44.351428925176229     
   62.941794354302019       -100.11955374889227        51.025808097065969     
   52.271996684740202       -101.19760634595356        52.359450404470344     
   41.666120201524457       -100.21461146316420        59.280769540668487     
   38.291344654590247       -97.270506026311637        75.870642908891824     
   32.001499477220349       -91.426974791968959        84.106274698382663     
   31.450183138443958       -82.357580783673896        89.249850688643008     
   25.796734620516144       -71.695018149453162        99.838418495017635     
   23.745946901859160       -65.733057738435463        110.11753179384438     
   26.661919625577216       -52.626572589174536        116.14242879153274     
   33.615307062278887       -43.678789082587215        117.09829559563777     
