   81.596741600589013        33.455979472683026        74.429218190203457     
   70.009114071293112        33.962242253745217        66.769444454780725     
   55.760100078021104        35.347779490583697        59.668977498099068     
   44.729230835011649        34.141627525695540        49.028945679027991     
   33.485854582134273        35.346041833018930        36.664270489469004     
   29.743633932846876        30.925760024960848        25.289106699585158     
   30.914805324386244        26.909120665284785        14.463579618921274     
   38.324375252955342        22.084745142494977        4.6994922090403559     
   44.027345233076460        20.825794266299553       -9.8692884038118418     
   53.355456157559956        22.565438305785996       -17.552357624117949     
   59.200274567990824        30.221665835702108       -24.564455115674935     
   59.816469869426136        40.522620296808888       -21.917255778090073     
   60.234267680054749        52.399934018945814       -11.862146942678324     
   63.535916440418504        52.502835426795095        2.3756879296061757     
   66.682666187037370        54.462692572445185        15.273801117481785     
   68.981523085495553        46.343897290653835        25.799561639196295     
   67.555876915029444        30.888383693500632        30.237229432192549     
   66.776900714515762        19.774237140469442        36.856865567862194     
   62.574260657905690        11.871324569118276        46.281184483142525     
   55.131110652442281        3.6171584755346924        53.693483676339071     
   54.237059997346101      -0.25604955172825594        66.421448089915572     
   53.139684361910035       -3.1350692627079448        79.817363155308456     
   61.665370000173866        3.8398952952409902        85.993280534907910     
   73.191798983445310        12.205685017324216        87.312336954291524     
   80.738395074662321        21.402637511659435        82.341078988027263     
