   34.859847860215986        61.806948761943580       -127.34232594912888     
   32.777307455978217        54.415566417021260       -118.72802481665653     
   27.360592580388840        47.973805177796258       -115.73451050541870     
   15.614456053724830        45.821343898683686       -113.49675034051293     
   4.7137566253946392        42.571538941268933       -111.51423586648573     
  -9.2690248431543925        41.297591557968495       -112.14999248955682     
  -22.144380861835604        48.658209085998216       -110.23488398622840     
  -30.800243276484284        53.612792470944370       -104.29230865031235     
  -35.263084636356723        61.025655389415292       -95.088190497498871     
  -35.060381090483197        67.191245339844542       -80.596670664669361     
  -24.675678052418849        60.104220533155029       -73.599876559791511     
  -10.358486351767692        53.437806861087360       -67.283836698080762     
  -2.8834418954655403        39.587805082027543       -66.890908656852773     
 -0.91111372060302109        28.998782252479792       -78.887850118302282     
 -0.40663395286841758        36.619422603484161       -88.731768442003030     
  -2.8991979028432193        40.305691379858281       -99.136073393502201     
 -0.43386787860661685        47.239409573986975       -110.69563028191183     
   2.9192500087748883        50.013871218126098       -119.83366624710699     
   7.9233231414884244        58.703762856800843       -134.47742412649524     
   6.0400328552226181        66.216890568977604       -144.45152310823391     
   10.749760963381384        73.909958290804425       -156.17721244939543     
   21.575342222323698        80.651436782180710       -157.88897954069324     
   26.194950536190341        86.335514326792136       -151.40231637783776     
   34.330687008487388        83.914236365940781       -139.28765807190806     
   36.157348741798707        73.593783714300130       -129.74775174571928     
