   39.648547578350403        66.318387232269387       -126.21073750920560     
   34.553553788505951        57.972213691416172       -116.05351568637273     
   25.839714715448832        50.657484222012059       -111.97327083898629     
   15.434746910033484        47.628791508977258       -114.77430444399522     
   8.0508615859003605        36.060919840658094       -113.19122749441017     
  -1.8190361728338862        35.352533960467404       -108.91978691375849     
  -10.938305877326373        36.217256317102581       -99.459318384376019     
  -20.350370932671709        35.995669016187264       -91.916834107716269     
  -24.952485627826718        40.527981518887387       -82.455027583089716     
  -26.728222293097922        51.490837866630301       -77.400985231887404     
  -21.639238907198251        61.222025548817676       -80.109777460514849     
  -19.028060794758428        70.028334585748027       -75.777873079526714     
  -6.3468404355965582        67.238553409387563       -71.634896611854913     
 -0.99653478546406338        61.777864238764053       -79.021874899301210     
  -6.3530631096483905        54.137521606314664       -92.248832552305814     
  -8.9495392180733333        48.423105881218888       -100.18848722571742     
  -11.062942534566890        48.475099311676651       -112.55026678143885     
  -9.6890198058526487        54.069982120520137       -126.10861849138189     
  -11.392996289764124        62.407851315513149       -136.71663007698996     
  -11.056614671814884        73.053681446990922       -143.67536834894472     
  -6.7674806804008298        84.208898387277301       -152.25584341198964     
   3.7973683625919676        89.330760594364008       -155.33539421526186     
   15.341276317275222        92.661086853210179       -148.52155349570512     
   22.612018559167836        84.867813391305660       -137.61800020884851     
   32.335548956084438        79.272998590875659       -131.38000800798642     
