   41.975777990962420        59.022871789320362       -134.13693894546034     
   38.660662831467860        46.992217072627284       -128.34369059175350     
   23.721756281068391        39.476898988525932       -127.73827623021003     
   14.557575596179149        38.903306386718768       -121.99873946601551     
   3.4207374730364970        41.300132029878114       -117.88353580855247     
  -6.0039831442311362        38.472429234820950       -114.87313076847714     
  -7.9406385856834429        33.051336370310359       -101.99763808150580     
  -7.5973367524059174        35.242838573057576       -92.031245966121276     
  -11.171863797398023        42.419160279622410       -80.889422583296692     
  -11.674536252488164        53.611747764846484       -74.546993097102245     
  -12.556606698234136        67.929471612242949       -76.927334735159107     
  -7.4356845263621363        76.637078958345228       -75.048371909360370     
   5.1403449981870253        79.433730133204236       -78.261259843625282     
   5.3417274896903884        72.222061375303326       -88.689710913093876     
  -4.8427240258335811        67.082702999212756       -96.947110411017874     
  -14.738790544529980        64.144399495867077       -102.07903336682162     
  -20.763968751966068        61.118580505277329       -109.56716769033022     
  -22.927277901238536        68.159151442064612       -123.16738016045605     
  -24.097436822646202        68.138368817401187       -137.09098067862800     
  -13.783711996536532        70.852560135606609       -145.10502405911734     
  -6.4005053136706627        77.642171062151618       -147.14050988674151     
   4.0206951847880710        85.428626928768054       -144.88022158426412     
   15.561564299245402        83.552497499980078       -142.23952684269094     
   25.829367040054244        77.084351229117260       -143.37093784305205     
   34.820957778147410        67.651020800040854       -141.80597809404802     
