   28.897142510606884        61.065179662674758       -134.26147722240034     
   26.064176438036142        55.555944234799533       -126.68318758747121     
   18.052475549013661        44.353242781495766       -121.49832204944460     
   3.4896531581837698        41.657634832424783       -119.91828226394775     
  -5.6164955025314569        44.266783145548217       -118.26377100749353     
  -13.937639972543600        38.200984005079476       -112.71679551395425     
  -20.690387010376671        35.849843679638624       -103.88078722304836     
  -21.258313458280558        35.578358777256838       -90.752391221221345     
  -17.505159586156932        44.988938543157296       -84.905632963672858     
  -15.586642715493632        56.001764449597076       -79.708053951009305     
  -8.7695883024545296        67.402902096122915       -75.515609787666463     
 -0.86221379607228688        74.456708041928138       -73.109395005006746     
   5.3261175846955906        83.175298196118945       -79.596077119560817     
   3.3071230433369676        81.542250338719001       -91.977556710022853     
  0.82285910738685653        72.607785820813518       -101.75116344479035     
  -2.2870566709281954        62.873673897524256       -115.30082162206283     
  -4.2609277207396463        63.572973287942830       -125.76474272229900     
  -8.5186142035697330        70.080646481847381       -135.08115022955317     
  -15.364022299906475        73.821339515114119       -144.21917853647128     
  -15.887474010907903        84.557489154904317       -140.45403207157921     
  -8.1765717396274500        91.954070890477098       -137.26167168928404     
   3.1694249250237538        97.888020729997336       -137.14082270902961     
   10.006940037921234        87.376154478796778       -141.50628672119740     
   17.236135070121776        77.869600057642614       -146.06677571722656     
   23.941375997987482        67.986241571353005       -139.92317318666019     
