   26.385629058863486        67.785068944610714       -138.46354682056696     
   25.339808684144341        55.798023485609093       -133.11564150254472     
   15.971449831327002        47.821695458724442       -127.47293545457886     
   4.3269983512969787        41.614241598132708       -119.75313104919942     
  -2.1695569404516553        39.827319331966599       -112.21368649715123     
  -14.523413985180207        39.585296673643995       -111.90191958741025     
  -26.696508140647879        43.676146262338058       -109.45013934762481     
  -32.131520601141929        46.590885965270004       -98.334239130013714     
  -29.151565131856099        52.930242674412419       -88.651309129571459     
  -27.410333721302443        68.859716966465371       -87.275126062581492     
  -23.289783112711547        79.014053595348088       -89.777551804210688     
  -22.255105297659966        90.460253410303807       -95.316066421957473     
  -9.2167111697365964        92.582348718022331       -100.65248848744588     
   5.8982230188931126        88.340082213624754       -103.08711067803176     
   16.156224624654481        85.168031820529379       -105.43925342215688     
   10.423949651439617        76.118593641757840       -116.92984713474286     
 -0.32207308275155011        66.132901931236177       -120.22052483556855     
  -12.360798936928473        62.525533958328609       -131.75517432525552     
  -12.105441903422985        68.011501759161519       -143.31404874768700     
  -13.459832180714830        81.388764376463399       -150.37296611205181     
  -15.597095095401876        93.172280631571809       -151.15490168518855     
  -5.9459686542897892        101.42763426313356       -144.85063742305115     
   2.0717389809233859        96.376144388899817       -145.98916637533563     
   12.759051615453339        87.733106861716365       -146.72118833532863     
   19.228293333578328        78.513915113484103       -143.99502958619584     
