   44.058915653709448        19.714714340795897        42.912501114679564     
   38.839863519776443        29.009649234423197        42.652082058932550     
   31.363024764115107        33.596512248310297        34.049629364089498     
   29.294304349869890        31.814290776865114        25.169764331749477     
   29.537213843704858        20.699973436217107        17.218869659375386     
   21.115420162507956        15.556566355246154        12.763169473970130     
   12.360884005969721        8.4563924307310074        5.1653099992951299     
   7.1670518558622618       -1.9643188965571969       -2.5294011313189784     
   7.7726839473301723E-002  0.61663102580475593       -15.284756583753870     
  -3.2083932882600630       0.54720866536722923       -23.729497887485131     
  -1.3703342763261352       -2.5430455074546958       -31.490617093894514     
   6.4605409208042701       -12.347120652530563       -40.018626963618360     
   12.930750910257201       -9.5475823101753683       -51.051575952917986     
   16.777678737875160        5.0190733114082535       -63.447507527487339     
   21.110243635323243        17.086195379647975       -63.529569297714460     
   25.097426365584120        29.583306512747079       -55.107488710616856     
   22.472708334003329        30.179656275519928       -42.158947629969049     
   27.959755192233633        28.851179673412151       -30.157757886059958     
   31.149861006371630        22.404499289810619       -18.050104888895440     
   33.945618553626147        13.377199305429196       -4.8139275987135948     
   42.775809303524042        3.1197418510907298        1.0795554617134528     
   53.449619503254254      -0.57179246211983203        8.1096658392525196     
   58.920017851426230      -0.97744335736370913        16.861895733651544     
   59.417839126401766        3.0326123079714433        28.176021447734954     
   53.440283968996134        8.9029616579785298        37.876014636840026     
