   51.557843435769442        23.925855901666058        47.701230621053547     
   43.208846019900740        32.667732710297948        50.077457613006587     
   30.224672881312788        33.307180332129775        49.217118730631960     
   31.172377659967058        38.336955398114647        39.052701412312565     
   32.832704331605164        34.164257344329563        25.803538881595514     
   22.457190841151707        36.778336529150153        16.162023742252998     
   13.671513041727739        33.878963606805243        8.3846524154767650     
   5.3060668625784819        27.368545869260394      -0.30508234019834796     
   3.2466021404892116        20.344057839884986       -10.332731217378329     
  -3.1716622781767194        13.125907735493898       -20.955777642011839     
  -7.0235581267312028        3.1918725951955578       -31.444831920926713     
  -6.5609350826998449       -1.3990129355594183       -47.949044003075954     
  -9.0334626340478437       -6.2171036887431388       -60.411338592642252     
  0.80149723650823756      -0.32761050919584972       -63.130327848728221     
   8.5474583674632534        10.161699274501592       -58.852239937730580     
   3.0648681621107112        15.924336800958555       -48.366182301167299     
   3.6377849682045618        24.081286340374724       -36.603965533896655     
   5.8938317446549160        23.346821057982289       -21.426289843160085     
   15.049951226901682        22.624950132511046       -11.990698782840049     
   22.538411635980022        15.649545179445861       -2.9793235344311606     
   31.663394065395199        8.1876795439686934        5.2281672867322904     
   42.773084898391680        8.1341519680694088        11.288537573270693     
   52.371969298894847        7.7852013676083116        17.078725202322470     
   54.409774578895046        9.9000833197947760        26.159411810230672     
   54.673238533976772        12.435384026888528        38.957761021220357     
