   46.566302648886378        19.918979886841989        48.619702255962657     
   32.943822576806184        23.205331662076340        55.694567164020825     
   22.994724702039228        24.942614018153034        56.352261508390690     
   16.585762769963083        29.676943694331467        42.837552296219293     
   19.622506731053917        31.220227220472509        29.764114629293285     
   11.997002819779047        34.344602075969718        15.791905439644559     
   4.2131761476457914        39.375474440189883        3.9116608029286439     
   1.8125629205123119        31.754560910688475       -4.1659127438728749     
  0.22725920201010996        25.436769657344875       -14.409087787031039     
   1.1504114852933891        18.904207540859165       -24.213524464007971     
   5.4890078118323213        8.2604441918491478       -31.062326169808699     
   7.6388704406034851       -1.5233353419903970       -38.267024064093647     
   3.0086676055238701       -4.1210702496361753       -49.556098397964007     
   1.4817202517240533        7.8094130358038774       -55.481727252993643     
   8.9797901999422525        19.602830515221751       -47.959995562383980     
   18.781540814234496        22.682519213689588       -42.371300157989289     
   25.386414205517607        32.232000442295686       -38.493078120172044     
   32.274282701257548        35.908610587780700       -27.241726165626748     
   34.907984639081171        31.804292907612297       -15.366398133419599     
   37.341476912681777        25.982137607577084       -8.1197414850738632     
   40.440881522958556        14.695911294631792       -1.0393599388771146     
   50.535783280893540        11.774875213914150        6.3181645193780076     
   56.525792523687265        5.6376908471204796        14.059527158804245     
   54.339852510353431        3.1318356899253192        28.893425592214360     
   52.039995765312149        10.337896814629588        39.642550296366480     
