   32.668067537000390        10.064475082696978        37.755688659001351     
   20.549857711158072        15.585547049928969        40.941121823443090     
   15.052471617383151        23.692252418836091        42.483313775018537     
   13.611230228417663        29.307679973092313        32.430440126599315     
   14.851499899134906        30.338552326087008        18.200182286007486     
   9.6624831264687234        25.114700422656217        11.828340500275017     
  -2.8186527014370988        25.624055912732935        3.2913540382084445     
  -4.5128859160586776        29.541832809433000       -8.4809200159029317     
  -4.4182426589782633        24.221757178005934       -23.073347236690882     
   4.0595928325288062        10.512815646584208       -30.976236769579799     
   14.269405214997976        3.6334077400113780       -34.127255244596441     
   19.930899416247449       -1.6275794395417078       -44.433341095533784     
   17.778069853816763       -7.4041173995511951       -51.980420257725072     
   13.563133500965504        1.0314544137911352       -55.359250493988476     
   9.7375566923372698        15.461605317577256       -51.937412561080826     
   21.657992422912596        22.027319025250421       -46.040315871553972     
   31.279020525701604        29.694412108128997       -38.378311181171533     
   38.908965576043322        32.227290774905022       -29.820180745280499     
   39.426704481116026        35.142029963031867       -16.716119660355350     
   43.121461805293158        24.610308281067422       -5.6785946901475857     
   41.644675872822539        14.433719464539081        6.9599076252665846     
   52.185077166772260        9.8310500171385140        11.654266446474011     
   60.266544402623268        15.078601469466303        22.996384966807149     
   56.360540356376546        18.472747497422915        30.589411537513470     
   48.028557919843102        12.984408637866990        37.599943895354926     
