   4.8233400523866763       -15.169779985648576       -4.3839794916398205     
  -6.0430552567005549       -21.603561367754335       0.91775295595401274     
  -13.512468126592001       -24.525022728744084        9.4443287252618653     
  -24.318499489498684       -21.693998640503210        17.091244612403461     
  -31.728289369250234       -14.426787971081790        29.856181075779066     
  -38.128618776207745       -16.844397983839325        40.603012650685919     
  -39.837197515476447       -28.245816833771681        46.866779160103611     
  -40.439216350646099       -38.908907757224519        54.670801645017427     
  -51.898664829231635       -44.095335304010028        49.641749821802904     
  -52.801861605112180       -53.991619245199765        36.481114917888085     
  -46.128614628709990       -49.252040498749736        25.070291905896834     
  -38.631999712596205       -41.050111412035669        14.030322102290500     
  -29.121896776962927       -40.222553044639142        3.6261275347398274     
  -25.805409530232126       -46.677751973591157       -7.9584856979677809     
  -32.603746135761085       -47.520135225074064       -17.227807008650732     
  -45.941488430589111       -45.509475251024455       -21.128161752822386     
  -47.544377556563802       -30.518400778323681       -21.863977935960293     
  -34.225034305653807       -24.484787987966961       -15.071029211220523     
  -23.052777570044910       -22.629771728063062       -19.038222900620003     
  -10.315613339444580       -22.580275220668682       -24.151212010269077     
  -1.0849366735650037       -20.502283982489725       -33.196311328898418     
   9.5582600118919760       -20.883839496823683       -37.309583723786382     
   22.106114362261440       -16.633320220317909       -36.579282489577928     
   23.215143296700610       -13.983990731388115       -22.106880129004278     
   14.098898724272773       -10.339215867972877       -10.849628229622283     
