   41.673689814290320        16.552353133461430        39.810464317932656     
   35.656289730546767        24.313215273045756        38.168342277758896     
   30.779392611523850        36.472831957615178        34.295320156734128     
   25.580640473384204        34.627680836686537        27.114609548026362     
   16.670806094036131        32.280794850411098        20.204793745220183     
   8.7485923091334801        37.657012982644176        11.306571348051490     
   1.0284049890510514        43.407304580337339        5.6419506689676595     
  -2.0391015454663042E-002   41.751673461944456       -6.5158762782867914     
 -0.38353912659982770        38.049521642690912       -21.162874528822034     
  0.47282151402403338        27.541415218019274       -28.084414037337840     
   3.2437988549195382        17.287852507044491       -35.405166591721475     
   2.7435634653540708        9.2707064148505367       -46.493543332669475     
   5.6596364418134142        8.9745342528080396       -55.176123545127048     
   14.133430830537147        12.460433460632787       -61.340371134977552     
   25.434417686094218        17.763076028785378       -64.750436616246347     
   33.005209575589639        24.923624364549202       -63.591885621116234     
   34.673978583270220        30.464724830741922       -60.211174886444375     
   39.267723644610108        32.041287121576957       -44.454877789892471     
   40.870608381227640        30.947803849415539       -30.179898413979377     
   46.908220407759096        25.150703924194790       -18.888280320191409     
   54.147838716132945        16.528745596160647       -8.8454159700315511     
   55.391728383771749        5.1663301731498983        9.2186754919598934E-002
   53.631585120623512       0.64557047637834952        11.824469806913417     
   52.692134597527136       0.98511390612022176        23.776334086582690     
   48.525729533996291        5.7800103147905073        33.572087933160105     
