   49.670018000189557        24.487535120027964        32.000935603498810     
   48.068461381071387        36.389537061481676        28.510376400853435     
   40.185077143492279        51.820010812460225        22.901614537457572     
   30.540971267878827        57.466818615664231        19.555974207021357     
   20.529349525013533        56.858880586761771        14.230801876540321     
   14.491592701272308        53.426091647992941        5.5534835835395437     
 -0.79664506889552844        54.208190725837738        3.5291521460978097     
  -11.371443932961094        47.610023261450728       -2.7641605536156977     
  -10.549957448954446        41.199221415167251       -13.887970931599355     
  -10.158654576292406        32.818157025860948       -23.834731845638245     
  -6.7541958682260059        23.494518049466773       -32.006284065053478     
  -4.4997578572701338        11.630145336846651       -37.795869428414747     
   4.2881951669605929        4.5651431461984169       -39.262848111647642     
   18.663625581049246       0.68850023441433517       -43.605254172495343     
   28.613042755560972        5.8879564300810072       -47.684954210485600     
   40.437631453124155        10.270152773266483       -49.771983847265126     
   48.222449272442212        21.586668091508955       -50.567616492832869     
   51.200420231209485        29.347563976116216       -36.617178315413149     
   55.938944406670096        23.391800209548162       -25.990518715711470     
   58.598535781330050        16.997815951294555       -17.724760819494719     
   57.613458311438912        14.480215811035418       -8.2317027281636079     
   57.477159979133589        10.909139092245901        1.1395049828742789     
   45.929452158814257        7.0551609018070831        9.3509296139080949     
   44.139794933404211        4.7718551089530941        21.028474100512383     
   43.041461963398142        10.563859364481500        32.323576104492950     
