   47.772072711763499        32.451141952143892        24.010839646099672     
   46.497123685652767        44.657006100884679        20.850419836115162     
   44.468471721635950        55.151877451151442        13.869362608215720     
   36.233285932877259        64.697926316623125        12.173616999076867     
   19.566135160456252        70.856991574661350        12.344548790460145     
   5.6882992811833919        64.101163067928923        14.379602755744576     
  -2.7777201044570434        60.494816283328568        9.5934131668098583     
  -7.1820170160918240        57.035219527886113       -3.6407948505470515     
  -8.4685745625900744        45.538146021783376       -10.544542365602286     
  -8.7852902322711017        34.712051948685712       -15.520239130407520     
  -2.9080274717762666        22.198976827695134       -17.303142116989434     
  -2.5414235073772922        11.940603516950821       -22.701482959041542     
   8.6582733611025073        4.0698482932251823       -26.071980846945408     
   23.039114563981521        3.6636445660787174       -26.306863787420820     
   31.516889395796341        10.917363410033420       -37.901849195483308     
   38.592313117521549        8.4748278291944210       -50.235823001728569     
   49.512935980457470        7.5832162267079388       -54.959459564325272     
   62.415800011631774        16.712410057860481       -53.660495608371576     
   63.768767698363902        22.016141335029047       -42.416169657347687     
   58.216139892419193        29.065271188451590       -28.498855372248357     
   56.224218617544956        27.836410032481886       -12.725444742052035     
   53.975373589381185        25.012407716751103       -1.5588517695032289     
   50.598776703279647        15.379151481789656        5.8462620881845631     
   44.303901011657473        9.3690882494245340        20.414914687909764     
   47.414561607413489        18.986164486771649        27.985104594787263     
