   30.235474344343512       -1.7319373276065104        64.994336349635148     
   23.073822849874961       -3.9452996018839173        73.823945974459619     
   12.384936890171829       0.25426601685509126        71.345734112111444     
   5.9018789028030429       -1.1363735658585541        58.697284766979152     
   7.3559383609471745       -10.679670988108331        43.129141618860665     
   6.2808971779141363       -20.490149479183856        34.938004542766031     
   3.6276572354270136       -34.256400742296229        33.345952609383723     
  -1.5584333136604371       -45.126014295791492        24.358249014792197     
  -1.0959792233546337       -59.196750527016498        10.217656550347202     
  -3.2971335185207913       -62.642880587419128       -2.6888229326584105     
   4.9954518786030988       -59.975431252942265       -10.064110271913558     
   15.285020667465435       -52.244042226476907       -19.476535086956282     
   18.937766285469017       -46.005073507317086       -37.213225158695550     
   27.816256600116574       -39.212911354727950       -38.580104693714816     
   34.592742262563085       -30.672843537793536       -43.446136388685929     
   40.879413264517098       -20.964927994285894       -43.599169194689196     
   44.738090037038226       -9.8413747113344456       -34.903795951341557     
   51.232811734839480       -2.5359298893357529       -25.908211668937263     
   51.185006208779328        2.6045100847782594       -11.496195512339844     
   42.650372171924488        9.6860009071459601       -7.0797175584574887     
   34.264895816227309        14.836036138549689        1.0816405240097799     
   32.787971630505403        15.498262677517014        13.646249569342910     
   37.651313623130633        9.2986760719005002        29.310244451920763     
   33.977403469285342        5.6028127884727592        39.222422639048538     
   37.527811885905578        2.4045935225327666        53.487937682255016     
