   44.601307837616382        11.165666860527036        30.577119481862990     
   33.779074391468079        17.552135821785978        39.402102319522989     
   28.567713322886227        28.739387462895731        42.412627177388245     
   26.316711342504025        40.811804406122860        35.903680834217596     
   20.814655651841893        42.844239156743761        23.650921653407632     
   14.207491640755283        49.747298678999911        14.105190572812658     
   8.6699764011329208        54.734934989917946        3.3751621664108686     
   5.9755918508525117        55.169345245360340       -10.193680044137729     
   6.3309384208203614        48.712640051786465       -16.507390892947093     
   8.9871163635210110        42.525960964684550       -25.362077123430989     
   9.5855481951711639        32.851879521808563       -26.141423752347023     
   10.925362179034284        20.196690060476115       -27.997780485459494     
   13.782302828412064        13.074739589702903       -38.736135439293903     
   19.054753084972809        7.0002957394118708       -48.292822136853061     
   24.746109948716214        16.694712545344135       -52.517783823998109     
   24.798112704303996        27.261724503010193       -54.359668819031747     
   25.526555093795054        38.693277557868321       -48.119267901188330     
   33.951829626894281        35.645519471859281       -41.393695670760344     
   40.950891816851573        30.977754315733495       -33.621030544377838     
   40.361932005024457        19.595719886473056       -27.326678602548743     
   43.473547164780996        13.418400661798705       -19.701060509090119     
   40.953642297280204        9.2108035610345187       -5.9843018852646575     
   34.250290956045596        5.8036549540109972        6.8464906949662874     
   39.554193515660593        4.2999854400391095        19.220534175940397     
   44.541223846590292        5.4503130435382836        23.686041373286777     
