   46.675291538974861        13.364943114764701        34.758881706821349     
   37.055407398963411        23.765855187840575        37.606812697924489     
   25.722307513947179        26.445121271744274        33.802494558911384     
   15.768678981645445        35.819839948180103        35.245490394999543     
   12.464530711383054        44.213653333140584        29.182356492629332     
   12.684779094411716        50.995985968232780        16.992635928392527     
   9.1733854235392744        57.865794960944001        10.353039661681127     
   5.0120928267224407        62.100177824397697       -1.7961486621681579     
   2.8196847364685227        55.920117624535067       -13.685047556771584     
  -4.4311148702079493        50.735699923310854       -23.560665491664974     
  -8.3170195628543784        45.530822854981970       -32.006680804397831     
  -14.042957532518979        35.142146932891116       -35.258643529758622     
  -14.370630754359897        30.787538312773766       -49.107012032985921     
  -5.1816813312462200        30.334117436848413       -57.232930929934930     
   6.4930872795917445        30.402643406953061       -60.987212818452804     
   18.701023731883758        26.345021457585855       -57.411130650263530     
   28.356929035975092        26.283027209314067       -52.742440561385280     
   38.250830617945439        18.721563122404326       -47.711916102881844     
   42.467136727270052        20.805168124164815       -36.830539691104022     
   36.847612501773845        19.257809700238148       -22.170304450858023     
   39.753734243055924        13.205917317307916       -12.558269510513867     
   40.650331956332117        4.9899604499791064       -2.7063832473035840     
   44.537162909329112       0.53193581158552772        10.344954653692822     
   45.827974637763354       -1.6826354032706723        23.811109713982415     
   49.580537585449655        2.3293322505158200        30.838259615790051     
