   8.9839123768759226       -12.944767591104295        39.315536855753251     
   8.5585692257117429E-004  -4.7957930157987967        43.410200931405392     
  -8.8298156981985905        4.6155080694327850        49.190003135859257     
  -18.070176698026422        14.299234467328008        48.993094341322568     
  -16.306050538122633        26.537490474315526        39.820206668686758     
  -17.886661399955457        36.154447815203063        27.914966460859752     
  -20.247660518889326        43.580257253663511        14.532581049424905     
  -25.575836582322797        47.636367912574762       0.22019360772258117     
  -25.705043312322260        45.753100844625749       -12.621383262729477     
  -15.072688799703457        46.182655842206209       -21.382344109361640     
  -13.251390785456319        40.331813537782551       -32.064646330258981     
  -10.592060551242687        32.755523770673896       -39.911701540481651     
  -2.8998332661773762        24.753318266630544       -45.272858085724366     
   4.1481400210390449        23.249493647701701       -54.485212778131043     
   14.245191450674488        24.292939701648727       -58.809072346864674     
   28.921261164417732        25.477422445449424       -60.714878376792406     
   34.898755577553146        25.934525581778175       -49.525827817015660     
   39.159279006846084        24.768213684994407       -39.691034862051715     
   41.008003445142826        23.549009640832182       -26.030192819279790     
   43.375948849061416        19.678944368607457       -11.719316233806424     
   41.269558810768402        17.733496285250528       0.78550971311163831     
   34.976084321135211        16.958155280683247        11.307128529932774     
   26.623858767767409        11.197950663352140        20.992357193246992     
   22.520206522952481        2.1600749816482820        24.632125835767162     
   19.252056252231203       -10.869894620128026        31.448849731938687     
