   7.9160752820151430       -9.0262297443981474        47.114259212439038     
  -2.3281317306088720       -6.0572464503822685        38.210213021832523     
  -9.8209715732241243       -1.9157988470324598        30.044659447485589     
  -19.614788259349758        4.0638490480955438        24.419588381463466     
  -20.084558927626091        14.330986225082029        24.560984661705408     
  -15.986270385164296        25.720764715429240        25.619870864903671     
  -6.4705265482226748        37.609797688261942        23.280979231174847     
  -2.9486833939010615        35.515086139235926        15.347183885999987     
  -3.3714739098093287        32.839962437162797        1.1619715884036936     
  -9.3628425615270974        28.118839205456787       -11.030483085330689     
  -13.607637185097897        25.642671724446611       -22.767785176038963     
  -7.2659183861420038        23.902731611875609       -31.868556731213278     
  -1.0580802299150314        22.917185479081216       -44.418189323011532     
   12.597061844306973        21.281747674617055       -55.526139155461621     
   24.395751727847532        23.564482985906800       -55.480559271639372     
   31.753524914366892        31.007329337529441       -51.399762561004906     
   36.906160466349895        28.863905436382574       -37.601114759834516     
   36.556702968434188        30.995988391292837       -27.057377235341409     
   38.840774225380891        27.525978539587840       -15.960690733682707     
   40.798453105331369        17.669770911829897       -8.0806036392575500     
   40.071114745775937        14.569792761649630        2.8747526989866228     
   34.280186470712813        16.726946511937761        17.694211847568408     
   31.113081335992863        17.427008840608213        30.316237331647713     
   26.906893813690775        9.6136637638538556        41.379905100924780     
   23.977401311856958       -2.5741185063530692        45.733089753098575     
