   3.4336395294656414        21.387095811975303        42.735442197471187     
  -6.0561707106105489        16.712032543924579        40.863217193847220     
  -17.157315542019020        6.8442577930063280        43.104130003965324     
  -24.349606436539752       -7.0143697487187024        40.557725394893282     
  -18.566262682555173       -20.430248596787550        43.070164506821641     
  -10.903585516780531       -30.657130188864201        44.753829587932529     
  -7.4980528358291245       -41.241009608126490        38.530411679826358     
  -3.3652497681714379       -36.986398534237388        29.328053866389318     
   7.8538783164515822       -32.739365458529505        17.259143878955268     
   19.727269280994932       -31.756145305023850        17.491666866088295     
   24.868794120001784       -36.194076564087496        10.803427865891509     
   28.681483951528662       -36.734362977070781       -2.1431995198569251     
   33.268183260502909       -34.676471933067049       -13.899934824433412     
   33.806782107241858       -34.394594213560218       -23.806944963731876     
   37.386630307577946       -24.534881493268269       -33.200611293414056     
   37.704025918771812       -12.900038815774771       -35.125513916020061     
   40.836074531488919       -4.5993493464977941       -28.118606814367840     
   42.011470746542329        1.3679468116955573       -18.141615058917147     
   35.703737219989733        2.0368135251961661       -8.1127648048781715     
   28.235880147315626        8.2301529533305526       -1.3317471581235882     
   24.035800953345248        10.190052549407419        9.0330400736873138     
   24.879613804828281        1.5840586643251720        23.114310332048948     
   22.323363700208525        1.7691056214978782        36.490708149307522     
   17.372626616356769        6.2553727273002915        44.743649560602790     
   9.5195287702497779        14.105085315763967        50.794093501844145     
