   68.668340091380443       -21.748175906699068        80.804188428425206     
   55.283774696311632       -29.378358123583073        84.179240066761139     
   46.837310298769587       -30.936171607530628        74.576490421470382     
   50.038940740307289       -32.306788905619094        66.672028620549909     
   55.321858070581051       -30.245160976788977        56.056223410789123     
   60.952432203077805       -15.066270407957768        52.705913382053595     
   63.108655890011178       -3.5474796791861847        51.785756499611580     
   60.576347287945893        11.179897499040157        55.194966724740596     
   55.610561000847241        23.161979049882795        59.974464877287787     
   62.893544640026533        30.616840934026573        61.161977474759794     
   65.549417870487517        42.383324280919453        54.571069681206140     
   64.336694815821673        56.030282834007522        54.911505158970648     
   68.675987006563659        72.114026782821128        51.672995446897218     
   68.293196391638105        85.553322937569234        56.200569382341982     
   61.864765657252079        94.299585303251405        54.756444826286284     
   55.650524529082809        88.552109870826357        58.726953092310623     
   41.273669016148276        84.571739759155079        61.107183295301255     
   34.849516109186474        73.812127668193995        67.239098084447249     
   38.960364392623589        65.513294936318616        76.407029124534731     
   42.430422451413158        52.804433805915714        84.992561159389055     
   45.766674615604622        40.512581077458748        83.133283092735368     
   45.783671813938426        28.694217617053262        82.421345589794399     
   57.104438284182251        18.298361737389957        84.422017179333395     
   61.417317464671484        4.6401109273901850        85.346886129882051     
   67.910204421264865       -5.4539517372209794        83.080494314931670     
