   11.183177943995215        23.312603133826777        62.172238880717345     
   6.4442307753002703        33.914893948833296        67.567895169045713     
  -3.1961652377239087        43.519878242883316        61.930997961977297     
  -7.9236216014905985        47.701929702032466        50.359205408987890     
   1.2504432174954911        45.353939256172922        42.872784164930593     
   10.178420341725435        43.407117460378828        32.946193788670627     
   14.577276250431579        45.984954347641839        20.236991330865976     
   16.043183405839628        45.964044568220054        7.9970217061271072     
   5.7844658114630310        47.554035312794291        4.8862356059156076     
  -4.0902223634585084        54.035037169405115       -3.0805712459379397     
 -0.39024717231836514        53.702782783236678       -15.889055156265366     
   1.0750411839883904        56.042283308324016       -28.050696821455144     
   1.5188080759583875        62.166085644341635       -39.051161168498332     
   8.2382311066722824        56.817699328313189       -47.813194860622424     
   17.034325048393050        45.644135444775408       -52.578049010790522     
   24.058490019534482        39.067521995354952       -52.623627768678809     
   27.890294260276757        28.962795569919102       -41.917422583244097     
   26.849751684246357        21.909735385846936       -29.420392913636295     
   23.272611675221775        17.321348301937952       -17.887284271198880     
   24.034851962696187        15.177050243920988       -3.4586830054935049     
   25.386038218212363        12.040053141732347        10.926382928874943     
   31.704822287813400        9.7046520454695795        21.137794118227067     
   34.717147107937556        9.8611489294179115        33.979249787703431     
   28.065375168412675        9.7021173593800505        43.097777995698870     
   18.834121634839136        13.973278160689325        51.466574063851787     
