  0.49478008439568466       -4.4079214892005858        61.412006437619787     
  -10.289345599810824       -10.894981044897570        62.446694854917297     
  -19.996788877898279       -17.360406887345675        55.159961999733731     
  -25.423066756996768       -23.769240048551509        45.752201151672743     
  -24.110178556405991       -26.346380413601423        33.639823906744518     
  -16.195551723340305       -29.163791445284282        24.975412731436858     
  -10.971773602660329       -30.214055414139189        15.279808124778441     
  -7.8072815279186978       -34.414821279393820        5.8633676392510106     
   2.3398388724749735       -34.794986740364408       -1.7545964361195807     
   12.745273534472796       -34.150872583317970       -7.3697823858701401     
   21.658514557136243       -30.391489222795407       -15.959880390223407     
   31.919972466452791       -32.692223243213931       -22.624230856065928     
   45.882000817673656       -41.024527390148940       -21.816086102341664     
   53.729382337581121       -37.425843041781029       -25.066608308744623     
   64.406781389931140       -27.716946356765039       -21.414766611831400     
   71.977247270366277       -18.740936521020139       -14.465581392513853     
   71.984277817706314       -14.524672065452604       -6.2260333295786978     
   67.293761117287772       -7.2752995651744241        3.1257440093263784     
   60.145148107159912      -0.68901945124990549        9.5418193014715644     
   49.759687764255162        2.4404427384472847        15.432675136255893     
   39.013971671185878        6.6171543044216978        22.818746902104692     
   23.362993572311876        3.8588667579596398        23.087584548728181     
   18.349391021884401        1.7946769880622822        32.423824978129261     
   14.185893511890315       0.18632943084076348        41.671798866462048     
   11.071161714403317      -0.98033351411144665        51.564042075849578     
