  -3.0688814640321365       -5.1928824740610775        53.272519016278821     
  -15.581400891674644       0.29210438522506288        55.747672931469857     
  -22.069986175654471       -9.9195055370193543        50.882043159757224     
  -16.445426560820877       -22.315764836919655        47.862154167337366     
  -14.884575699454256       -31.954821138263402        41.796855215574062     
  -12.199552029840799       -35.855388960535365        30.246065718749424     
  -7.8151845495371983       -35.562278990494491        18.615195581832982     
  -7.6095100738819994       -45.194706512109271        8.7309231374307945     
   1.7024624534249768       -49.699749568276587       -3.7615921726833657     
   10.051326375185592       -46.255240535383059       -14.116914566489738     
   18.076519988546266       -45.071833882176620       -21.955305266863572     
   28.178855003887133       -38.873428890401527       -24.188126503291191     
   42.411048976560473       -33.271976448907246       -26.649371182587334     
   52.926639348362841       -30.953651239342417       -20.468622033989227     
   62.687075279259602       -24.519067778663473       -13.483146804022802     
   72.150669105660413       -17.690499395217181       -5.2279747938345995     
   69.207269036272606       -6.2127726848550830       -1.1766931563208995     
   62.413451960773379        2.5560827175652454       -1.8399907352736808     
   49.877778095887798        9.4730025092245747      -0.82281391398463888     
   38.424372153655561        7.9968943065304021        1.4560807083239098     
   27.684223356372236        8.7436206329235162        10.127456943300192     
   21.287919002544481        10.045512507698758        18.053921315253497     
   14.135902103042152        6.8548835787409050        28.539294420873269     
   7.1783779100045289       0.78084115379568475        36.160932725429120     
   4.2777008581885294       -11.251259469496704        44.224670694854979     
