   7.0956471428400709       -12.758705051318824        60.807574986894913     
  0.69648991184123699       -9.8441058525385792        71.019286774038321     
  -14.011993736342955       -15.193249596431155        73.213808503054750     
  -9.7454944984886804       -23.465537783363750        62.599962460516522     
  -6.5344122132763376       -33.676593185179684        52.159832238222236     
  -4.1151772465422516       -33.712953259986243        40.024265406609537     
  -5.5523066752852799       -35.309245438111105        22.970732270558685     
  -8.8582493690916451       -37.812855409111613        4.6375434743891200     
   3.2995259721255303       -40.493723062906724       -6.1518120962598690     
   11.251871050494774       -32.868563052019120       -16.471840285271163     
   18.272758033484347       -44.321103615647608       -10.504161802563239     
   29.757579719407744       -48.993606696848033       -11.849053539331855     
   41.609879750061950       -46.712174675824407       -11.359181169167824     
   48.367144122289083       -35.531175585842220       -14.529260438061767     
   56.623140240929217       -24.337502840158489       -18.670040427724910     
   62.073468755903079       -14.963145794999175       -12.652210526734516     
   63.686724807894606       -4.4687907895706163       -12.529736119848188     
   63.760993410245540        3.9514616824204549       -12.661334748103352     
   62.663668672101302        10.607233781718834       -3.9034111033500727     
   53.997753569218524        14.114171125582640        4.3454938980593418     
   38.425857143145819        13.838718204418978        10.821897391071520     
   21.724085704822024        7.0154164253925524        16.642715272350621     
   17.772913621739676       0.48726726928626185        26.839449568064591     
   15.964691084150763       -12.593174731320373        39.871393051345272     
   11.641862005526562       -18.159823752683835        49.235207621399688     
