   16.882365295498637       -10.193563529876581        53.066876566649285     
   8.4577699813177070      -0.20863806019569850        60.067309176462722     
  -5.3967500310682812       -3.3583868241550352        53.471081620441765     
  -9.5640918623496329       -6.9371571676776620        45.120043621160612     
  -13.669218471229382       -16.226614024591036        35.601796834331061     
  -11.948842573762754       -12.036775562132167        20.936600042720691     
  -9.0504850233658392       -20.557198208292650        12.858714684669378     
  -5.5956748196817685       -24.559638369190822        2.4491961822552977     
   2.7152631351059244       -34.378006342270737        1.4087481313847838     
   9.4121444317896348       -40.760898832128575       -7.7894581650479671     
   15.155089916516005       -43.518702102345593       -17.311132598575394     
   26.484534535205672       -44.020748913585535       -27.812961884544080     
   44.637458738586453       -47.254766930271614       -25.935201512883154     
   50.202761074220405       -40.666407223801158       -17.970147957989443     
   64.301604762118060       -31.596691877721227       -16.321529895697488     
   66.598120979988835       -20.042718039879588       -14.225699756948028     
   68.026859947462796       -6.6695423981756106       -17.998975065112912     
   62.523676414964825        4.0389548393416996       -18.891506768532864     
   52.040356904294214        9.5705630299464932       -11.349863758225901     
   43.637087985537825        6.2322060566602584       -5.9523362219324190     
   35.836307854648410       -1.4823398671855388        1.1595801011533577     
   34.587511870466074       -6.9882063303948376        13.209585577746669     
   32.835210035610856       -16.768568803685625        21.725045991323615     
   24.044521991873445       -21.207290557914202        33.880047596589250     
   21.444633853621916       -18.105571226660754        45.422923106875189     
