   17.492896101899113        3.2019323884512207        50.091170571103888     
   4.7248954745053968        6.7519423322877694        48.864141427679407     
  -6.2896386343147030        3.8717038531335346        45.772697021471657     
  -11.601143102690424       -8.0914924986612018        46.704783016653323     
  -12.800740510048913       -18.677065072102899        42.322369550314612     
  -13.465263613706213       -21.038615301188006        29.445205503631421     
  -14.859430888164002       -21.074773146480300        19.292794817681294     
  -12.517600738624912       -20.138374387983323        6.8899683292057770     
  -2.2512692304048434       -30.023726406621101       -1.1694120269361026     
   4.7528248457167432       -41.806455800610962       -4.4050754858102117     
   11.468294682726162       -50.376649526466998       -11.358299463464954     
   24.812017811651774       -51.679929710884132       -15.707825322614140     
   35.775163274029168       -44.733456756829121       -18.320313956417408     
   49.629515660382097       -45.066669791382395       -19.950607712833690     
   64.808562539404946       -41.617698825157014       -21.861583947236568     
   72.603686010106330       -32.166807363006100       -19.955134221066210     
   76.578658129880310       -19.709338582073151       -12.876838204916586     
   74.136380039939354       -9.5606296036521741       -10.389280432153555     
   68.766888121211167      -0.37444036241237055       -11.233700171751950     
   58.618369432541073        6.7284018541695492       -6.4849884120736752     
   50.410675468388995      -0.60382699593653655       0.49451595031343520     
   38.962717820280993       -7.7147184415210717        12.251755563303323     
   35.196663411214701       -11.415676858037845        23.605029000707837     
   34.943915203602913       -13.402571328898386        36.514798666893931     
   29.568545745090496       -4.4616271595192929        46.167117695529313     
