   17.142761532151571       -1.4621492608710618        44.642787834308422     
   6.7329728398301389        5.3846144918071772        41.565727851082180     
  -2.0001930427744208        3.6559146623532337        37.014969932357680     
  -8.0476958012240072       -7.7480744509044106        33.027436281661565     
  -11.081916290918057       -18.152094276635484        32.241554186642823     
  -9.5040729356109761       -27.457443006354715        24.809667617808323     
  -9.8284704561634566       -36.692131625606336        20.862183311114993     
  -12.150414809940187       -44.449819157870024        9.1523102391742537     
  -2.6023469592059443       -46.973897825044354        2.9849437751083641     
   8.2989453171921870       -49.986449998765686       -1.3185371713897460     
   16.599789589515652       -43.446642132671315       -5.6288949115948119     
   29.743878300567268       -43.356106888552219       -10.256794473573352     
   42.206666758203369       -41.627442125887832       -9.6990357189571359     
   55.389475455330690       -40.724417830075097       -8.2159550191701349     
   65.339976184563184       -40.919999379080124       -9.1967384217702932     
   75.764657148495488       -41.730304052172436       -14.088975001049432     
   84.039033100232317       -34.266621693831922       -21.267944765387096     
   81.570257204217597       -20.937415765099587       -16.344631209094224     
   75.498879606669092       -16.722134298551317       -4.8835701616977820     
   63.160788528325192       -13.009114906422431        4.3447648029612322     
   49.252571015897843       -9.1039590859220727        5.2764763216055810     
   36.352341253653606       -2.1992901771545768        9.1471321449143854     
   30.603693447632740       -6.2164067990378618        17.597636048217009     
   27.155129309178786       -14.017260710032360        27.991153914687235     
   20.571220145776810       -12.529526378743469        37.424151172751593     
