   11.570351278798944       -10.818952344865099        44.323632309518231     
  0.51832032333819256       -7.2508959291245176        47.387476793076488     
  -13.710484159826866       -15.929097652389425        45.830317601271403     
  -20.957516800557414       -25.333642402684156        39.428447682922268     
  -21.112698208467723       -33.196313866188824        25.237151664500889     
  -21.516413127078071       -32.387902194340242        10.094471670487424     
  -21.670293046436019       -41.874363617637400       0.42845831645079002     
  -20.020334151275474       -51.311041523975888       -7.8213365602102609     
  -13.946566331568716       -47.385128363174026       -17.430065949140356     
 -0.58853870437577638       -46.447145696595427       -16.371123518212098     
   13.169283147435699       -48.629518015487022       -13.215873804821783     
   24.823563125889510       -45.284935373453436       -11.544180090138235     
   35.220876189578952       -46.552369117961142       -9.6060559544220645     
   47.156849154161456       -47.880684580744877       -15.136099698303571     
   58.478806004140338       -45.935132397179125       -12.433175237503768     
   71.158930103446551       -40.696387165524598       -5.7608753039098701     
   74.342997605069087       -28.542509540215534       -5.4009225746073399     
   74.241348676651683       -24.453634431491640        4.9216722785133742     
   69.274561617508184       -16.525955415231838        9.7830561000207226     
   61.402638051016645       -5.9125270018886704        13.076521223658494     
   48.939927693054287        1.8542089463510523        13.647807518456952     
   45.446688180544704        8.8202353104455309        19.073906639651405     
   31.488651685621047        5.9120994918734926        20.126012472317186     
   28.120865357778378       -5.2448947800780505        25.666219787292203     
   22.775776823899029       -7.7188820028224239        36.032450962402450     
