   12.378228148994047        19.420533444172577        67.705806606528057     
  -1.3698449969022668        13.698493226000299        69.230552318775906     
  -11.685167732899194        5.0605506895132155        60.383546123267486     
  -11.665739156493045        5.3754177049188927        44.811104732693458     
  -6.7899221338341889        9.2746890696957163        34.815680996795535     
  -6.6597749428345185        5.2499517463400114        23.546938460899330     
  -6.0920079707234329        7.4768734535536474        12.104417537511704     
  -8.0486703510575310        13.077562114695462       -1.1433570219945997     
  -15.913903516574834        20.693658916171575       -8.2078304606703227     
  -16.980461450715925        33.260220196730160       -16.923688686358727     
  -22.599052083468788        46.149848235903661       -26.637848680902778     
  -22.292735363715060        57.910191646554026       -14.547091646787518     
  -15.873499464795383        62.717523462149167       -8.7690472491818898     
  -4.3556717811323047        66.111164772459915       -2.6950380471570941     
   7.2149034808385757        63.652895320643367       -5.5069894828207770     
   22.674955485856511        62.411964393029422       -11.622061895136362     
   33.943780475231634        58.189057492259430       -7.0238359997926603     
   35.612847792656538        54.305513770531277       0.36811291172934202     
   37.959885725420705        49.138158598097270        13.067161999623014     
   42.233890364667673        42.229869541867465        23.025083446415337     
   47.121794523240780        38.224040371264074        35.378313960262389     
   46.430224949777177        36.955894132702191        49.188930136267643     
   42.183684551262814        33.277328118740378        60.715408406815747     
   34.332758941349660        25.554956078017053        68.811740710388449     
   21.882227012907073        22.663940017187212        69.465203259424925     
