   13.338035014651833       -17.551221302636456        23.008728638915802     
   4.0998957996121463       -9.9716407457328859        27.093379889492919     
  -8.0213273941048922       -7.6194077641094351        25.125115133574806     
  -21.914477485882728       -11.547609211987696        26.054000206891455     
  -28.980545668827823       -17.566131744137024        15.345967538278703     
  -35.733717468108757       -19.568274125302942        8.4914672329280876     
  -31.307116478328670       -29.737777137198123        1.3940601980773268     
  -16.923209435108443       -33.213489260291063       -2.1138612357126076     
  -10.741121264844043       -36.738763793962931       -11.217908008863352     
   1.3971137719545814       -37.882768847135168       -18.195514279184735     
   14.224925779172404       -40.655892246237912       -26.583667191533838     
   27.891964599207590       -38.593524220244646       -30.503772509195802     
   40.459828176463944       -31.840531829509860       -33.540630069743045     
   51.754449747855872       -27.901288375175810       -31.997510487932505     
   66.452470542786571       -27.599961273030118       -31.549572119971181     
   78.454682773247370       -30.057029704219204       -29.902739890938442     
   87.905002265702223       -19.470742638524264       -34.382656021930750     
   81.479276045925985       -9.2814944956837397       -40.352226354413418     
   73.519786604865800       -3.9277622963168790       -34.930339215474319     
   63.976387676944590       0.58922957878753179       -25.939138596422541     
   52.945444481019912        2.1244894183505081       -18.384619073151732     
   43.932242691769730        2.4103690360760224       -9.2515914772367562     
   31.914806826323936      -0.24510867700298467       -3.9536118554711450     
   23.734865010602363       -4.2563031684097865        4.8045238709688469     
   21.187893591057239       -13.633141563352861        15.154089109411808     
