   133.23779340560336       -75.899322072311648       -122.88677250604276     
   132.99917011525250       -70.636254603035894       -118.41604906681187     
   136.74410833692431       -66.255267894581323       -114.84297387865354     
   140.81092021774447       -60.932396237420669       -110.52306417360212     
   143.00664180990043       -54.742261082779031       -104.44587574824384     
   142.75157112663291       -49.633131756362921       -96.817126999497447     
   135.82635499381252       -43.195233608427394       -92.564874470431505     
   129.41148224911728       -39.265845894862608       -88.736283300039744     
   127.17001533334286       -33.282507690295482       -79.902528916967910     
   123.08761803652206       -29.896346202874700       -70.269994055198154     
   117.34798907349180       -33.267499946967341       -62.374559097316009     
   108.90744645877373       -34.684906567245420       -59.087746903940321     
   103.02854092268913       -34.408385949461817       -51.842199025179653     
   98.866616423568757       -32.855823640142397       -44.330575389765684     
   94.609657304351501       -31.181412066991907       -37.445591854448459     
   90.362779213484203       -26.021877313130894       -32.765481813795638     
   82.557154276106814       -25.108036123277191       -27.900512748849593     
   77.031943782317100       -21.059690137736968       -21.822417470130535     
   70.832751301461997       -18.210932274156104       -13.464257942277733     
   65.208953188207119       -10.008822133904918       -6.9031478337890544     
   61.535904738241953       -1.1009060505673716       -2.7024498404833950     
   59.185585190036619        7.4149515125543264       -3.4281106321377259     
   58.223797309207718        17.250060073310006       -1.5692720381975787     
   55.413183077360998        26.695297303038867      -0.45735965383163762     
   49.525937984716727        32.562093865459815       0.15158686350473882     
   43.467899361932652        38.909996562648963       -4.2641103332161583     
   42.807760171381361        45.506261754121610       -8.9072400580730715     
   46.045582285449427        48.348986274049977       -17.483247517390037     
   47.805820168274550        50.500852006963669       -28.765370725934016     
   50.329270096918400        50.908349830251098       -40.225677565506828     
   54.332231191624047        52.171102470142024       -46.423089226757476     
   63.048833010395846        53.303073583746986       -50.587536414995220     
   71.600709259181286        58.331057074746305       -49.752155877804228     
   80.011552316882955        59.572253088072223       -48.851004256468435     
   83.835737074213156        59.905147234601849       -57.339593302101150     
   88.578651298091330        58.068233938224196       -66.179806210678038     
   95.733968600053501        63.402746218373068       -69.654415701601451     
   99.329480795864853        67.473114387973283       -78.322337705738505     
   103.63862157383626        66.496012466687063       -87.787605562716166     
   102.81960865623017        70.475423164944914       -94.883728102182317     
   104.57724696659628        80.178804707046808       -100.67076857183119     
   107.99123355049326        91.547035350458145       -100.52571866314787     
   109.11729246218773        102.79594101392510       -102.40195073498901     
   107.66585327150375        111.46180193733544       -109.22528682807697     
   110.52144580908670        116.24334006080313       -118.13330555193170     
   115.29674474305796        122.73736200997223       -123.07892512745399     
   122.82378944544257        127.67007304210443       -128.92250658071123     
   130.24344219940491        128.98270199941717       -137.13311045328911     
   132.95807074033874        133.66610683916707       -145.21713881347443     
   133.50504761329503        138.41763526968469       -152.36276730257501     
   130.03206510674065        145.09194173498591       -157.16666139418595     
   124.49847328387929        151.71657813822279       -165.05548344406236     
   120.14392927492189        154.84281457548227       -172.24801437512278     
   114.04512953262977        157.52630082564625       -182.05439683589168     
   112.71391496063590        156.49412183997171       -190.87221468855219     
   114.80706362042213        151.98393342031369       -201.17765374780731     
   118.66859060554050        143.12056694414153       -204.84396137995645     
   123.47705306720074        137.00331111802188       -209.67816154432742     
   121.71072934969838        131.53405498459139       -217.66640920417106     
   124.04763761396639        122.62861766951146       -219.79840981860877     
   126.41205073956041        114.21738354954852       -215.30999154122949     
   133.57925030383120        107.76524417322572       -209.63588171906116     
   137.30848220808147        100.84997247441426       -204.27623755727890     
   138.62029804256792        92.264588507772004       -196.73450616028063     
   134.46056009358873        90.521968129078061       -188.39861302175694     
   127.20200404675779        88.854285573902501       -181.09454138767632     
   121.06068149709387        87.014629171272432       -176.21007175012323     
   115.78297567635556        79.774237303969727       -172.39389301205208     
   111.18237652040474        72.271747651191276       -174.08448899363398     
   103.90568949729800        63.662267131187583       -173.62471933390199     
   101.94675228644680        55.130238345451808       -171.22199098601575     
   104.96969926493902        43.526870627570410       -166.66036764864728     
   105.53135272566406        38.415378969799974       -159.22064345095978     
   109.01369132129322        36.551860998453066       -148.59061370594875     
   105.95160648899291        39.144084555822822       -137.01903821784316     
   103.04824821167529        28.722231327580523       -127.25491350171633     
   101.80363709499339        19.401354763410723       -126.58358113657881     
   97.996104442796891        14.233531581336308       -133.94123156171909     
   94.198007276197828        9.4438924354114704       -142.38340911288671     
   91.415307571769063        3.4781508169830904       -149.98057696666956     
   91.910348499168876       -4.5413693598220384       -156.05211936156030     
   85.401330648964660       -12.590194679669443       -160.63665917995073     
   75.966582111150686       -20.913711996327265       -163.06790034693313     
   68.783218549439837       -24.009905817751154       -167.32891704240726     
   61.006880460754957       -24.441095800866567       -168.78341302384263     
   56.680793240108301       -31.687427682031505       -162.13211194456690     
   60.210858080779623       -40.355874139717599       -154.91650706224340     
   61.766658402390505       -44.859476087111048       -148.70134581462881     
   63.813958712739399       -49.938753586439972       -141.23142040360747     
   71.901989141892642       -55.466485071326041       -142.66556103374171     
   80.289363807101651       -50.995164182605706       -143.77482484528343     
   88.681587350483440       -47.009762219917782       -141.51060511283077     
   90.245458301266567       -45.674703860888016       -130.85492498824738     
   96.358617690686799       -51.965485138600684       -123.08103281516227     
   105.02927144633132       -55.035789007258629       -121.32400241697746     
   115.13396802327060       -52.292522316813887       -124.73236152751551     
   119.45256969424423       -52.858930291836032       -132.82955551223827     
   123.02958074404289       -59.728572743699999       -136.17047507496238     
   128.50572816080867       -70.008243945044214       -136.03386766833748     
   133.54773688997230       -77.105895443104657       -130.40651758554202     
