   3.5099968475226153       -17.697023452954962        10.675387637154900     
  -6.5619134670910126       -21.551390113948859        20.152362674168749     
  -20.091411995129700       -19.483899019088916        23.375738121206677     
  -30.174210979340536       -12.806536654168829        15.348309623349232     
  -34.930582762332541       -15.104053284256642        4.3600354911800148     
  -32.436825512068495       -26.404741745405715       -6.9515991651132802     
  -31.852096302895131       -31.271860774096911       -15.337895314851030     
  -20.860654647882750       -38.774878402298576       -18.872495834263535     
  -11.584573160362059       -42.251166145710798       -16.448452955401482     
  -3.1533164914726832       -42.532634729433475       -9.0087735515448060     
   8.2415860375420049       -33.567611066382796       -2.9762084619391675     
   19.997189915665640       -26.742454910274645      -0.99727675046112096     
   30.109894897008470       -26.163695338468337       -8.6855625308531348     
   40.765309284014393       -25.056314916087640       -10.069453219827569     
   53.280750153312475       -21.709746571671161       -15.177203299559270     
   64.428022963539718       -18.220590168213075       -16.558468806998281     
   78.194020516862125       -12.315127646413597       -24.457110499560827     
   72.237151267256948       -7.5145301994186600       -33.786205091902843     
   63.623822369807662       -7.5325499510081482       -27.999337930009002     
   55.835686175335965       -7.6669347752845702       -15.098736744983650     
   54.883693300665747       -2.6364260508958735       -6.0652498428090453     
   51.969468359638292       -4.6839075036946625        6.3577063324252041     
   40.117364701084675       -9.8675747743151554        9.6984269996325878     
   25.970804900487749       -8.5784774825646029        8.0431952401680409     
   16.260752896835257       -9.3288263418689681        3.8493278682438548     
