  -5.6223887875376022E-002   36.820706316732995        64.699057131619526     
  -5.5509609065313024        36.273835935603735        55.120926648582099     
  -8.0590514965799436        23.362474858000745        49.025828340207532     
  -6.9803228417040994        15.904189534264123        39.906558519297398     
  -3.6870679945305436        9.4367903159292510        31.899016460597611     
  0.32759845290436551        7.6911196158433581        20.810958094477041     
  0.98977049795192829        6.8108094113420874        6.5438526645806716     
  -4.0988685197641859        4.2043400102332118       -7.2451970089637641     
  -5.6935914845773166        7.5508877792413189       -18.456181414136616     
  -10.507624205074270        18.067234467126823       -21.650802989696167     
  -10.421189402498257        30.736088314587750       -21.179764045109952     
  -13.096603553321000        42.283893227942841       -17.036683814629807     
  -10.915046003074526        51.964562801523712       -7.7055286210321920     
  -3.2895876657021423        60.597478990568796       -1.5801683038982086     
   8.4452878476742992        55.358029030958214        1.1152288523263012     
   19.655619859671553        50.356704767290900        1.1177669320672428     
   31.372981665774184        42.682015236431930      -0.11096396832004563     
   40.097250060340151        39.162745408773347        10.292635791998975     
   45.310801155870131        34.041981812308478        18.516380275795587     
   41.202297418433801        27.067926324239401        30.328456933795028     
   42.900228361076188        27.521198933323888        41.541747610928596     
   41.489414662620398        34.699086163965355        54.648389624032653     
   33.872150841165038        41.132868898156829        60.434491480854284     
   22.845087094783555        39.322890110481957        69.772353314829260     
   10.945616083018557        34.826703430332060        71.571832051256933     
