 -0.20191789548026695        38.480670342983196        73.733489698385895     
  -7.7721200953126255        27.886736386734903        69.281418984330031     
  -8.0825037927291188        22.032865906197895        61.268026928637170     
  -9.9359140312333132        16.574668646013407        50.167073228975802     
  -11.743622124435532        12.372892958432171        37.550261007078454     
  -4.8776073487633287        13.036041612687914        20.857039018842237     
   3.0108072859607633        17.941090745535291        12.339566868932984     
   3.9983379138941064        22.254818306305264       0.58301318286646375     
 -0.72127646533994372        24.107296093635174       -9.9963626351998922     
  -6.2518731555937475        34.423765170899763       -14.107005149537065     
  -6.5278764436342858        48.018272888998730       -9.7482355181145710     
  -15.312429390498874        53.974664520354601       -4.9027482363001873     
  -11.183118710188252        62.087785635055035        6.6138027053248853     
  0.95046882204695993        66.141419251040816        7.4744663981003665     
   14.005278328032249        68.678659593789163        14.498268105456738     
   27.047550033486978        66.076230404778016        12.001638196751092     
   34.106233615180912        57.109738222821875        9.5362300218567935     
   39.993804957522897        45.921849034273606        17.993084188665087     
   42.510105434448910        38.572875088055838        29.614475780636589     
   41.071525974984120        38.763592010889489        37.214234027442885     
   42.112009006354882        37.557985329355645        48.487421725382141     
   39.257011980080549        40.893188228605929        59.988473449391627     
   33.600875777648369        40.902325399412511        70.361913857648815     
   20.242718536677977        47.254717653093103        72.622857069002748     
   9.5240757689042166        45.013525982922232        72.622432459597050     
