   15.186382529680698       -39.167430468922227        21.411652064728543     
   17.755901476657556       -48.504509174960866        29.262070593275165     
   14.262076686430504       -58.885775733253340        32.674785007954078     
   9.8545276604447949       -68.085704317222451        27.404950938925417     
   2.3649956782460921       -75.314814950561654        16.363268279355616     
   2.1459607812781205       -72.499577904547351        3.7148877011095864     
  -2.3272863931778152       -75.077581294832299       -12.137708431826217     
  -5.9405916726721317       -61.301680120964107       -22.694674312867019     
  -3.8176246130150475       -46.945261420608453       -24.992374655128202     
   7.9240855967854733       -43.145121494119472       -26.403669812546610     
   20.992573685710386       -36.867818955130780       -23.211959426496492     
   32.109068997640946       -36.935005311698134       -19.349183023696913     
   44.876515234316585       -35.408785436759551       -22.831692291904425     
   55.799155829332101       -33.751878316450210       -25.316389901034775     
   63.917511831388033       -33.410626611361785       -32.369407086729751     
   69.823380888788662       -33.216384534207535       -46.934602410461736     
   69.008368444359434       -33.361050215322763       -61.292921708059282     
   59.981639340763124       -32.355775876496679       -66.334464049768471     
   51.201283357583392       -26.945712309048307       -62.826545044646409     
   45.904663152893114       -23.749242122864096       -49.748975744190908     
   43.487857085291694       -29.243870424194174       -37.407336952139893     
   34.688946381820543       -32.276126634872057       -23.902327619366261     
   29.922476550842216       -36.624489632978843       -10.326101259541124     
   23.878988934675927       -36.716703292788637      -0.31152357404786590     
   18.281028821604057       -36.289917057943342        9.8029017352678203     
