   16.912208310848769       -36.039428081996739        22.827437640011933     
   10.719722636326416       -47.363407563424907        28.603199312536038     
   13.566532845259472       -57.701793885643546        24.457636825401273     
   10.785472385490865       -63.575985711552441        12.748136751793190     
   4.8563402176999118       -67.390384587746084        11.623792347096057     
   3.6720839102075908E-002  -68.570069869649757       0.44708443509575879     
  -4.5908714783138418       -70.864574619210046       -8.3378469250446372     
  -4.1406303636582429       -70.191099878509249       -21.002251492430506     
  0.95074736558161566       -60.365828279615307       -23.120495226257646     
   8.8533005432807883       -51.467499268336496       -24.730097348917081     
   21.586832875179748       -42.571225863317792       -22.019908385313148     
   30.268658614433782       -37.226329564587090       -18.939506049069731     
   43.861954171621612       -35.780920569475974       -22.172246584180417     
   55.249831794342938       -41.325146654871716       -21.057825720768584     
   61.007667726671912       -49.054977564539470       -32.172400177747171     
   61.625659523564174       -53.178182698642594       -47.679875610613060     
   58.247617501778905       -60.663039065329386       -59.461923035900931     
   47.373783034518475       -62.481285280120588       -65.990241590678593     
   34.779773274219927       -58.221857599810164       -63.430679239890985     
   31.578762393299975       -44.604147895555890       -55.039503193611097     
   30.746026566307290       -35.446047619831496       -45.442753823522359     
   26.921878951846114       -33.482245804794623       -31.119500151616098     
   22.503593955757342       -33.305506469301427       -18.812036363881496     
   19.819923409831055       -27.927762863505539       -3.8836997877305555     
   19.786159671014541       -32.064485627148564        8.7775944252702924     
