   42.567769163018234       -57.947431427729349       -8.8112917447805028     
   40.426203341871471       -60.570254027057388        4.1375401514406791     
   27.693034069250309       -66.161119315038860      -0.68878532252573110     
   13.442164959205311       -70.209490087952801        1.3833076089978469     
 -0.19094124239848964       -72.204729817309016        10.089352194572673     
  -7.6439089789664107       -76.394774744056079        4.5193963043524787     
  -12.561557692307915       -79.725940755388820       -9.0181075273579090     
  -5.3310917479717563       -77.919518474962914       -19.249481639578100     
   2.8233496216429419       -69.638574767190192       -24.010355226197394     
   9.4891153063999880       -60.341447165351617       -28.459445988505024     
   20.798950205599336       -51.098246296154599       -26.090395648717291     
   27.011886354813029       -50.618049967542490       -18.579736446214078     
   36.389813762542879       -54.963535225675194       -11.689553147516694     
   42.655000372189797       -65.243145736562894       -14.036151855669928     
   44.927150238456107       -75.416179390970001       -25.328425294777333     
   41.357950080098021       -79.336073417163036       -40.145145961186635     
   33.849625430324799       -77.736548766922255       -47.313382186478606     
   24.507295040175158       -73.974139387632221       -52.832622916460714     
   23.751223743004854       -61.565042742802980       -59.149567942339495     
   28.168682858280860       -50.947118835718506       -61.798234630640110     
   26.040600216843647       -38.865381628984863       -60.058869070929561     
   23.482788488828657       -36.617821422345564       -48.198604858487549     
   23.485389874586335       -36.473793724125997       -34.656527043611916     
   27.015870849527836       -37.950439497023879       -20.615352276842877     
   34.358346039792323       -47.929341298111083       -11.430961981101467     
