   44.466451364527387       -30.904126774159796        1.4654675365801857     
   44.499316025593536       -39.485619741753574        11.083031830870613     
   29.437350162834580       -48.984958538908593        16.088209614570296     
   13.919524748704017       -56.539462673435025        12.402838327262019     
  -1.3563494509440399       -65.231493623984534        13.971777290082336     
  -6.3759420519363266       -75.104788453748625        12.700375253474707     
  -13.676089104307353       -73.069924687624678       -2.1159909702184865     
  -10.120520022022726       -66.245995616955994       -14.485387515798475     
  -2.7373062284469514       -62.795730288910562       -27.712941086747442     
   7.7204215181722731       -60.358086124014797       -32.247453589435239     
   19.151381767184422       -62.471402143676663       -32.660215276178505     
   30.297170561819865       -56.349779043690852       -30.842035433738449     
   44.048707735384916       -60.287142339360663       -30.448373540326475     
   42.456777148789818       -72.547633621927702       -32.335976970732744     
   33.742850320137137       -82.920053735018840       -35.861860165246902     
   27.238552290629748       -85.543772473721575       -45.863516070592780     
   24.703932400312631       -82.704063833909402       -56.632853403471898     
   24.047725040075711       -69.659172966028180       -64.642263139916523     
   32.519740011190024       -64.550260700364007       -73.474097740937353     
   35.577794592034117       -51.596616223816277       -70.876023900609141     
   33.465621079090248       -41.421318248748001       -63.634530132602769     
   31.149500306629033       -39.485326920581031       -49.526437773840470     
   32.626877960358868       -36.424561149256334       -36.019661954515755     
   36.274498521201863       -32.148925986286159       -22.472227431369664     
   37.138968884293597       -31.781370755812755       -8.6622228791422700     
