   24.680320389263841       -27.383832700350990        1.3911570436905465     
   24.926018747247063       -33.334909213272759        10.595765711322072     
   17.293359486836682       -42.527872530760504        17.091404253486473     
   13.508752158031985       -48.416476929759874        7.1609559984449112     
   3.6586835089974392       -46.162122820258581        2.1361552669348232     
  -3.6396573385686057       -50.974854841040752      -0.25172702217621162     
  -5.7994377657854717       -61.702425660888792       -9.1895573490815732     
  -1.1870435134528861       -68.931597129577995       -19.561597769511746     
   3.5657983558129849       -78.947544189988008       -26.630595891001338     
   8.6677892416984044       -83.254751516740825       -39.908344774277857     
   17.504026365204272       -77.524997683859780       -45.353665445276775     
   25.018383584147976       -71.016751150157532       -42.044901878452372     
   36.498721828103598       -71.472055659819702       -38.125076695265619     
   34.336657188631129       -81.513726027202168       -31.578839019709086     
   27.579573493352058       -86.626445658932340       -39.505771570382443     
   19.874935325219575       -90.609742168376656       -46.409939632549076     
   12.090743949995675       -83.756501579204837       -50.328701923011344     
   10.978545650371231       -75.753486682687821       -59.406529903006891     
   12.313231414803806       -63.142699812059206       -61.885379502417379     
   16.016547168635551       -51.245586546581656       -54.258711174030253     
   20.424147967773735       -53.680521979206524       -41.799644900312032     
   29.873695781746083       -54.135086965804611       -32.962847438401262     
   30.388449726547616       -44.043160938591768       -24.252539895916158     
   30.649523505057083       -28.676764280320654       -18.384974286411929     
   26.631594306869726       -24.476874457341474       -10.276499357416775     
