   1821.9493751037735     
   1820.9280275727897     
   1780.1595181859750     
   1907.1737871475518     
   1927.6681600666770     
   1921.9271302622446     
   1476.4290991503608     
   1978.7605813234127     
   1814.3446489857697     
   1941.4782510177040     
   1834.4591182011179     
   1808.5371924642282     
   1694.1078702746177     
   1400.1303197680886     
   1910.2854241389193     
   1634.6588858740495     
   1343.7513279824311     
   1199.3615095409882     
   1466.7102591745611     
   1089.9539303417371     
   1261.4153622631145     
   1063.2652445510396     
   1214.5745906052459     
   1493.3145873584931     
   1462.1541160155168     
   1558.9825853280677     
   1462.7137494079864     
   1660.5649501451062     
   1462.4111846577996     
   1923.3224292225523     
   1602.7059880353827     
   1686.4707297338286     
   1688.4091676470046     
   1480.9476909604721     
   1511.3824549763240     
   1436.8459545295686     
   1351.3777161920291     
   1523.8512965752359     
   1741.9339256106368     
   1881.0851052529322     
   1632.1116910801409     
   1589.8813595601716     
   1429.0234907106578     
   1567.2385074712968     
   1711.0027517448052     
   2207.4975522872805     
   2282.4882120426723     
   1376.7221187262030     
   1249.1064261913455     
   1550.3179457519311     
   1445.3806801394740     
   1150.2220762635329     
   937.74945299888145     
   969.02307210232209     
   1189.8532370209475     
   1180.2760506884647     
   1339.7374524705199     
   1484.4967389261647     
   1587.3788374161918     
   1691.4595131793312     
   1377.9454656059086     
   1290.5251785518706     
   1235.0784851786377     
   1096.5504345792642     
   1108.3906853914659     
   1610.3064329223716     
   1838.2898091429406     
   1673.3659260079855     
   1536.9594237967974     
   1765.0771239750393     
   1680.3713102017289     
   1682.1331384953012     
   2303.7321702608488     
   1371.0951461428770     
   1874.6926505191443     
   1986.3519507250148     
   2144.3967679318525     
   1704.5044767608947     
   1582.2887131314676     
   1898.8457975103936     
   1976.7695278748965     
   1939.2905016952107     
   1991.9820650169536     
   1703.9634473571541     
   1933.4550876744061     
   1698.3467186756859     
   1934.4522183619922     
   2000.9716938451720     
   2081.8026162536994     
   1973.0093042662784     
   1647.0459900567421     
   1569.1567775229250     
   1530.7149938613213     
   1596.2170073533939     
   1590.0519482371540     
   1314.0656737452023     
   911.29917998855308     
   1335.2468744691266     
   1034.2279391751758     
   1500.2668147507432     
