 -0.96610153904753038       0.14842124377744909      -0.21123198300821594     
 -0.85779001749737116       0.49062393652179614      -0.15324633370407376     
 -0.82144339265887700       0.41623518779468838      -0.38984486799060891     
 -0.62032236435025390       0.40356920480369296      -0.67255636285819898     
 -0.60219749602183359       0.46100154148007710      -0.65179425782836986     
 -0.74004400685156113       0.49081882888317963      -0.45981707790907939     
 -0.84411315602980685       0.52156636509189969       0.12426385887391279     
 -0.23233998615723661       0.96944933015219403        7.8651936402930639E-002
 -0.17114738221830367       0.96925139317388653       0.17680585507929653     
  0.30701298178438652       0.91820884813211001       0.25027093364547121     
  0.40637683579298656       0.61040330916538044       0.67990121892142064     
  0.58317787579497715       0.32966081998191521       0.74244683914210430     
  0.70587211785236736       0.51481543724478840       0.48652812746343382     
  0.49597491434765689        4.3856431109853905E-002  0.86722863063216082     
  0.92242906509134170      -0.27807069659814032       0.26795766002884547     
  0.96634389079606009        5.9315273101636014E-002  0.25032215862365487     
  0.41437426337341599       0.10502381410544095      -0.90402653076360096     
  0.23897602220145803      -0.56976483441621528      -0.78629415251254375     
  0.32625821098198238      -0.70201172259806388      -0.63303642952181449     
  0.26065858730489938      -0.55296122575894113      -0.79138548361172956     
  0.20393200781443854      -0.53108192900941276      -0.82241335158690709     
  -8.4058243904423235E-002  -9.8700470152115721E-002 -0.99156060269832036     
  0.24125561501616102      -0.14513053118862021      -0.95954825680633660     
  0.99879043693199865        4.8324870656951339E-002  -9.0757902777716948E-003
  0.59116549106637151      -0.78270990747348801       0.19464984694340770     
  0.24014268904120223      -0.90840626548412440       0.34224194034226080     
 -0.41524103221374747      -0.80865776177684900       0.41671034242517513     
 -0.51387010154038815      -0.73619471212238297       0.44040307059090378     
 -0.49394354433959442      -0.64694450524082026       0.58093251083404429     
 -0.43640112568162298      -0.76571675728262145       0.47247423752029677     
 -0.48957768982254368      -0.70942354561168441      -0.50698315411832107     
 -0.65652156795301864      -0.72702067895488565      -0.20104816135564410     
 -0.89175675683330391      -0.31007603093856911      -0.32957964390953992     
 -0.80496563707472102      -0.49131379651692247       0.33262753415949120     
 -0.61578992085789197      -0.23518272700035014       0.75199192701153528     
 -0.54483729238244571       0.38094866818970680       0.74701434861310234     
 -0.47031213770896563       0.77062580044121609       0.43004926324546849     
 -0.52668756318338039       0.77398497790848997       0.35149319304924387     
 -0.70892301407305724       0.28842161168886810       0.64361567260934072     
 -0.12150736170457070       0.88131170130041814      -0.45664608418617819     
 -0.67621801149114358       0.71385217244001797      -0.18205569707550734     
 -0.40016163258051279       0.85772527792890929       0.32276619310624410     
 -0.48971900615389619       0.20275370016519431       0.84797773088742467     
 -0.38789339097052028       0.58316618358305949       0.71376180870552619     
  -8.6533160657230601E-002  0.13651537021808793       0.98685133926083857     
  -9.8635346895058151E-002 -0.71435730050962343       0.69279485820227582     
 -0.18666256419916410      -0.89706981166513677       0.40052820141120132     
 -0.18800909644115313      -0.94091477649921029       0.28165930309656467     
 -0.40205401616993680      -0.90011438000537558       0.16776969627793351     
 -0.28910676300039273      -0.82915179541492900       0.47846063552568935     
 -0.26537368408183049      -0.93823429276723391       0.22202076405691237     
 -0.39232745417686016      -0.84186662450907235      -0.37059378736941062     
 -0.57677748074550361      -0.60090934618859404      -0.55338566603055239     
 -0.88537978501790759       -6.1093427303872377E-002 -0.46083644541412183     
 -0.59760574622782403      -0.79785562299954094        7.9333327949302895E-002
 -0.76687510094735845      -0.32622858033403301       0.55270018357173023     
 -0.63946031525272728       0.12660268855904422       0.75832859926716922     
 -0.19935304675318813      -0.22226021471517390       0.95438920766372359     
  0.51960446273332084      -0.70121651683650377       0.48816656872761310     
  0.42802416080364780      -0.69645081277901166       0.57597880442581495     
  0.18039493687208524      -0.69588039605319107       0.69513174372902431     
  -2.9224216219170124E-002 -0.48474790127666706       0.87416555491179104     
 -0.26487291918872513      -0.41246891581703676       0.87161443893797064     
  0.22526548735470761      -0.65124238821595704       0.72466462035732393     
  0.75384284043934324      -0.58948449563898442       0.29022233084239762     
  0.93602726428943250        3.5190097517800188E-002  0.35016370106499284     
  0.98159904094655381      -0.19065974781869535       -1.0591665332398859E-002
  0.85267256348276144      -0.52176938588733146        2.6574563674395826E-002
  0.80741044371877835       0.19550256241569061      -0.55665709684035602     
  0.38385707436381783        6.3156150044248419E-002 -0.92123018142722102     
  0.37747653098655148       0.42905242623126533      -0.82062505695318388     
  0.97444378909482565      -0.14715292080909043      -0.16972130034813490     
  0.57272949903029224       0.81769163923660360        5.7976754506123385E-002
  0.64758099082905329       0.29691746296427063      -0.70176839520152490     
  0.86690170369597519        3.8835783519092504E-002 -0.49696400075607250     
  0.93536893617901251       0.35304454073968450        2.1083298727921654E-002
  0.55862668541757798       0.72300015490361380      -0.40645664264312559     
  0.32333954944659177       0.18610441957424503      -0.92780206982880009     
 -0.19571368348802423       -7.2325794610505201E-002 -0.97799035451762228     
 -0.34383744761214163       0.28980143199089647      -0.89319143504379139     
  0.73994518373478935       -4.2012209720219969E-002 -0.67135392998187504     
  0.99329294430832282       -8.7339902833481579E-003 -0.11529459744946906     
  0.97527462274527943       0.17125783138894826       0.13967879372691602     
  0.95065217079064313      -0.29813251304332428        8.5892111614009711E-002
  0.96531721515597890       0.22024687841460230       0.14019267695616500     
  0.97847382157750262       0.11992046567747822       0.16795255996625932     
  0.98092652972561423       -1.1420539483126439E-002  0.19404307397686257     
  0.58081758143259898       0.79518881223749960       0.17414272879199877     
  0.85471234006430841       0.42437046671791334      -0.29895906529060978     
  0.30890302021151650       0.88037917382593678      -0.35987697119679307     
 -0.72436280501330708       0.68100365196184665      -0.10738972356749808     
 -0.73096530761850387       0.51164279580783856      -0.45156546430851191     
 -0.96421664473661917       0.22362192688425914      -0.14240609477641980     
 -0.67138522445638804       0.57938244015595453      -0.46212321779002785     
 -0.45520744854256545       0.79564383777927261      -0.39967119260119627     
 -0.65808971332656085       0.75039526733738504       -6.1845549326124995E-002
 -0.59910853954633214       0.69110111284009079      -0.40428728606509862     
 -0.53702962889845152       0.71161575715248770      -0.45299248543161291     
 -0.94356874666757817       0.30538397597481243       0.12813527043722264     
 -0.93578011284290052       0.19300903713580908      -0.29506455563430606     
