 -0.15614386149529130        8.6213531502852790E-003  0.98769669777072600     
  0.13783106924302005       0.12988179755544435       0.98190290508537248     
 -0.37208137267633729      -0.28737240473317283       0.88259421769302626     
 -0.37226390187537889      -0.22390122607557159       0.90071517602534656     
 -0.30393022520098806      -0.43683628946231706       0.84664069971745881     
  0.45103116303564272      -0.36460589153364381       0.81463699512707000     
  0.61352740626336522       0.38020113531011113       0.69212081204991993     
   6.5151016050079821E-002  0.99686045190034145       -4.4995383592981983E-002
  0.25040565868016951       0.77305990875835195      -0.58281676672129978     
 -0.30690853946500313       0.75942113255040067      -0.57366078115844887     
 -0.17734773967832523       0.95653023011052529      -0.23151176668950077     
   2.6090891859579409E-002  0.99837097747149595       -5.0741075122437827E-002
 -0.26954600458820072       0.78690213022040745       0.55509457650486604     
 -0.15670658811728999       0.36959060639571428       0.91588527060144176     
 -0.64272777114152191       0.44131850656945443       0.62621001905331808     
 -0.66284088751392711      -0.30313285453969102       0.68465497174735412     
 -0.60279947218276553      -0.52696352103319488       0.59911788809588185     
 -0.42182757183742453      -0.81559940325322289       0.39605443192915291     
   3.2686756825868080E-002 -0.80312651165079862       0.59491123893554398     
 -0.34401467665874996      -0.44203651900338969       0.82840667435187765     
 -0.78160235914995413       0.13584719090776756       0.60880480689108607     
 -0.58375204933292624      -0.66001768882516443       0.47287439699934725     
 -0.54629098600463499      -0.83736147203230016       -1.9797064579996942E-002
 -0.72919100212727517      -0.67889726633784953        8.5901013821792674E-002
 -0.56367593873199195      -0.82569550086883903        2.2279495944986683E-002
  -8.8010562000798098E-002 -0.98412696962358936      -0.15410466779366708     
  0.35873455066252286      -0.83661417953696371      -0.41398820847779982     
 -0.12915414071371717      -0.70158313192106037      -0.70078549995012529     
  0.47333871737603006      -0.86282513615830203      -0.17743517984388527     
  0.10440186327628405      -0.81173462693147025      -0.57461913158619571     
   9.2755496249763175E-002 -0.96453378782100763       0.24712545410608000     
  0.83302408240353254      -0.54619298492458890       -8.8000575878381990E-002
  0.40879008254187299      -0.87486924427077195      -0.25979698582643418     
  0.97817882812106483        3.1030485385111242E-002 -0.20543439145496947     
  0.89880632733435872       0.39693032711862414      -0.18599328309707677     
  0.96185954297510412      -0.17807302955796833       0.20764444546332889     
  0.97231930735532734       -4.9079714586727385E-002 -0.22844331060494402     
  0.47519303049976841      -0.53689915151042578       0.69708742986216676     
  -2.9232337597369075E-002 -0.33668928325308034       0.94116193982817475     
 -0.43793847872468217      -0.24959556618908152       0.86366193744490116     
 -0.58215215420177768      -0.42214080352639516       0.69490719621855179     
 -0.14874874656021606      -0.98445159948462835        9.3428361159413040E-002
 -0.17194790631979867      -0.81844627040021234       0.54825142040876573     
 -0.48292020755620041      -0.51760545329202368       0.70630918715264768     
  0.36835477009685075      -0.57387935460647488       0.73142138996843065     
  0.82093353755789300      -0.54594618196261391       0.16736455214032050     
  0.54831541974206888      -0.77769991689444029      -0.30746225741617950     
  0.69809115764484275      -0.32891259806073569      -0.63599153960961874     
  0.67157910579345292      -0.71877872245513530      -0.17982951039087805     
  -8.5260418186672543E-002 -0.99469316393182650       -5.7586202496072825E-002
 -0.11559300266227190      -0.83404438687301818      -0.53945177584388926     
  0.35135501495725746      -0.82600921054407439      -0.44074758939866726     
  0.25701829401103504        2.5063388316830033E-002 -0.96608147850464898     
   8.7544398376764865E-002  0.27700627087933971      -0.95687172818846156     
  0.46416777618339977       0.44811885792262190      -0.76402733244765819     
  0.26824038722427768       0.77726268685935518      -0.56913074972095512     
  0.44911531235973745       0.86104890867270678      -0.23851669349869448     
  0.23964955000300059       0.86758690694889573      -0.43573048100196327     
  0.68085667593505594       0.55587652182516600      -0.47690195985990513     
  0.35271952361293857       0.93020126457532837      -0.10156054866294910     
 -0.42361574930088486       0.71967505819572530      -0.55010681467804123     
   1.9765064137387052E-002  0.95349955255581964      -0.30074564920458280     
  0.52792372880585670       0.76295889861825916      -0.37308210300538991     
  0.14713431394607995       0.98024370553225926       0.13218839368112023     
  0.29162773870378339       0.93012250557730780      -0.22321600891760451     
  0.36167412622042255       0.48506731658418406      -0.79617932955114279     
  0.59119459896910986       -5.1555160735435521E-002 -0.80487950126170471     
  0.52010274317157090       0.73935614647094039      -0.42760451964524671     
  0.61747514554545657       0.11056278390135084      -0.77878130142524293     
  0.17585506156792358      -0.42577535173878506      -0.88757554448770903     
  0.20210651479123726      -0.52425503498674875      -0.82723008587090718     
 -0.11132677028727168      -0.74948092470347838      -0.65259841688670195     
 -0.11211808688862740      -0.85370773975773917      -0.50853970314044683     
  0.35364859937310800      -0.68359220956449940      -0.63846249630198804     
  0.59773927289347661      -0.65190948195440745      -0.46660667481157136     
  0.60254416098956487       0.35321895709024442      -0.71566535644075091     
 -0.18613111444007915       0.61507573222491796      -0.76618343225710972     
 -0.12916963645710119       0.37748430078335465      -0.91696281695587056     
  0.44203766705040076       0.71242967123602519      -0.54501987528086993     
  0.27739534827841150       0.71812735897921409      -0.63823578483116172     
 -0.12654781208037474       0.98785907439768195       -9.0111599629769515E-002
  -2.8534680230569973E-002  0.83543669666184783       0.54884542258717262     
   5.3198398733463687E-002  0.59545589844227798       0.80162472727736378     
 -0.57331528908157370       0.74313973899094576       0.34504044348132890     
 -0.28304806006418382       0.78809712547585464       0.54661386417709279     
 -0.42017338626567902       0.88501411198656643       0.20051021684359263     
 -0.64050092038804407       0.72335898526584785       0.25789600504319976     
 -0.51467430762752453       0.66367785955490710       0.54280941020283691     
 -0.30720662438602020       0.84070450927594964      -0.44591481026810470     
 -0.46606767175105424      -0.18261338529590321      -0.86569814419307223     
 -0.66036501413679483       0.60102413293230217      -0.45020888456036845     
 -0.71851462364109919       0.31312128762458358      -0.62104089627835557     
 -0.58881944066420011       0.76480004770121768      -0.26148145886875640     
 -0.85208209604401941        9.2441250289034424E-002  0.51518027606483330     
 -0.76160168033716880      -0.11640501145611956       0.63750510101136515     
 -0.58626977282703685       0.12173861821441596       0.80091663879868602     
 -0.88363860616931478       -2.4697937979099804E-002  0.46751772752136300     
 -0.82761244309769955        3.7371880692073131E-002  0.56005444964163609     
 -0.90685098703359956       -5.4052874639233403E-002  0.41797078134652732     
 -0.58566340789819693      -0.48205925785044274       0.65162661438108072     
