 -0.38548240547035018      -0.62326549117774543       0.68039947279504354     
 -0.37668975507568647      -0.89512947704280099       0.23842828638843377     
 -0.58976217244103635      -0.65983896684956478      -0.46561047860259241     
 -0.64961463239303319      -0.26879103050264491      -0.71116257726500165     
 -0.81845618331774772      -0.42099399902574947      -0.39101602112095801     
 -0.46495733370147585      -0.50330415007756191      -0.72835404189990050     
  0.19019176827164183      -0.79299239962753221      -0.57878333201179533     
  0.98184917407344396      -0.18886645266827684       -1.7368431932341444E-002
  0.80209082956159428      -0.51561188849370454      -0.30132155843400221     
  0.43910047933549268      -0.23327873062614130      -0.86762422907890768     
  0.91782569037899897       0.29810267570925192      -0.26216559044863469     
  0.81598923675188073       0.37016646972035366      -0.44400264661357419     
  0.92008677821045215      -0.32956296505960553      -0.21172759060506435     
 -0.56811476282958950      -0.50655991211034579      -0.64856971228836557     
 -0.69862090614932892       0.42309059984682973      -0.57699495128839817     
 -0.50031781877283144       0.72830779249989752      -0.46824121946096509     
 -0.95413822905819956       0.10413320784064301      -0.28067154268734290     
 -0.53310509789218252       0.59859902049214975       0.59789477942795366     
 -0.15086285456315457       0.23597891135745794       0.95997622496996859     
  0.30565699176116867       0.40248343283836430       0.86289100683582476     
  0.16118828347120051       0.88346256656726652       0.43990025090466967     
 -0.28809636488422163       0.80046372452015013       0.52560280656394487     
  0.51734027005269445       0.80005493555664753       0.30376165833312957     
 -0.16283978937209581        7.7781764513321888E-002  0.98358182176497078     
 -0.39782379355818459       -4.6648705923571759E-002  0.91627513745307954     
