  0.32977465652731142       0.89585233977331524      -0.29782085426464688     
 -0.66430882144870218       0.72741073875834750      -0.17195175743335678     
 -0.72020376380108186       0.40238863758828952       0.56514593066441854     
 -0.63895803828604347       0.68577900290407590       0.34848211501524701     
  -1.8006737245255561E-002  0.98016608742773881       0.19735804637851478     
 -0.72565285996507400       0.66840392897264378       0.16329150179487370     
 -0.86766110551081554       0.47185645246336422      -0.15657488384929547     
 -0.85881012299237747       0.50852713516792281        6.2010688140991060E-002
 -0.56331578749116096       0.82611194851865555        1.4641450676797493E-002
 -0.88260579507015979       0.15939409470442131      -0.44226749041939367     
 -0.95602064001920473       0.29282807987726339        1.6620815041311843E-002
 -0.99169609105950907      -0.11313087725861846       -6.1157727132017808E-002
 -0.97125479916692370       -4.2316442547871091E-002 -0.23425079249660449     
 -0.87604664172092883       0.39468202960296750       0.27707106856899733     
 -0.38867383030749014       0.12567421580015731       0.91276428781867025     
 -0.55283461151423496       0.39448876437249836       0.73399762063359497     
 -0.90372645742812829      -0.19543555630342080       0.38089819306053457     
 -0.96241340101010620       -7.2669023677159553E-003  0.27149150573482744     
 -0.55190320708511320       -4.5950856343282588E-002  0.83264120052428525     
  -8.1193342326269957E-002  0.36855868682417120       0.92605190757771849     
  0.46682918675110135       0.43396599882041137       0.77054787149475645     
  0.17084841004363804       0.35038482171487634       0.92089157749290662     
  0.13622526736356325       0.12733052269660178       0.98246099898239925     
   2.8694451809468682E-002  0.70353441699182129       0.71008165202553775     
  0.24578208638129967       0.75077919049143604       0.61312459838032740     
  0.20039635623818872       0.40344074381716499       0.89279161433937582     
  0.41156629737624312       0.84342937512160310       0.34531155793859009     
 -0.15245929289680979       0.72447209249201128       0.67223236400045783     
   9.3242897177854001E-002  0.92473682816492719       0.36900888981347918     
  0.58005927759642573       0.80219799615489629      -0.14145532665606003     
  0.59189807882068102       0.71555325942789083       0.37099891807184882     
  0.28611224843468319       0.90035570901670681      -0.32787097849102670     
  0.59458000140175526       0.69364345081744883      -0.40661208180667296     
 -0.38543912812319286       0.55071435839659444      -0.74037178090974998     
  0.39705624818310614       0.40585710409203862      -0.82318062831723282     
  0.60015234479769264       0.64012408347047556      -0.47964395210917393     
  0.99007459695618305       -1.1675122209707244E-002 -0.14005707402149364     
  0.53495107750823423      -0.21554376721447796      -0.81692608544947520     
  0.38644888104539510       0.13661864184753789      -0.91213628863152962     
  0.68739733213146592       0.46323516669482617      -0.55937294188742737     
  -4.7750921880781741E-002  -4.7446465518153860E-002 -0.99773176874818204     
  0.49296950870684925      -0.33049085297320918      -0.80483343592720302     
  0.42404602763130239      -0.58504143554938015      -0.69131142413561564     
 -0.34446774270300989      -0.40553295971024239      -0.84669061222248942     
  0.48960177968951601       -5.8615623553099308E-002 -0.86997373868428507     
 -0.25092738853779878       0.26366654679558815      -0.93140506643589571     
 -0.55039279979503486       0.34522669619032953      -0.76018832809461412     
 -0.40792026990093211      -0.23946664783289795      -0.88105435585985392     
 -0.59735959967545338       0.48969134603707848      -0.63510935616786823     
 -0.52771232873688168       -1.0369052364774631E-002 -0.84935986534102859     
 -0.77165592854562182      -0.25688905969262255      -0.58185491228537090     
 -0.26921390598871853      -0.44063673029190353      -0.85636624451220655     
 -0.33998695551643243      -0.47145606905364346      -0.81371865225712048     
 -0.13004616439264249       0.15819304330867151      -0.97880690443800322     
  0.12774059132905130      -0.45798186692253690      -0.87973572787346022     
   4.3612753146536155E-002 -0.58048933711668671      -0.81309904517028675     
  -8.3275690550159640E-003 -0.81423594140415878      -0.58047436060459956     
   8.5857660708619388E-002 -0.99301827486186833       -8.0889850339819352E-002
  0.31983471437556155      -0.90613064076706085      -0.27682669189114112     
  0.39454463460271832      -0.91087266972701031      -0.12101863844313307     
  0.65434726854677794      -0.70568493596573478       0.27173226399609818     
  0.70697189230648672      -0.69616115083547003       0.12470122515854599     
  0.77150759404891567      -0.62282937095387814      -0.12984454937380657     
  0.94378461097486843      -0.32562515746919046       -5.6911026261950520E-002
  0.96061741457435679       -5.7519033922953822E-002  0.27185610817682271     
  0.96043252012948377      -0.27626916379143301        3.5280637971977072E-002
  0.88276833142024413        7.8183767423114836E-002 -0.46325734916247663     
  0.83991008532392131      -0.35139805339206165       0.41360664482507908     
  0.97182651519103935      -0.12408926526858952       0.20038732149701005     
  0.83122745000469689      -0.50328336539465823      -0.23614991102205801     
  0.28621963595747962      -0.95436899356734717        8.5194742265166837E-002
   8.6262769433788897E-002 -0.99443522088876135        6.0475830424741410E-002
 -0.61424278345639227      -0.34999200021647836       0.70725624971169010     
  0.25014241704601714      -0.18807998866941139       0.94976559690090268     
 -0.11040672891620820       -4.5370559744443761E-002  0.99285037468821602     
 -0.81840330630284730       -4.5365239889465600E-002  0.57285078619335628     
 -0.30126447762124076      -0.61534357306693066       0.72841746382744799     
 -0.63676354097232879      -0.71543804061559957       0.28754234979999105     
 -0.80635262212467662      -0.53849507584476064       0.24457821261019880     
 -0.60394478068461688      -0.64385256936021473       0.46979205060539903     
 -0.31522124547841063      -0.84313259596920254       0.43561794271272403     
 -0.51593844985152504      -0.82189529849995013       0.24144488867748565     
 -0.17239238151844805      -0.47535911894151017       0.86273667757523109     
 -0.55957093709311267      -0.52817665257650248       0.63867815841301001     
 -0.25204859757218773      -0.23298988310765997       0.93924822003099451     
 -0.95817570030560106      -0.27535936718656928        7.7952204885178469E-002
 -0.83848029764431142      -0.54356637898545634        3.8553626274475623E-002
 -0.36965304222944428      -0.76146328491247939       0.53247562770592238     
  -4.5255915375934250E-002 -0.53345178643130797       0.84461890440406284     
 -0.11966820557087779      -0.12244574699115483       0.98523426636472433     
  0.53079670676640112      -0.69142599346100286       0.49008667769324171     
  0.82621046798592868      -0.51271150021001743       0.23345916161688010     
  0.75706325532940022      -0.62948848410041391       0.17492705855578020     
  0.88782532696343996      -0.45898166895503861       -3.3196631839237802E-002
  0.96664903435107830       0.24528172136975113       -7.3664927543543465E-002
  0.88073888759575003       0.34948816114158521      -0.31962014501348640     
  0.70759508357108758       0.30140352696427947      -0.63911275346332064     
  0.37453313016348527       0.78247537118676447      -0.49745072911397009     
  0.25578036856900521       0.61235971793920085      -0.74805880711350647     
  0.25690284495345528       0.72705224393057244      -0.63670712486220626     
