 -0.46254798029971733       0.87880779334630943      -0.11724431020091167     
 -0.56609364931583539       0.76114052341031058       0.31654870687937087     
 -0.26673635909558291       0.77722826634508080       0.56988414325254078     
  0.15356531050188821       0.98791623167202214        2.0957447588989431E-002
 -0.20030598983537504       0.97938565598281224        2.6100714381414081E-002
 -0.38391872532719290       0.92332098386225547       -9.2072310055277551E-003
  0.26645179578551853       0.95462266856098310      -0.13303759315404529     
 -0.20641335095761221       0.73285255691883833      -0.64832141593811732     
  -5.1100301948463350E-002  0.81456316800246398      -0.57781969893263341     
 -0.48181699806196510       0.62742484313641911      -0.61171108098009308     
  0.12127816990740026       0.89783930061927331      -0.42329209272963864     
 -0.15498655025917629       0.78141667689084160      -0.60445607476116492     
   4.7693752867088254E-002  0.44217784959832185      -0.89565844788183424     
  -1.5519866138365611E-002  0.86935706152338965      -0.49394071844149462     
  0.18092411340338393       0.82186581523877500      -0.54018797370094829     
 -0.42308624313546922       0.90156435125016665       -9.0441978220451830E-002
 -0.23794658126619717       0.96673268048761507        9.3858131991747529E-002
 -0.17073573750820872       0.95667337772702898       0.23585028362475491     
  0.16897062646143782       0.84550038547217188       0.50653531521468087     
  0.81514284325556308       0.29934458107464856      -0.49591830664987141     
  0.86746763038154362       0.26570615905593864      -0.42059499198158345     
  0.40650647651010280      -0.62716053358941182      -0.66439607890413888     
   9.0893824944503682E-002 -0.57900876402057777      -0.81023895473763508     
  0.65858021350835760      -0.60066663883715654      -0.45328985358530510     
  0.88640404965152131      -0.30848841870679966       0.34514164669771413     
  0.77413727257228504       0.57333205849331137       0.26833157458303591     
  0.94136664248020385      -0.21816205725840576       0.25735998367731372     
  0.59972007209719880       0.38000872464313712       0.70422241111660089     
   7.3977329184935423E-002  0.62907351472099093       0.77381772262160375     
  0.22889723331307821      -0.31478225396785525       0.92115047042739162     
  0.29426588723239866      -0.57977188998076112       0.75978427411963623     
 -0.26438740819374923      -0.41801615034179201       0.86911552537169023     
 -0.41972972831318811      -0.45061572324316135       0.78789112517927606     
 -0.35029060932371880       0.10231854410013004       0.93103566234216029     
 -0.77551656080616305      -0.36551892052381230       0.51475235080042758     
 -0.54918783481596034      -0.77776072177915601       0.30574659727918346     
 -0.31657159887166736      -0.38273718871679674       0.86792549631926896     
  0.70090177273384635       0.10066934453031141       0.70611782873005746     
  0.37203810189923281      -0.54704653623731958       0.74988514982365329     
  0.54813418328498109      -0.51139999369676925       0.66183001107648032     
  0.35678458109228806      -0.89155582799277522       0.27898560584186716     
  0.78207735331732087      -0.62278234306086866       -2.2297233008631429E-002
  0.99598411175238688        2.0392422817164607E-002  -8.7176821624118467E-002
  0.97346566841051441       -1.0735878041800768E-002  0.22858113078028286     
  0.94458433231804917       -8.6006311394103432E-002  0.31680175747572847     
  0.65214567340762475      -0.74144136725810850       0.15802126304457226     
 -0.29192943410656425      -0.83359284904484576       0.46893514212900039     
  0.12634216741367826      -0.97069435311589214       0.20442634263267909     
  0.38554795917379520      -0.69791677037577771       0.60354366271645266     
  0.21812267734506452      -0.97493420000164388        4.3883975378440764E-002
  0.12333573825150188      -0.97854025431481007       0.16506746001401196     
  0.16325986620360378      -0.69498400370181990       0.70024527894570621     
  0.27028667513810445       0.62554385508562727       0.73187430519686836     
 -0.27118879349621849       0.62352433943781727       0.73326259717150788     
 -0.46479321445084354       0.44563443055171659       0.76509948510458869     
 -0.74964030462122999      -0.13764461955733753       0.64737421356916647     
 -0.74991679198523209      -0.45039941300867953       0.48452572053500986     
 -0.52032748654497596       0.25265951810514164       0.81573431621859815     
 -0.22248376445779650      -0.84021383576242903       0.49451156179207600     
 -0.48314447558676321      -0.67769712991508546       0.55434467239688678     
 -0.55689782619467065       -7.5746319544830590E-002  0.82711988626500899     
 -0.51491148639168394      -0.74130242753409248       0.43050769112055642     
 -0.86086267573309416      -0.37386415555032848       0.34516814268450352     
 -0.89997318173607688      -0.38443925639269694       0.20555955414436647     
 -0.96298841589288631      -0.12601769969686358       0.23827053997334519     
 -0.94733315885455238        8.3202542323602316E-002  0.30925268484769641     
 -0.20620663560017991        7.3472134956770990E-002  0.97574621127592365     
 -0.77216274462163970       -1.6596295164471305E-002  0.63520804371888839     
 -0.94025012552780818       -8.6518677728861168E-002  0.32930869992908784     
 -0.59156047322044825      -0.76135143682950723       0.26533035288258794     
 -0.32713562348785974      -0.88968537005520998      -0.31849996256656332     
  0.16454160078092037      -0.75733169775383591      -0.63196104404440212     
   9.5557002611571226E-002 -0.93677914804735696      -0.33662098424717146     
 -0.20027167735161930      -0.15939160656885384      -0.96668793879209969     
 -0.41399043503318722        3.9118295291877589E-002 -0.90944031067160380     
 -0.36919297126936768      -0.44323483145923154      -0.81684725264065794     
 -0.61570788795269560       -1.5879460771713157E-002 -0.78781447018851658     
 -0.32854602635662994      -0.69130826081641183      -0.64354517874989992     
 -0.28320309251525200       0.19344124087512873      -0.93934897387418970     
 -0.20225400564299617       0.70312729533984786      -0.68169298349727780     
  0.26319198185023290       0.93639191804804645      -0.23216407237999875     
 -0.21412358776909599       0.63176431561968449      -0.74499995883925829     
  -7.2439037026662628E-002  0.67156724743780061      -0.73739407244937327     
   4.5097471847893832E-002  0.98375419786440454      -0.17376390942046721     
  0.62729540142455120       0.75925011409402154      -0.17331977267415100     
  0.12093829750105603       -2.0425006189228240E-002 -0.99244987143922458     
  0.28995417097247117       -1.5577455811820205E-002 -0.95691374825847986     
  0.40737146009954683      -0.37841260681297201      -0.83117530792330818     
  0.52933916685791815      -0.16596254774675770      -0.83201951850639044     
  0.75746207885724781      -0.63011410342389063       0.17090177225412331     
  0.58147211517792186      -0.81012037245774471       -7.4800811489368818E-002
  0.78396541295578759      -0.52376731752541883      -0.33326570237771330     
  0.79167268279984693      -0.51158783736260904      -0.33396444117773544     
  0.81366271241235777      -0.33419494366330804      -0.47567502568419812     
 -0.10297227988573311      -0.86047374071603167      -0.49898061196133509     
  0.24390545677891773      -0.49991579730774482      -0.83102005015261116     
 -0.52450459475185995       0.19060479834188776      -0.82979801212901472     
 -0.48853496407433372       0.67646647491058121      -0.55111405099033939     
  -5.2075079846143006E-002  0.99695904029892402       -5.7972907683576554E-002
 -0.52501627106193360       0.84326620797675611      -0.11515214980524011     
