  0.76704356142244590      -0.59384507766531802       0.24288309659792567     
  0.80813135349041620      -0.45307220836070289       0.37636324145277189     
  0.87780796799672633      -0.46389347820395554       0.11939854354735818     
  0.58073826598463352      -0.65562542070300911      -0.48259545599715636     
  0.27517348255825658      -0.26851747582829560      -0.92313483287736131     
  -8.0409081320747450E-002  0.24397471682245192      -0.96644229894625489     
  0.31501936622389670      -0.20699313617179194      -0.92623789626727504     
   3.2851576424893010E-002 -0.80047476330645118      -0.59846547706268916     
  -2.5525641254616691E-002 -0.33088158661237721      -0.94332699382526575     
  0.18883203114274394        1.7237583367896790E-002 -0.98185810061030210     
 -0.27299616250542919       0.16836984346338704      -0.94716666488501022     
 -0.25389244712778380      -0.38846500365508868      -0.88579544265404830     
 -0.71375277081906818       0.40589798308627939      -0.57079226472909905     
 -0.74732393453398638       0.46528813480622355      -0.47435628854395717     
 -0.67622244272121035      -0.20564250540119564      -0.70741385901922971     
 -0.71968845455579411       0.45341127106941853      -0.52580105329519078     
 -0.76628276366332360       -6.2329155378374572E-002 -0.63947306628373668     
 -0.68047232675360880       0.36036080416917754      -0.63804192914031599     
 -0.55223946295409709       0.82733161534833755       0.10273253526177986     
   1.5827337238892621E-002  0.83856889794267775      -0.54456560559692779     
 -0.13185551390289729       0.87946075505337429       0.45734331062600947     
 -0.21443483803036584       0.94516699165650309       0.24632713638955375     
 -0.26999675313107457       0.96231292505225796       -3.2489807263416687E-002
 -0.48188229701141089       0.87342945245663961       -7.0074556069299132E-002
 -0.21902784880511311       0.96553574999348013       0.14059700186099811     
 -0.10166021078265010       0.99481300868606271       -3.5041821619856035E-003
 -0.63776007762075315       0.75314731144194014      -0.16134190609060392     
 -0.82800582697191949       0.30541094870093716       0.47024515193050431     
 -0.56390213384704113       0.50078304391667561       0.65668160197186265     
 -0.26552938121554859       0.46692625805395593       0.84348919213645990     
 -0.19692020233386709       0.36617821427720820       0.90947014755929523     
 -0.22074416808239677       0.33911941992030170       0.91447801028265374     
 -0.12165423104594586       0.49558393585806748       0.85999814568873378     
 -0.10093282529885859       0.31757166201360404       0.94284717969728893     
 -0.74691235836799130       0.54141668050868463       0.38599210741165890     
 -0.19891566443042843       0.68194470509659133      -0.70383519209749990     
 -0.43335479691221052       0.87571028725813338      -0.21292043768385016     
 -0.18044659338982946       0.61438964574145494       0.76809139439244944     
  0.82494044762390129       0.39078746506348988       0.40836064333300570     
  0.84074870814987912      -0.10535815282278146       0.53107557784004000     
  0.89893217020514338      -0.43613385927288384        4.1330499223093162E-002
  0.63009413274848103      -0.64427925875250569       0.43345774951809701     
  0.76524352440152521      -0.63524618966965740      -0.10423352086397242     
  0.79556380954325034      -0.57262829527761638       0.19792690669143068     
  0.85853358293849158      -0.51213208583363046        2.5314296878940837E-002
  0.86808303030246947      -0.46974584055715757       0.16053254430207181     
  0.80817421808207424      -0.56346530617127666      -0.17135134072640396     
  0.29669273228512971      -0.44830618799973687      -0.84320518523686083     
  0.49233710626130811       0.28817280690348585      -0.82131638675945240     
  0.60530363500032014       0.60271909084753350      -0.51993961859364024     
   9.3467250355239645E-002  0.93920527379257646      -0.33038965902586281     
  0.83147459578958038       0.50434106565248293      -0.23300233057429626     
  0.54933689661969476       0.32220417365324705      -0.77098212981408509     
  0.70182530982222069      -0.13080925564629114      -0.70023579823528248     
  0.81968742693023589       0.21810133365247578      -0.52966435635361164     
  0.64602374314139477       -4.9418225825739320E-003 -0.76330131775542231     
  -9.7906556246613929E-002  -8.5515441460505617E-002 -0.99151470766485839     
 -0.55057773376665753       0.41373528403955523      -0.72504294619082077     
 -0.63184059713884333       0.44199078567115330      -0.63672726122652012     
 -0.57618289402665346       0.66745300444418132      -0.47172000115484120     
 -0.90502427617327907       0.42406716705677033        3.3137552134904436E-002
 -0.99064349758910075       0.12916529636611332       -4.4065711149254769E-002
 -0.86368255051001952      -0.41301902088201481       0.28890784055505514     
 -0.84555818459977738      -0.53368166738646927        1.4670867456749712E-002
 -0.72422257716835836      -0.63913870116787075       0.25885010988806850     
 -0.69530570110660894      -0.69342997545958462      -0.18895727332591367     
 -0.75825538521187819      -0.42000736657475451      -0.49864073521938085     
 -0.89078058707219610      -0.28804815569448611      -0.35148002175989174     
 -0.77934793895652976      -0.55062050947179986      -0.29905491902529957     
 -0.79931798668999132      -0.60081891401788967       -1.0362852513836111E-002
 -0.87976937981448744      -0.38198642495975749      -0.28300567041544333     
  0.17143756429888196      -0.70972031085298215      -0.68330537968761262     
 -0.40365555025024813      -0.86978106792392684      -0.28380114628610753     
 -0.61974027950721366      -0.78001010336769727       -8.6638470673584905E-002
 -0.56830195937272210      -0.79939135017215235       0.19495217937507484     
 -0.47416272222313172      -0.59971056163852121       0.64460604644477149     
  0.31529016230176432      -0.73835500531773257       0.59617447083714947     
 -0.17316638947638863      -0.88680899068291485       0.42846611954699210     
  -2.1394160313665769E-002 -0.92411201600551884       0.38152230836305923     
   7.3238995513987437E-002 -0.90734719719547152      -0.41395303269524292     
  0.17775747380790977      -0.90577078235400987       0.38468372767668069     
  0.31306775002641263      -0.47183397231113700       0.82423375717480596     
  0.25930510426392228      -0.44765088816813181       0.85578592254427699     
  0.11036133376163464       0.14988134111016063       0.98252529717936155     
   4.2491170658440387E-003  -5.0750433109678333E-002  0.99870232729445008     
  -4.2724934529015671E-002  0.16829152339496295       0.98481091744703531     
  -6.6102404930723724E-002  0.20643200516196386       0.97622553711074167     
 -0.36795196239775929        9.6959104475868405E-002  0.92477580279053673     
   4.1817512850657761E-002  0.13337035971820035       0.99018364093112243     
 -0.11601908024393198       0.44514831171513619       0.88790909084012115     
 -0.10006713621824453       -2.2141716131605097E-002  0.99473429249011325     
  0.48785650264376818      -0.15683188388936065       0.85871985712681476     
  0.27283101877374505      -0.29303810390291313       0.91634704389539079     
  0.58467630814211113       0.73935483264130275       0.33392820507889487     
  0.92113746870521052       0.34088042504279797      -0.18789970614654769     
  0.90950260253497184       0.23975097023366748       0.33959459397064962     
  0.99173187150496722        6.1309197228943832E-002 -0.11273454384680462     
  0.80786820489964750      -0.41197074053522115       0.42146064164403735     
  0.92526609952911287      -0.34841839256663643      -0.14995755660656765     
  0.97415001115123978      -0.13123570577345134      -0.18387208951912656     
