 -0.62850562465002524      -0.76940946898522433      -0.11397257924236531     
 -0.30688519792625363      -0.89590792943526887      -0.32120158354025002     
 -0.66689434694419369      -0.37756700983294517       0.64241348296846557     
 -0.70491042791225411       0.33010677195146249       0.62779838143496147     
   8.2945490801066932E-002  0.55334076444968039       0.82881484298607899     
 -0.35744014621435727       0.90674737273755357       0.22370906085322292     
  0.59408709871045007       0.78732720849709170      -0.16485261874173218     
   9.6079334709050890E-002  0.99143232569170336       -8.8491270843034570E-002
 -0.16225699118347259       0.98511452202390493       -5.6763080516192929E-002
   6.9682533312301342E-004  0.97360773753048557      -0.22822683421372211     
  0.24767902752476376       0.92151813183747644       0.29909769644574463     
  0.51857263724495040       0.66468544469253177       0.53784354557316283     
  0.74522631029137743       0.65284473109481322      -0.13576267355665322     
 -0.19941359920249743       0.85372421111132546      -0.48102930037104008     
 -0.55361130914189416       0.69060860386301526      -0.46537541260852666     
 -0.78969814751270928       -9.1346184281859394E-002  0.60665699570031428     
 -0.38188329563730061      -0.89063405670893236       0.24685243677830954     
  0.10394166419462610      -0.99167713402083180        7.5977577644157621E-002
  0.44012603814090651      -0.86315641285131006       0.24748752999706006     
  0.52689461244825209      -0.55233870072105740      -0.64599073295116072     
  0.66074856858002706      -0.41190682441092025      -0.62749031635806696     
  0.50879203462642386      -0.75847487426320137      -0.40724259429992904     
  0.75957870477276201      -0.63848440958447839      -0.12400745934537069     
  0.51119777293708202      -0.85934992513674169       -1.3947871223529335E-002
 -0.40257447893276443      -0.87896493044949175      -0.25564514458899312     
