  0.26142779269267974       0.21009697684751832       0.94208002288944759     
  0.35071661023257789       0.50901636667845274       0.78606628076800333     
  0.31890044258318417       0.29954609725342823       0.89920778652127420     
  0.11893157554479747       0.40326575201835207       0.90732133976199558     
  0.25382636162282574       0.41396148706593883       0.87418994810709205     
   1.0772582653481050E-002  0.50253673997949344       0.86448873701959938     
   1.8868428262850314E-002  0.85559319370146192       0.51730481276191242     
   8.6368111676360826E-002  0.70589996069571004       0.70302616933885143     
 -0.14647856581350341       0.89517734545726779       0.42095314458656669     
  0.30167248552243586       0.92328988477676177      -0.23775933240913152     
  0.35831622958814890       0.86297248155031203      -0.35621338506665534     
  0.23005313117983883       0.90512686239933993      -0.35752051661057133     
 -0.30475009886168153       0.87987916005907940      -0.36460943616088487     
 -0.14930553212200426       0.94922096445464066      -0.27692493336209190     
 -0.41113447737583830       0.91139313033552805        1.8193501316167413E-002
 -0.49988110411072972        8.4663706513319337E-002 -0.86194601835179485     
 -0.72652947304069804       0.49944447688112714      -0.47192175126409136     
 -0.40065681561981226       0.90703451695614401      -0.12947007819384460     
  0.17098611481863929       0.98139664691267636        8.7317638354407173E-002
  -1.8965120529994221E-002  0.99852436713756154        5.0886269619798238E-002
  0.43711094394538025       0.87946018599241083      -0.18837145202335975     
  0.35690207738756097       0.79128305451345404      -0.49647964187499127     
  0.35137567347958354       0.47876799409397480      -0.80455972054163116     
  0.73975081542356358       0.64364548844373437      -0.19618668733181444     
  0.83555870680495059       0.16709173485473960      -0.52337558180117272     
  0.98457406454196472       0.16165654119200074       -6.6940825519222757E-002
  0.96629517142418808       0.23050176095943223       0.11464109157266913     
  0.96794943848205217       -4.3745059310836429E-002 -0.24730599331239689     
  0.83710991271584712      -0.41355429136048133       0.35807798330843860     
  0.71092540899181067      -0.69950522602173137       -7.2646415040088064E-002
  0.72681848383998793      -0.63543914692435688      -0.26067600983716677     
  0.66593765460199394      -0.65484537831929035      -0.35735776286117593     
  0.74790837220189843      -0.66340138903798040        2.3057836256974239E-002
  0.45930930901736883      -0.81777091086780973       0.34682228300451462     
  0.54123640561155673      -0.69660278194085479       0.47096466686259431     
  0.74036748012692299      -0.49384526347267776       0.45604040403913193     
  0.99003511620861784       -2.4990054934106665E-002  0.13858559026172945     
  0.58208760064547671      -0.61500106074837957      -0.53192830386546663     
  0.33152335567252683      -0.82944155619330351      -0.44957643343852549     
  -1.2146094879621067E-003 -0.90310393040220949      -0.42942032510803263     
 -0.52310027058975050      -0.82561017108648704      -0.21150402432927551     
  0.16362874439616282      -0.75788167508630533       0.63153859785111444     
 -0.21540774887541089      -0.65314126642007764       0.72595178064636567     
 -0.31649835166558138      -0.77891219592064542       0.54140981191616178     
 -0.25343173381389650      -0.48346807700515593       0.83787288702587248     
 -0.50979034987408700      -0.77232667708788794       0.37897929103540717     
 -0.20258223961712560      -0.97261126377245233       0.11396387925428662     
  0.11718340174611155      -0.98056998820753827       0.15732307072362051     
 -0.84903109006666333      -0.34404690161041895       0.40097124284979535     
 -0.64532836596258369      -0.71769976601896135       0.26164545847469478     
 -0.72377994603186213      -0.66260515977570866       0.19260579420346544     
 -0.95858559818955313       0.28412608576561066        1.9647349212301102E-002
 -0.81424741541925716      -0.17710403184240092      -0.55284293283738606     
 -0.50347938531772551      -0.74139446324907188      -0.44366965010435722     
 -0.54128894455492427      -0.82294423196604605      -0.17253715419134519     
 -0.71257024466977004      -0.51318368008506676       0.47842048127729858     
 -0.78932043839950894      -0.60701464328837351        9.2230517499643172E-002
 -0.45919252654478104      -0.83371244237302289      -0.30670146233396295     
 -0.91422010768695006      -0.17851492854950199      -0.36377742506345451     
 -0.32588289882029009      -0.33630499450028639      -0.88357189120671342     
 -0.50421442777338266      -0.36428543446006217      -0.78298399285384768     
 -0.47848476638374027      -0.41167987826292674      -0.77561073108362932     
 -0.81826439354484692      -0.27985652857254456      -0.50211921460142883     
 -0.19275840270096922      -0.22157778740260742      -0.95590139780098826     
 -0.22860410984102042       0.42099107005599351      -0.87778509892618140     
 -0.74839277968366136       0.30157145108614331      -0.59073082466306504     
  0.19418512511154784       0.17513905698784074      -0.96520383748862437     
  0.71699750821061603       0.43396687258629935      -0.54551565212871123     
  0.56685010474736053       0.65068521723764827      -0.50526201798304349     
  0.57955840263928127       0.10910237053958383      -0.80759440975825936     
  0.40457931202036640      -0.12694327587517668      -0.90564948241313825     
  0.44428504053521745      -0.20581520283773283      -0.87192368074129400     
  0.18417189136827011      -0.92556313976564231      -0.33077724942472114     
  0.16153015029689863      -0.83439273996907826      -0.52696941660015473     
  -6.8928259706562550E-002 -0.96413712017942155      -0.25629769508509204     
  0.28708363219641525      -0.86344411724265935      -0.41478578148720707     
   1.4245113674934983E-002 -0.99865376571511477        4.9877178743301241E-002
 -0.19347878835978030      -0.96587123976459754       0.17221703356643525     
   1.1352514292374227E-002 -0.88901172592384436       0.45774367454848869     
  0.55071526167177154      -0.51850004624692392       0.65411803415265823     
 -0.41793981395405144      -0.84112567302753560       0.34326944822700328     
  -3.1882000086463344E-002 -0.83976535935788477       0.54201261912711574     
 -0.62553801281956212      -0.23151218092102188       0.74505322266464413     
 -0.55257993160169794       0.40170353417786181       0.73026686205803437     
 -0.69928519357123109       0.64632532917200336       0.30539120308673828     
 -0.43849601548149647       0.89570748792037669        7.3684058589856882E-002
 -0.65104354057476310       0.75325719627222021        9.3519540952742897E-002
 -0.58968818165572212       0.28676873676124842       0.75500433113459176     
 -0.95293162102533069       0.23010504494769599       0.19741578948934929     
 -0.74880925514046359       0.62161775846289358      -0.22994795450185965     
 -0.27935210420652296       0.73681203277516327      -0.61568695798525996     
 -0.41900675680950172       0.89627408655007024      -0.14534820097559834     
   9.4325350181295509E-002  0.96550138143380715       0.24271343342012697     
 -0.22662316356393200       0.88352711846576415       0.40990458971797294     
  0.35244390943514575       0.87270420616152644       0.33789149034868027     
  0.18282039839073652       0.89943029513844774       0.39699098997260168     
  0.29183958870158416       0.85683035696848431       0.42505457748831538     
  0.82413906057435615       0.29534464929646881       0.48328702338009438     
  0.48622506960546369       0.24974486859992581       0.83738442921706369     
  -3.9364646064594680E-002  0.21837637824793624       0.97507034723836405     
