 -0.93996888569593229        1.6726953086252359E-002 -0.34084997134217720     
 -0.91461214395250268      -0.34728915701221252       0.20706247259290539     
 -0.22407433164059826      -0.51834776050122777       0.82529164122939924     
 -0.19163787725611420      -0.31162294260637857       0.93068043153494073     
 -0.37101221485841102       0.19454716312073661       0.90802056020086364     
  -2.1442154718880446E-002  0.32288052821363400       0.94619680748852175     
  -8.7118199554495582E-002 -0.28348512326600728       0.95501131102894832     
   4.2045800935097494E-002 -0.11197342622611818       0.99282128424149285     
  -3.1472267268972863E-002  0.11743122271648226       0.99258219021111171     
 -0.31347277189360068        3.3635348069368562E-002  0.94900130908315439     
 -0.41920689718281401      -0.16168491239273369       0.89337761694531315     
 -0.71773978748426570      -0.33882203018995577       0.60831671793562780     
 -0.45864758392880861      -0.41929790530107908       0.78347409680626867     
 -0.60123519339443221      -0.29977025624500941       0.74071184390071332     
 -0.32252624792611140      -0.62122654099614083       0.71418093236985936     
  0.33355346280848458      -0.70225908298553619       0.62894695150929436     
  0.15571303001764181      -0.91496089671652325       0.37229022249107530     
 -0.45890563974054233      -0.88803982144175586        2.8122754987107815E-002
 -0.83490125554909189      -0.52986506101014663       0.14893928495637257     
 -0.55389448104977868      -0.66352269900920935       0.50292994717172212     
 -0.20820376896659337      -0.32911193500698999       0.92105185783651333     
  0.28002455524501152       0.70308468337812080       0.65364988828802006     
  0.13961791677544350       0.99010158441859453        1.4341891335106036E-002
  0.49422170903070706       0.66465454629747489       0.56033850162994048     
  0.90767501321694821       0.12120364522839493       0.40179067530861262     
  0.42003549630036824        3.7329291816512039E-002  0.90673960199177583     
  0.42313568985114147       0.41870241221089821       0.80352005449956421     
  0.76905415647392728       0.38589160093218344       0.50955213348605222     
   9.7104731051016219E-002  0.90737274567636805       0.40895644219312766     
 -0.62418337503088717       0.70934636664551365       0.32744899826059237     
  0.15289839978562830       0.88818038737658112       0.43331014161057141     
 -0.40601211829417810       0.86167794914328222       0.30440971035511805     
 -0.54756106060048237       0.83492710696261918        5.5440156683635389E-002
 -0.30803401120623553       0.77902489509721007       0.54610920222881398     
 -0.60240320032858208       0.72743556768297823       0.32855422551472341     
 -0.73855757442162506       0.33148104620915669      -0.58707156741620070     
  -9.1427460366760790E-002  -5.4398817841636082E-002 -0.99432479005017382     
  0.23231399227512903       0.38392896691278072      -0.89366031430208082     
  0.39772188573016709       0.31857793197946715      -0.86042164249100117     
  0.67202301957991073       0.23135692600670990      -0.70346217662603405     
  0.99428160456458525        8.5178411807467207E-004 -0.10678654076372629     
  0.92931789071148840      -0.13678832062234450      -0.34301197259697003     
  0.69772289615169214      -0.69573371364285830      -0.17069668973465768     
  0.81531543285822228      -0.42029886387503723      -0.39825822021458246     
  0.37634761632884056      -0.61004703419171646      -0.69728407966728556     
  0.35722462392336835      -0.50207259960893702      -0.78759994463221050     
  -2.5804635035610868E-002  0.34326387549203136      -0.93888446179114193     
  -1.0095813207452307E-002  0.74955890858660701      -0.66186064780594955     
  0.35560717079450288       0.18218974250166664      -0.91670629855297481     
  0.25603311594806821       0.34826360662407307      -0.90175357156991143     
   4.3008504519249403E-002  0.80962059973144718      -0.58537573662518905     
   5.8582559430423758E-002  0.80637873700750684      -0.58849079536789795     
  0.29563946120096263       0.94548761267364145      -0.13656677217207780     
 -0.13181110128903500       0.87869671502677005      -0.45882231482146402     
 -0.17670053574745659       0.83434766790775583      -0.52215025588757191     
 -0.71330229252906929       0.59747109270771126      -0.36637157757045391     
 -0.65946595401409513        2.0542724289973866E-002 -0.75145369250208605     
 -0.71407008967327279      -0.18430962893725705      -0.67537683386019087     
 -0.77876812189547462        8.9830241245271197E-002 -0.62084679275746202     
 -0.65795381638754391      -0.41205707563024085      -0.63032193514437274     
 -0.10713948218379553      -0.36292384539158828      -0.92563892193640307     
 -0.28327164784032732      -0.71536738017017376      -0.63875400970820095     
 -0.49158955395210080       0.11892829957584913      -0.86266782135720865     
  0.20011389420755532      -0.10499823356242693      -0.97413027891235826     
 -0.12141860486390389      -0.30556534491912524      -0.94439787292080946     
  0.50604915507042258      -0.52476542764572887      -0.68449652928287730     
  0.24909788359728399      -0.93897600751997612      -0.23722205143956976     
  0.31023223195190819      -0.73632803733662799       0.60131271705339273     
  0.22174787708923346      -0.66074215056351082       0.71711065357803117     
  0.66437781843528299      -0.73673873801865752      -0.12577021218811452     
  0.39311996697614471      -0.88263700638096376      -0.25769867390329926     
  0.25937844988755115      -0.90439818139644834      -0.33880193213843085     
  0.59369089521843110      -0.58991747442477283      -0.54729196440569050     
  0.84046035688831255      -0.51495353587443371      -0.16866903802886982     
  0.83681328322935433      -0.53016142499360552       0.13664696286293920     
  0.95274645758422416      -0.24405413723010597       0.18086394240298312     
  0.93371916093086682      -0.20762452198582593       0.29165148101914451     
  0.95544928803280182      -0.10897938116539711      -0.27429938475757215     
  0.78697119725317199       0.61557723121404739        4.1725377226863217E-002
  0.61271534235873004       0.78109370763875319      -0.12030182511217566     
  0.76972579643781402       0.54358771145478180       0.33471569765027742     
  0.81233145944849106        4.4921871793955917E-002  0.58146334830736235     
  0.73569471078956217      -0.67566539984663665        4.7218216467355731E-002
  0.87489903090484289      -0.16433846550709358       0.45557058122376770     
  0.94127676074276190       -7.3208290328775294E-002  0.32960371040503261     
  0.76066913614861131      -0.15546842461077229      -0.63024759758364313     
  0.91544637165135623       0.33414893844079402      -0.22428202685283979     
  0.61690478581064179       0.77500269330197158      -0.13711057806976454     
  0.57403794178573453       0.80488232107835123      -0.15048219365066978     
 -0.58955897776957689       0.80430162549893602       -7.4290692223854468E-002
 -0.96441838875784691       -1.0578514565858508E-002  0.26416901115631214     
 -0.70719026046464883      -0.52957611011174366       0.46843471167587314     
 -0.90323479286311803       0.23597836178156062       0.35844263380963914     
 -0.96216830103805795       0.13316188115466265       0.23769744189799205     
 -0.94058102636149810      -0.16822450138917686       0.29497093073909131     
 -0.89285171007741870      -0.13814619918292073      -0.42863906898826321     
 -0.66175399084607733      -0.34786434869062238      -0.66413255492356804     
 -0.78660696337369373      -0.16967589589061688      -0.59368305982710023     
 -0.86757311007271010      -0.22632348955011336      -0.44282567310013876     
 -0.95695455985650280       0.26695863781177348      -0.11389054424092501     
