 -0.37638890640853528      -0.71900080818388368      -0.58426811393699618     
 -0.51390490093525620      -0.85176546403476427       0.10196738239431077     
 -0.53627900051278610      -0.47196726605750383       0.69975119391051321     
 -0.71868199306669966       0.43831335357258572       0.53979403194332765     
 -0.84753370989166843       0.52528799650128244       -7.5888940755248532E-002
 -0.77877844885066638       0.55011670291459880      -0.30145603457245768     
 -0.33599920376217518       0.66353139149665441       0.66845390833603968     
 -0.32471432416466139       0.71633263962844462       0.61759870230210256     
  0.33600635335021567       0.92255460602611439      -0.18971749895114401     
  0.22048244164257758       0.90899304693212502      -0.35372183076024033     
  0.74380530848630377      -0.16577983119376560      -0.64751116641874040     
  0.96232445655992460      -0.17429722184067661      -0.20869144391964634     
  0.85998532750457068        8.0571463488858255E-002  0.50391812405204284     
  0.25759583971571781       0.91169851764150489       0.32007842209595072     
  0.13884255416800342       0.97158987650946749      -0.19166600380974333     
 -0.15468157294139043       0.73006674255075132       0.66563966409289133     
 -0.88716772220920315      -0.11620599149689749       0.44657541379968563     
 -0.35302691504966305      -0.87949501863216539      -0.31915593281610782     
 -0.25485626138148049      -0.72508100597260150      -0.63977013122872051     
  0.12442530123620880      -0.98973464739624351       -7.0311251985097314E-002
  0.20220889665698169      -0.97845494692038193        4.1683077619050102E-002
  0.22440781927380016      -0.96591073915441095       0.12906422678252122     
  0.58049215755511774      -0.30519075983605171      -0.75490890518505116     
  0.94105620456909211      -0.13485032617221221      -0.31020736511772029     
  0.75204730422501120      -0.51770793629395362      -0.40792566100471500     
