  0.47088228498036905      -0.87939463619146740       -7.0249181698660110E-002
  0.15972619187058115      -0.88081545712854581       0.44570357202285260     
 -0.71799804680379387       -7.2989553007518082E-002  0.69220757720330972     
 -0.50133333733570540       0.84537434422482693       0.18441014885926216     
 -0.43714689507789839       0.75711314690659881       0.48547118854259641     
 -0.60960501042194482       0.58637547163300974       0.53342809968697180     
 -0.60647444771752912       0.74690232639780463       0.27262732637667120     
 -0.42884531945038035       0.83628318428763693       0.34164620247156136     
 -0.50844878769951218       0.79593490230461439      -0.32858402514459611     
   2.9309150424744985E-002  0.79009901480328748      -0.61227813982556134     
  0.74742398000814347       0.41104155141493603      -0.52192167718842741     
  -6.8311722767670488E-002  0.76784045192659023      -0.63698865682025818     
  0.15221015472104824       0.57457754663423333      -0.80417206598064761     
  0.75378715355252457       0.52775399750663421       0.39151072176243296     
  0.70199708309886721       0.66802316803594686       0.24687069953291452     
  0.48487032829957405      -0.22247593915311381       0.84581630466229918     
  -4.1955383959196707E-003 -0.77218516399586212       0.63538371867892141     
 -0.38612367930055375      -0.85480325874074425       0.34672740464174695     
 -0.20892657460555936      -0.97738994977039317        3.2535711324906125E-002
 -0.49027962885120602      -0.83861158389971024       0.23739523348783437     
 -0.35607372412599325      -0.93282010344955613       -5.5300611094282436E-002
   2.6311734212826399E-002 -0.99339753842266965       0.11166478092265582     
  0.56995756208182191      -0.33913479580475725      -0.74842231908208401     
  0.49325067971196801      -0.39093364327623875      -0.77709372248041164     
  0.57030922627306047      -0.48548734345841721      -0.66260804837361920     
