  0.57451348644573630      -0.30555578908836117      -0.75932200919415060     
   7.6017660223816494E-002 -0.94678804609284284      -0.31275183630137171     
  0.58994293186262881      -0.60779315722567073      -0.53155885391466384     
  0.64871429102237710      -0.60784590783650283      -0.45792261458660050     
  0.45891644151359329        9.4733466972310457E-002 -0.88341455158037585     
  0.94294438956777060      -0.28550332359949254      -0.17130011791113545     
  0.84273231472952681      -0.53316401586484929       -7.4420278805808038E-002
  0.72642778137584330      -0.68010369156398742        9.8801048407593378E-002
  0.64442636963231725      -0.63841902780091542       0.42087503972590307     
  0.76469137509892071      -0.63736129132025199       -9.4961493121677135E-002
  0.77684196545400808      -0.56877221161818292       0.27021238313690787     
  0.93769289895021268      -0.34738371332720103        7.5221654698565538E-003
  0.77755620222199129      -0.62592720169356497       -6.0178821574908621E-002
  0.84682819672965837      -0.34663226711335077      -0.40339568245016016     
  0.70491141095567467       0.24960694060984459      -0.66392490381358904     
  0.82110386796621859       0.57010988199288859       -2.7625359091832224E-002
  0.83469869511564032       0.16709622272298533      -0.52474464334943516     
  0.89738558862700413      -0.37948129895691013       0.22515116936521676     
  0.49015305435493117      -0.78486335026574039       0.37912993117950677     
  0.77027852985411338      -0.32599721305792284       0.54808466820761903     
  0.50358212035276151      -0.38305523131790964       0.77438603927301564     
  0.21329694936587640      -0.66803922739641031       0.71290111660086697     
  0.34958736249697359      -0.64135567085127310       0.68297260519678793     
  -4.0443823171221055E-002 -0.31766765859790025       0.94733919788435672     
 -0.11208613320706298      -0.71407564645730037       0.69103738674488657     
  -8.7450457985314700E-002 -0.88741799614306460       0.45259442939516425     
   4.3888919696229850E-002 -0.91347751586323378       0.40451525402660987     
  0.31805247411761106      -0.87060724553632818       0.37534736941572766     
  0.50303970693111566      -0.60166950559988530       0.62043924705150943     
  0.19236918533842098      -0.60948211069876124       0.76910704929183815     
   5.3693220140056702E-002 -0.53426044833070496       0.84361295121663649     
  -6.6520715355829346E-003 -0.64799475689943498       0.76161574627572914     
  -7.0821932511741945E-002 -0.92672586885205954       0.36900327623982315     
  0.29072120524310474      -0.20491875254725023       0.93460659406859525     
  0.30109652479137650      -0.43958321079267498       0.84623134162460556     
  0.35724946490231430      -0.10116035724082921       0.92851462129034912     
  0.23496513536245506       -4.6138373019863836E-002  0.97090814998084340     
 -0.51758125787111298       0.47427879181901422       0.71215817704445861     
 -0.66803434967541953       0.67555758729078530       0.31201290663635728     
 -0.33428696032304589       0.87812608135917425       0.34226716669118318     
 -0.61819948019651572       0.77004079407954262       0.15769140159874551     
 -0.72069347939317674       0.43039439523081013      -0.54347177784510503     
 -0.78774542481711773       0.52340903211288015       0.32480783670103391     
  0.12530972030997373       0.94667492330845515       0.29682328677989733     
 -0.26150181791116600       0.71994320279049084       0.64288302511806439     
 -0.85729749810490441       0.40332692304796069       0.31995061007564063     
 -0.19165974861471324       0.87620918532281589       0.44218096331354356     
 -0.56101778268125380       0.80491573863325572      -0.19331244454486390     
 -0.73047900470662464       0.65591653210038825      -0.19019444418874293     
 -0.76100116258447159       0.57159769554115625      -0.30684410536483875     
 -0.70467270557332484      -0.59655834639803584      -0.38412825639728626     
 -0.18619636769250589      -0.82742369713268182      -0.52981217245494250     
 -0.34488192027647580      -0.82080829735495353       0.45533526116444040     
 -0.56744867155334999      -0.74355802889814981       0.35372795028590676     
 -0.74608734480379846      -0.56094039671058438      -0.35874718850713616     
 -0.88690232588037865      -0.18459203135190039      -0.42347378467776386     
 -0.91025002311987535      -0.41400323550006152        6.7982649074997403E-003
 -0.94402187541905869       0.32978515604771502        8.0280496317289111E-003
 -0.39498436299134693       0.81577435419301170      -0.42249207807159694     
 -0.34260832395229956       0.82629243105871630      -0.44705744008309600     
 -0.63240730460931383       0.28860126026802646       0.71886738251811599     
 -0.11792645693149123       0.30406981945769551       0.94532264103346852     
  0.69786438929718675       0.46855882220295880       0.54169910862637105     
  0.72936306899378101       0.33987685928267558       0.59372824938024316     
  0.67965982476490205       0.69001019040803435       0.24889447509661919     
  0.41027066150075825       0.80502427704039892       0.42850192261802800     
  -4.1382574347638194E-002  0.32086507438291134       0.94622042177373045     
 -0.54013949746920320       0.58884413155571869       0.60125860659630181     
 -0.95158290330674700       0.29382842733013553        9.0304116334763845E-002
 -0.92410658698084480       0.31265180080728033      -0.21971769922012330     
 -0.87096662991491236       0.47156782477714093      -0.13798882639413318     
 -0.56549074779234987       -2.9362755993859780E-002 -0.82423178943894015     
 -0.26850767209984000       0.58267710100448533      -0.76706650688748990     
  0.39041795451824468       0.77748572278738926      -0.49304134882545292     
  0.10475713008388163       0.90869195242035183      -0.40410998416662419     
  0.54116228927765309       0.72380077255338748      -0.42808389167889760     
   2.7744225384979587E-002  0.98529164097115873      -0.16861387899641272     
 -0.48102540531699972       0.87668009859637297       -6.8237940115839259E-003
  -5.2288206547581061E-002  0.97508930696636453      -0.21556156173104271     
 -0.22138019873312695       0.94089933672128878      -0.25631864108248714     
  -1.7273537404413997E-002  0.60699959974726903      -0.79451438678745601     
 -0.62102562801713024      -0.18354991032217030      -0.76199514418840963     
 -0.44375090931325772       -3.7280740740732586E-002 -0.89537437804168285     
 -0.48172087105935968        9.6305192178276072E-002 -0.87101682667179858     
 -0.91545778657530918       -9.0368370034583048E-002 -0.39213594415203867     
 -0.68973500393198461      -0.42540294809171519      -0.58591633882821337     
  0.18428590630930189      -0.58421793865894223      -0.79039743476615332     
 -0.66211221299768452      -0.46590851095891922      -0.58697246682909743     
 -0.84354696553461728      -0.53693890114225751       -1.1186303122309088E-002
   9.1022700815010987E-002 -0.89353870296152138       0.43966288704666989     
   3.8981963789363520E-002 -0.94409871766382658      -0.32734999282825911     
 -0.16226209270039033      -0.87040870277510562      -0.46482222774513327     
 -0.45207092660140974      -0.64160945971564420      -0.61965246592362466     
 -0.37681892774336279       -9.7328900435509944E-002 -0.92115936777217766     
 -0.50960786300622707       0.23092636167221844      -0.82883824805995943     
  0.22230263207723686       0.50714932584545935      -0.83269508288817018     
  0.52182040408660790       0.68176150848680506      -0.51274234409183361     
  0.78024809309282683       0.46530222654245834      -0.41797936695451798     
  0.96543783269009154       0.12733484473439280      -0.22741070451322548     
  0.58435064693540295      -0.11931670871348454      -0.80268165822324755     
