 -0.15652469479794726      -0.91415709245691334       0.37392088766090464     
  0.91650064645105878       -8.3505811750970979E-002  0.39122032725637024     
  0.72274061563868297       0.67432957448663078      -0.15141211140088448     
 -0.21023622587411042       0.94011438717455587       0.26830145053209803     
 -0.69394559205205431       0.68545907687083374      -0.22042089104013049     
 -0.66140073250245945       0.65925829793750046      -0.35766963478297054     
 -0.33352688421499088       0.94266700195514286       -1.1778834015595260E-002
 -0.92806158279547557       0.30200296907574331       0.21793555287881775     
 -0.63788073158683589       0.76798272795667799       -5.7538698546624113E-002
  0.53379763879451192       0.50158316718776130      -0.68078954693156812     
  0.48275958084793674       0.44342872054535448      -0.75519147035372725     
  0.95741837736181967       0.28870406122466669        1.2538836687357030E-004
  0.67196274195898487       0.73087961854077588      -0.11950337493417970     
  0.86025520421010782       0.40240844406268650       0.31309491815816226     
  0.75730285635139238       0.52676202347220424       0.38602351533224888     
  0.41695562557910948      -0.28082426350642192       0.86445690426070210     
  0.18047139681068719      -0.98183180306257323        5.8620691126125488E-002
 -0.16320211267018725      -0.96653611076577650      -0.19792174465114698     
 -0.65014868859291852      -0.60489423187440727       0.45979305232461193     
 -0.98933216681571601      -0.13793158805140998       -4.6869400693216948E-002
 -0.78798756739445042      -0.19128831120507259      -0.58522164658195375     
 -0.40833478348427144      -0.33782594512673597      -0.84801906546733408     
 -0.19585279306969253      -0.93051436491139050      -0.30949103402254896     
   7.0476742347038296E-002 -0.95716245585685600      -0.28084348289792577     
   5.0250398115158315E-002 -0.79295320570663763       0.60720681077275362     
