  0.28611587285617363      -0.87118819880718634       0.39895968412713645     
  -9.7232723370021965E-002  -9.0871104821400928E-002  0.99110455544032383     
 -0.27340556893875945       -8.8814826591431417E-002  0.95778981068436075     
 -0.29700568682058759       0.94494685915684307      -0.13734283878620426     
 -0.16101839818118407       0.76399664715035154      -0.62480572867908302     
 -0.15888662299103037       0.71263753221154658      -0.68330285285367087     
 -0.68246035700770102       0.72952654333528499       -4.5153999625844210E-002
 -0.50592098344131142       0.69576979053623944       0.50985130880574503     
 -0.17880981301335455       0.97187920211086187       0.15322489117129734     
 -0.26385041526208775       0.27170130709364287      -0.92550600110945636     
  0.79689268274163294       0.32706420998529895      -0.50792819840950520     
  0.88360742256258895       0.26580249994443739      -0.38546978327177156     
  0.72895286460473985       0.68129264900592024       -6.6843455888009162E-002
  0.98675411400411783       0.15868581368559614        3.3691705668945075E-002
  0.95071821240817334      -0.24040229651386141       0.19581015404274094     
  0.21056072515554464      -0.15422169198426555       0.96533924127400261     
 -0.41981373397815719       0.13130356832612808       0.89806224823680680     
 -0.75414712590038357       0.41622728119042274       0.50795370152112895     
 -0.70628938675324249      -0.70702755511281745        3.5599697624017802E-002
 -0.97259304738898034      -0.19266500921283963      -0.13016511973502612     
  -7.2565004319755577E-003 -0.52139315152373522      -0.85328572280662840     
  0.11708151562186880      -0.66155487969406601      -0.74070038467160282     
  -6.8754258698526007E-003 -0.99917278559302936        4.0080831445553536E-002
  0.48786674887185305      -0.65016107689366909      -0.58247455690157357     
  0.67019812955003844      -0.73812277255976932       -7.7519286479489372E-002
