  0.84581025036835611      -0.19318117849114835       0.49727864688579826     
   9.6485247419300785E-003 -0.20745493075333543       0.97819699328734899     
 -0.57884195697054497      -0.18590535725663862       0.79396548224325647     
 -0.81510791018343320       0.53154504110604461      -0.23034531476020448     
  -5.4405513405212547E-002  0.77647480634868216      -0.62779528129550621     
 -0.13377279933848341       0.63037349478948479      -0.76467907989172756     
 -0.87537417376946935       0.43522220345334733      -0.21047966533289891     
 -0.85409258223222984       0.51749722887883143       -5.2177380909796761E-002
 -0.28804950425182707       0.76173008830145172      -0.58034020684121790     
  0.42091939109272836       0.72974855256563820       0.53878930597263031     
  0.74929233840217968       0.58307882405504952      -0.31397464316464135     
  0.69900155670462361       0.71487116807573547       -1.8868936868369879E-002
  0.87013604008266365        4.0125009796459193E-002 -0.49117538144547052     
  0.93735522322849796      -0.16719205648690794       0.30563377060450658     
  0.98514826017373625        1.8808870621763576E-002 -0.17067258673428645     
  0.82792159724885517       0.24033202153686223       0.50674090838701147     
 -0.38320749665022247      -0.58967802356565524       0.71093729894750890     
 -0.99501577233702898       -6.3645199337369791E-003  -9.9514349149037090E-002
 -0.96935425256317820       -9.6544865210601155E-002 -0.22590135466426073     
 -0.94986480737489032      -0.31246533552510958       -1.1057206059653133E-002
 -0.76435280546821116      -0.63545518110045240       0.10936864992067155     
   6.1769503894585784E-002 -0.81589537743315188      -0.57489065175199561     
  0.14676760669714498      -0.98653031940686586       -7.2230177317877522E-002
 -0.11662935553305893      -0.98066439717968168      -0.15714621704693982     
  0.65141221049013465      -0.75599767930337780        6.4262282189797890E-002
