   1.2453095016081848E-002 -0.89956818654326731       0.43660279223083220     
  0.44665521026334210      -0.51814011694982720       0.72940382666380710     
 -0.53991250214923436       0.40607698331592240       0.73728961313988950     
 -0.57625009888846435       0.80684465661125548       0.13014424162792249     
  -9.4879428704742197E-002  0.37622956696713328      -0.92165568785115892     
 -0.22114021534881842       0.64183935564316907      -0.73426102082505951     
 -0.38988296863191002       0.43476789299030066      -0.81176853227725065     
 -0.27314291401980489       0.84489128248495116      -0.45994746363220218     
 -0.14524873365179133       0.78633063489997013      -0.60048891579306418     
   1.2075724950705524E-002  0.83717593091458031       0.54680036353701034     
  0.44593524086032327       0.88471331696517841      -0.13573543289543319     
  0.76741751082858356       0.64113053655691377       -4.6903270572607510E-003
  0.79179415474468717       0.59923848417648140      -0.11821698521798259     
  0.98706005880484093      -0.10664047686166267      -0.11975077873191126     
  0.89637920995840192       0.44324573175668452        6.1264372854222000E-003
  0.41163724682328179        1.2940737141599046E-002  0.91125589948705643     
 -0.32325812421755734      -0.63076187503423686       0.70543861684107223     
 -0.91975184197453252      -0.33606953341527351      -0.20276542578677079     
 -0.90705144070854093      -0.31331304988574049      -0.28123409587006343     
 -0.77771726920560202      -0.57667837033307734      -0.25019573611347867     
 -0.30920422595519192      -0.92019201846080234      -0.24008206058030473     
  0.14580599928699148      -0.98931117115630518        2.0042947040585131E-003
  0.36850150660406972      -0.92937253864555092       -2.1756011630040435E-002
  0.41259621615509995      -0.90985432073902328        4.3925817545442961E-002
 -0.30760193375496725      -0.75104682776806853       0.58421717952290919     
