  0.28820638862029646      -0.84571363034702174      -0.44911639137721437     
  0.75116085480862327      -0.46525234476881672       0.46829224410647485     
  0.66765117805606300       0.36041097778744774       0.65141832299270119     
 -0.16400513452868956       0.97639525875736555       0.14055111000761611     
 -0.61817902424724169       0.78573149109501972        2.1925279526977509E-002
 -0.86970132578292791       0.49342469678675649       -1.2315540277733378E-002
 -0.40630618221813769       0.64166645940963341      -0.65052243709194846     
 -0.21835741872481601       0.57606941860675509      -0.78769541234788365     
  0.16533883202321289       0.38357106122028767      -0.90859028809442255     
 -0.19305909076229832       0.82691510835833448      -0.52814731945049143     
  0.52547633430639951       0.77466722678738009       0.35180294175212456     
  0.86468233599653521       0.45503437346371306       0.21276319414328881     
  0.91934062244457082       0.29001380678372390       0.26590376416675576     
  0.93989760003707168      -0.14526304167886503       0.30901642378157479     
  0.82975368258584492      -0.39859955917280437       0.39067533536487120     
  0.78310059610413052       0.23783417364947748       0.57462018953897720     
 -0.80875910316854094       0.58192424847762436        8.5281194150752526E-002
 -0.63785075617018672      -0.69686741938054597       0.32790579845286894     
 -0.29198427435264973      -0.90395902862749278       0.31241520144447499     
 -0.98460275345896342       -5.7520143066908808E-002 -0.16507226000327119     
 -0.44341904539851945      -0.86932614549981346      -0.21829247107562799     
   8.0045636250773336E-002 -0.75584600891141873       0.64983806208153772     
  0.22884495879333136      -0.95186141372867750       0.20393585729171643     
  0.16550393036817346      -0.98018521723717300       0.10883652393572955     
  0.10705430693535276      -0.82293079065531338      -0.55796441567360677     
