  0.61405232410749933      -0.72946850104325700      -0.30135601743429691     
 -0.69262579316129669      -0.28916034088567544       0.66079937038903436     
 -0.98228378616075740       0.17153919231791448       -7.5451103004394698E-002
 -0.25150784968901979       0.96710680209902689        3.8055681292157459E-002
  -2.9703797579974336E-002  0.91347886353472907      -0.40580050552536162     
 -0.44847138592014746       0.74255767026768660      -0.49747514745714100     
 -0.81060396964093229       0.39916868720758220      -0.42846885949315011     
 -0.18227711523306184       0.73023872690956892      -0.65842725868830720     
 -0.37689768042627658       0.20022732524656572      -0.90435455254776254     
  0.16446771284212211       0.86651183804936438      -0.47128293619945294     
  0.18641531254765378       0.98228620392941124        1.9056358983320497E-002
  0.59219238559041132       0.72204610447804729       0.35771161772692217     
  0.80540460500826117       0.19353693989854912       0.56023823068958822     
  0.73871102482927420       0.31397477335664187       0.59642758444871136     
  0.86212421008461870       0.41506413999620584       0.29062623087938733     
  0.94965324932247031      -0.26542750596641840       0.16645403307731746     
  0.33756876255691193      -0.87576275407188520       0.34508974068527276     
 -0.29327109347457259      -0.88994903885853627       0.34926032406643193     
 -0.61787708016895215      -0.39424474632271844       0.68029331453338693     
 -0.67020543295272694      -0.73935561499607927        6.4637080800513252E-002
 -0.82596548022219418      -0.55941886408797081        6.9509423705340329E-002
 -0.47196048005758706      -0.71556779884168287      -0.51499129169790836     
  0.14399261478870948      -0.98939727941105104       -1.8951263290466473E-002
  0.44008652477870930      -0.89488125553952191       -7.4238731078953499E-002
  0.59079188292468665      -0.66796348318573884      -0.45253699981399786     
