  0.60332620168907192      -0.79672561649930129        3.5011232043726082E-002
 -0.51374026592967437      -0.85580504911593691       -6.0569440068039909E-002
 -0.99744331503637162       -6.8379363767655743E-002   2.0762849032785094E-002
 -0.48156952328147368       0.71856999054827719       0.50174491819042266     
  -2.8206941766226644E-002  0.91234684085208562      -0.40844535794084647     
  0.27961045431352827       0.84691795378529189      -0.45226980155072816     
 -0.48707948602830087       0.35680205985195534      -0.79714858362530550     
  0.13569882545451423       0.41865997690054857      -0.89794746645440748     
 -0.79549591515629203       0.58889841188836978      -0.14277573128854082     
  -7.4132624224876514E-002  0.90205522058384113       0.42520669449452020     
  0.37951411732250878       0.83217670983602265       0.40429068547198432     
  0.90191550610973881       0.43018630330568985        3.8576732456209469E-002
  0.84755287456015704       0.49931695341342530      -0.17982409421086609     
  0.95831174821788034       0.27912935635792369        6.1036019257451515E-002
  0.96587528874130890      -0.12337232514252021      -0.22773712035545421     
  0.31655552359125028      -0.67108505548241082       0.67040096121054349     
  0.55661070705850180        9.3089905156035851E-002  0.82554151339946491     
 -0.72864612899993497       -2.9803955355182966E-002  0.68424158229282062     
 -0.78677230949936161      -0.13584159792965872       0.60210995115257371     
 -0.96871806072312128      -0.23617264141510513       -7.6208938293648873E-002
 -0.78097238897715293      -0.53642384856883363       0.31989307954677670     
 -0.35443434548393393      -0.90395188821580408      -0.23926403518384554     
 -0.11567830752425279      -0.98397406789714215      -0.13569658387099653     
  0.69556311603736132      -0.71770610925452416       -3.3013517642519807E-002
  0.88740988670139853      -0.41994017596386984      -0.19014189858107861     
