  0.25917884311132966      -0.80175584413799716       0.53852938051142130     
 -0.40500232195511265      -0.68542715026799839       0.60511382473584163     
 -0.53158974340925713       0.78780183790557223       0.31109581947473458     
 -0.42535091545630338       0.86859411876333026      -0.25420632480378902     
 -0.37178588633815968        1.9452195924645796E-002 -0.92811468407383135     
  0.20862159523839410       -3.7372729856777892E-002 -0.97728210311212360     
 -0.43620510072969682       0.38344304192174361      -0.81406175668632086     
 -0.52734819176533865       0.62951500577852826      -0.57062662235605299     
 -0.36350071824323926       0.44978266904160691      -0.81582031015807788     
   5.3590585153377134E-002  0.98502872369600081      -0.16384890196986335     
  -1.5629341212073215E-002  0.94534516582422945      -0.32569654764217815     
  0.56240898888237334       0.80711452028914998       0.17961703806355012     
  0.24603707187621218       0.96896823486269812       -2.3797459731110925E-002
  0.63237085178854369       0.77225525850643562        6.1064895950007608E-002
  0.62170102104009128       0.77120419222969283       0.13686465696091416     
  0.27250478087497426      -0.86350751301247586       0.42437709571945176     
  0.47438704237577223      -0.12993995676031936       0.87067361374001673     
  0.22875259023134789      -0.97128687173742989        6.5376335573028549E-002
 -0.67832371575423855      -0.71179428538713685       0.18227954338206856     
 -0.34484445657995239      -0.80606199720645477      -0.48098477878787510     
 -0.54848079355515045      -0.72982914608680671      -0.40806646103707322     
 -0.71622723266735500      -0.59423362456074869      -0.36593025377394167     
 -0.18844179150640544      -0.97917211563204787       -7.5575519730285284E-002
  0.35790178073333651      -0.71555468324338478       0.59990650157868086     
  0.56560432616548240      -0.79338355978263486       0.22502060636637683     
