  0.37328418295911969      -0.59273865318334606       0.71366645414711127     
 -0.16740053541322902       0.85051347946993694       0.49860192737622300     
  0.11229130969226554       0.92207401836815239       0.37036490980919873     
 -0.57009260088165825       0.72027559838843735      -0.39521827992411279     
 -0.33431174698544863       0.26078926527978707      -0.90566252817612758     
 -0.19506286118724386       -8.9699907178891897E-002 -0.97668029919598542     
 -0.16135091960642223        5.1213828517501850E-002 -0.98556736173169113     
 -0.40687286563960717       0.25748350193228903      -0.87644550169356683     
 -0.14493682050861356       0.78937369370913024      -0.59655887365860683     
  -1.7363768454680267E-002  0.48939188641599868      -0.87189109472182647     
  0.18970422820825078       0.79271650217222622      -0.57932102756911985     
 -0.20757549555310234       0.97820263037607225       -5.6592906988016667E-003
  0.55172374842041527       0.81376939683494642       0.18270269347719603     
  0.42976256692028525       0.51052875100997941       0.74475803484505831     
  0.73414986268938531       0.42724172537424127       0.52772008414724125     
  0.58049101397614322      -0.45429104771135487       0.67575870446650466     
  0.29246140657143677      -0.36711590512012859       0.88300183344888139     
 -0.22325224700260926      -0.92307732177175184       0.31318795034126412     
 -0.20740550936959620      -0.97786451299944488       -2.7639625530980479E-002
 -0.35714627233150681      -0.89504072201769236      -0.26711167344344700     
  0.49723123199351649      -0.76306727225852278      -0.41290366907809217     
  -3.9076750443942460E-002 -0.84761922275039014      -0.52916411518428896     
  -1.6132892960067979E-002 -0.99063658487313544      -0.13556875184059872     
 -0.32677908789897536      -0.76423146554740840       0.55602670329686543     
  0.13786880344224742      -0.83171068013361360       0.53781924248677804     
