 -0.99428736923345695      -0.10162205474815725        3.2643305156991750E-002
 -0.89059868680222198       0.39078491000006266      -0.23263949188046984     
 -0.93710258748324859       0.32405622032461978       0.12971625419014388     
 -0.93425361597914969      -0.14942576307262062       0.32379333279122674     
 -0.97005357834005390      -0.11905312300776785      -0.21171303467608185     
 -0.96486613255448572      -0.22471042126884821      -0.13615642776792639     
 -0.96773379733420095       -5.9512740696361900E-002  0.24484593358260290     
 -0.69575871804649769      -0.49980818097927304       0.51586004738541791     
 -0.83318183559453129      -0.12378501940368883       0.53896688006458837     
 -0.85793439744888922      -0.26434205559649510       0.44053586382612908     
 -0.68914368346645516      -0.17413304215098824       0.70339083528969326     
 -0.53019741489622985      -0.34425852086706199       0.77483983638412868     
  0.12173277412053364      -0.89059366951326135       0.43820548550631322     
  0.34825688294795049      -0.59532396303069812       0.72409013425180691     
  0.69131152176483279      -0.41031470157375977       0.59475223879160821     
   3.1253851787275355E-002 -0.59248817936407505       0.80497264180983619     
  0.40997643656235661      -0.39274621967813550       0.82320697785682306     
  0.50198020367673679      -0.49755709151235655       0.70742689785052848     
  0.91656956775814924      -0.33661757434744888       0.21584447201649268     
  0.89080467193371271      -0.16235505750887907       0.42439117776216395     
  0.40385373160088867      -0.35049652416855404       0.84501736669597305     
  0.36877299579483758        5.7602552309515803E-002  0.92773294839621301     
  0.51847142354178022       0.51227630985721184       0.68466076660608777     
  0.30555948738383343       0.27227333174883006       0.91241472614602104     
  0.11107843991726800       -4.0340036405392514E-003  0.99380345491458832     
  0.49708298518293409       0.21780824579560959       0.83992146889162511     
  0.61571363120248890       0.20293043572292530       0.76139080806688952     
  0.90295177782190594      -0.30012522482043608       0.30757590340393043     
  0.97901658513208434      -0.13597425648292930      -0.15178118332067267     
  0.78392682113771184       0.28665561301525255      -0.55071526093596512     
  0.98545935710421040      -0.11465579060765906       0.12539499661426221     
  0.91858238312323259      -0.37917141985968661       0.11151430301636794     
  0.70659147436852632      -0.56894135182899885       0.42075435414110318     
  0.64038562446423586      -0.65109248674533160       0.40741235337594350     
  0.49483709962549510      -0.59065999366867250       0.63738294353829883     
 -0.25088825524141417      -0.85607210243281695       0.45188011553748675     
  0.68798119936666902      -0.64383088497506058       0.33490843654680402     
  0.31185579771445704      -0.53323953970081051       0.78638511858474536     
  0.72132562166217196      -0.16421403346442773       0.67284700991163482     
  0.21845808957390733        5.5227648912153857E-002  0.97428228450247378     
  0.46623545030553121      -0.41931084612711267       0.77897555751035263     
  -4.3356612838976551E-002 -0.16692146839355759       0.98501646052869041     
 -0.36181202079938279        5.1038132097377564E-002  0.93085292644814865     
 -0.56021406662742179      -0.65057345147612622       0.51275177599614963     
 -0.38958548107697299      -0.50521209977672488       0.77005447026377005     
  0.42478138372801216      -0.87388931774683476       0.23638577868832622     
  0.30075767221767269      -0.80859560115934581      -0.50568564977459907     
  0.48275070749075411      -0.61756545269447283      -0.62093853645545338     
  0.22417672332837152      -0.92611319404045500      -0.30341250557935628     
 -0.53438571843903360      -0.41623261483199753      -0.73565094595094116     
  0.11807976794172018      -0.52443017789531765      -0.84322604141209556     
  -7.7271097362894142E-003 -0.53221085849924932      -0.84657657295168354     
 -0.13774652020635295      -0.40138550622691388      -0.90549189480745962     
 -0.17945237782107265      -0.22143462424920968      -0.95852154450381233     
  0.13460843051348248       -3.8805605605502481E-002 -0.99013872533513758     
  0.62735219414531607       0.13683191867773700      -0.76662001704366134     
  0.41150599570134783      -0.31595377701951710      -0.85488948191502723     
  0.53239822104576551      -0.60493280780331704      -0.59212197414932632     
  0.56914734136469558      -0.44822600934568957      -0.68932194826766913     
  0.59612867284726923      -0.60243110113431197      -0.53076112686918808     
  0.88976262822850039      -0.43585970443948741      -0.13545768141316714     
  0.93582215130379143       0.25869001030762290      -0.23940839520823998     
  0.86593520522882927      -0.27273324367121099      -0.41925266623109381     
  0.27395701491766822      -0.78535721881641563      -0.55512304296465753     
  0.46200796976198227      -0.29150809657365101      -0.83759874970561843     
  0.72384171841709033        5.8920061007558359E-002 -0.68744570192114463     
  0.23575945918584235       0.22591998397400345      -0.94518656266664280     
 -0.14782070840308292        6.7308297186349758E-002 -0.98672115174302666     
 -0.35149483710808560       0.41511515442533936      -0.83912501336379086     
   6.1825739732290740E-002  0.48293200316553753      -0.87347252860354851     
  0.28449200457746754       0.69012287672022343      -0.66542821878764813     
  0.33524709731056573       0.84251075060269442      -0.42164560813997248     
  0.46075762159591277       0.86796559392035733      -0.18530553664626623     
 -0.34394529718417427       0.40004060398344160      -0.84951112276971086     
 -0.17560677873220426       -6.8199214361964577E-002 -0.98209527359808979     
   2.3281946561790303E-002  0.50275236030974113      -0.86411689901730249     
 -0.34369858938552078       0.82604818087747123      -0.44667178388994516     
 -0.19293623932211240       0.90244713426433487      -0.38518148633381455     
 -0.31337795835367566       0.86870713622932128      -0.38359114520845722     
  0.18492337255837854       0.89798183957574407      -0.39928932126190808     
  -4.5238283920545852E-002  0.94460895546034740       0.32506525334467012     
   1.5341960442362485E-002  0.99398381278115155      -0.10844724145329421     
  0.11721946919303755       0.89463821203021632       0.43114042447615503     
 -0.38513132821844570       0.87676597643880849       0.28801958715336917     
 -0.82820056691580346       0.56023470924818042       -1.4862419518795932E-002
 -0.70642548779431424       0.68235115462961504       0.18804236748719935     
 -0.46729680348819908       0.75986805665115043      -0.45192281855524852     
 -0.81273286679499701       0.55620183658681011      -0.17350736067570124     
 -0.79053534062358444       0.32068800471149411      -0.52174043245594737     
 -0.97008930121874748       0.23097960801954909        7.4667049895248194E-002
 -0.32214552319578044       0.90346067366680027      -0.28280925200998858     
 -0.50965505797201749       0.84943221836023419      -0.13680872887048978     
 -0.82245507920868288       0.56035514934991726       -9.7825095353282154E-002
 -0.25784111048341279       0.93178053860009324      -0.25554449638135857     
 -0.73558183681951927       0.66800085166739942       0.11266864476354106     
 -0.81898828358004061       0.56760850493432746        8.4135465083622740E-002
 -0.61929555808995995       0.67150672948816059       0.40688047874303324     
 -0.86008223390957128       0.40774739054472869       0.30659519959889731     
 -0.99324865794688455        2.3820961435058772E-002  0.11353266174553978     
 -0.96673178559531092      -0.17750245611193174      -0.18418070689932173     
