 -0.73580352652020853       0.45291472558864998       0.50344952249988117     
 -0.90174378443673897       -5.3979546249741633E-002 -0.42888734630012498     
 -0.19056444792255284      -0.86115333971989227      -0.47127499050683719     
 -0.58105697839569126      -0.24828249879314773      -0.77506682850623321     
 -0.67346220238641152       0.16500688388423740      -0.72057018410954932     
 -0.47835033439197749       0.64649189927714756      -0.59433086892414266     
 -0.76091650326455385        2.0642507363968624E-002 -0.64852136583878028     
 -0.82098944142276375      -0.17188124647713338      -0.54445676980068558     
 -0.71928828711384873       0.30524396218530703      -0.62405967949404351     
  -5.2652228106002438E-002  0.99052305800275986      -0.12685351567975761     
  0.64136571938159559       0.57955553570317342      -0.50275778963426876     
  0.87775424832423954       0.43078108796208864       0.20970248878576458     
  0.65565633553108449       0.75476600981855779       -2.1048517775229258E-002
  0.44915839131619772       0.89307978890319051        2.5792056197132596E-002
   3.2929886375973043E-002  0.29318435068171045       0.95548864938238787     
  0.39522888396736222      -0.12601768174537792       0.90989761685884307     
  0.54495271723152472      -0.64619233473304338       0.53428644238295186     
  0.20863826786213174      -0.84497544447212058       0.49242925524649067     
   2.1759858997917554E-002 -0.98874525062987229      -0.14801803232462180     
  0.61472348389542886      -0.78871993718580358        5.9915801834022654E-003
  0.51315634164695656      -0.79817342589038420      -0.31557843910812855     
  0.73588559900464079      -0.16494233689565715       0.65670877158523266     
  0.69109544533561429      -0.13980900609312935       0.70911249266361542     
 -0.29417269789401757      -0.37363987877887883       0.87969066426776954     
 -0.15047802763830453       0.60162077191747132       0.78447996150027755     
