 -0.13423294930329976      -0.99089052427512680        1.0839013934691322E-002
 -0.70097717757047828      -0.56749272930006400      -0.43195254220443313     
 -0.84307545220012281       -9.3973462287017528E-003 -0.53771318728611173     
 -0.28147748492225660       -6.9402905446509788E-003 -0.95954273372737720     
 -0.28819992764811087       0.57970277535979453      -0.76215844412024236     
 -0.17292276247305682       0.75518663297322863      -0.63229017673633447     
 -0.66068646463287661       0.21398766634149108      -0.71951558294776718     
 -0.56987308035252349       0.34588965962399354      -0.74538917060467114     
 -0.28234450926879501       0.64147791051874781      -0.71329353593190525     
  0.14982559308559368       0.80179893903207178      -0.57850734915260738     
 -0.60845825044368551       0.79119793200492250        6.1517394760710636E-002
  0.80998048744699236       0.56585809240312046      -0.15406566527632087     
  0.84716403226213688       0.53108107423512685        1.6309354083967130E-002
  0.58707312745547113       0.42885884637492533       0.68660413114517382     
  0.17300560213278138       0.49890756544511361       0.84921157715393703     
 -0.36643775629733299       0.14374049279146381       0.91927256104585786     
 -0.11404058979237096      -0.72420060723185609       0.68009427608590278     
  0.31874631295453176      -0.90493873426474059      -0.28193381351870689     
  0.87477483299641523       0.35333272570937890      -0.33154935756062220     
  0.99481324360134060       -3.8716566047689804E-002  -9.4061883187930517E-002
  0.72333765115410287      -0.37979079426497753       0.57666419605732688     
  0.20701773658575620      -0.79551894520355915       0.56946752722269578     
 -0.23179865660967869       -4.3654268942281443E-002  0.97178376586411852     
 -0.23179292885938216      -0.58344496048527739       0.77837267180646175     
  -9.2317033875173204E-002 -0.79752208451823858       0.59618461063846506     
