 -0.89896878561881488      -0.12472945924038899       0.41987817814290740     
 -0.49638936936532996      -0.58712883259903914      -0.63943516318072524     
 -0.43689399802101120      -0.20665279201721562      -0.87545317295939973     
 -0.58696098561149401       0.10911377541249047      -0.80222876125530707     
   4.8717588397070424E-002  0.41118506309857727      -0.91024910901654088     
  0.20431038545774477       0.30239685418261197      -0.93102814617743357     
  0.23667986450787051       0.21325647626952038      -0.94789467614586609     
 -0.72982559159211702       0.51795926998754116      -0.44617575067587745     
 -0.40179548089092365       0.76395607312186165      -0.50490742703571900     
 -0.28436185936771413       0.77511101587922016      -0.56421737477642286     
 -0.32012347782550393       0.69321210256705545      -0.64573829048575493     
  0.35767635362328265       0.93260498199678155        4.8120407453987268E-002
  0.12899414782268276       0.71397114039337040       0.68819017757659728     
  0.21537027614335177       0.42097203932017485       0.88113460167249846     
 -0.15658393393217707      -0.32499882926421458       0.93266137081535971     
  0.28797096383206366      -0.95169782434822081      -0.10650809884915668     
  0.72296368763986862      -0.62388711416100762      -0.29679685836949293     
  0.96736763523770908      -0.25258157653826480       -2.0060047059424168E-002
  0.57865021935360605       0.75264096004214476       0.31415841371646835     
  -7.3077511398731768E-002  0.64513530274773678       0.76056565691356282     
  0.37042251165154122      -0.58651850269956063       0.72026606809763771     
  0.39193414035427626      -0.68159438683957652       0.61791319896368924     
 -0.18799355249578306      -0.57319973981397676       0.79755907774733859     
  0.22254843473139724      -0.76933120468071203       0.59883360936334740     
   4.9876277939408117E-002 -0.77676947413292841       0.62780692967991780     
