 -0.80057308761355506      -0.49140328979971493       0.34293663870005014     
 -0.14878309887536412      -0.70573051361391337      -0.69268176794489611     
  -1.7661811260626992E-002 -0.66006041332085152      -0.75100486762049168     
 -0.14902110430394874       0.41642045178227777      -0.89687608832518306     
  0.15668324796077721       0.63104067263536279      -0.75976182405302628     
  0.50819702283202817       0.26182275346562661      -0.82047829450410104     
 -0.19284001112857468       0.42857215994707548      -0.88268829935955229     
  0.19943060066669735       0.25433822879187895      -0.94632948854652021     
   1.5032081196312379E-002  0.66489029780806119      -0.74678974846712187     
 -0.66382824742123681       0.51464109708322536      -0.54265698108344729     
 -0.82337733097747801       0.55342044448236427       0.12560088559143084     
 -0.29514223025256930       0.77560169793906764       0.55797228432564561     
 -0.31190895175375788       0.39148028075412555       0.86571126572117874     
 -0.24115121196100714      -0.41194623347533738       0.87871860893873577     
   9.5518675808728248E-002 -0.30018793078861145       0.94908555398371586     
  0.39870604590652214      -0.81890047449296688       0.41283834830687632     
  0.64073635662710593      -0.76764587318627353       -1.3294159480587962E-002
  0.73697378332981878      -0.65579639049032146      -0.16370930610193235     
  0.90227051504157219       0.42585656892737433        6.7484075069681293E-002
  0.25725766336718836       0.89056392983594523       0.37511915642102067     
  0.21190164838679246      -0.47532437703312230       0.85391125300527271     
  0.26591812953185556      -0.76970573394255914       0.58037973045432012     
 -0.27048822629802133      -0.81976935262009065       0.50479137070572988     
 -0.42330041121894191        1.1600276211162910E-002  0.90591511492727772     
 -0.60120432443142346       0.16761933707635310       0.78131755267816683     
