 -0.81075118807803570       0.28544648236990389       0.51108004924148209     
 -0.52901968310488479       0.28169872048044725      -0.80048985363168057     
 -0.29329738684145518      -0.24260530772992295      -0.92472661232021258     
 -0.80436195954099066      -0.21117138843569680      -0.55534537249311833     
 -0.37109574824449809      -0.60044550742961222      -0.70834535238290197     
  0.55985532509742952       0.13792748520797099      -0.81703000176509422     
  0.53228380776154560       0.63616543972415873      -0.55854049208223466     
  0.74711070778363975       0.30842369310038736      -0.58881271712602479     
   6.9006377942711680E-002  0.51863562693539678      -0.85220608204619397     
 -0.24701258553835478       0.58771304522853773      -0.77044023717211840     
 -0.85716690838104526       0.51494846136411643        9.6422671201388324E-003
 -0.81420205681268276        4.4103431793792558E-002  0.57890404903231951     
 -0.37077761106285112       0.26034088348858159       0.89148560701726076     
  0.46407416878605257      -0.62831284018535560       0.62438621118963877     
  0.82224885131805370      -0.56863286746078923       -2.3737913755036907E-002
  0.81967764466266602      -0.12176344807542404      -0.55973406324165853     
  0.46304494432470977       0.80908319707463483       0.36190297007182348     
  0.77914433622915513       0.21358173526436613       0.58933602103000016     
  0.14715611124336597      -0.38617206813863347       0.91061309715666439     
  0.36692302085811190      -0.49570901414978086       0.78717219847694053     
  0.47870387435131778       -6.9728546707266179E-002  0.87520313668035432     
 -0.40928750102980682       0.18932199041774117       0.89254743596351638     
  0.35828036751019249      -0.87135928189521750       0.33521363354105271     
 -0.56230996689675294      -0.77814599732699374       0.27981477440006086     
 -0.87823253421138336      -0.29142816725092346       0.37917969247493033     
