 -0.84165416073336563      -0.20294492711150050      -0.50043144413585616     
 -0.27447363609156727      -0.50064667246946848      -0.82098546420500462     
 -0.32931372002262282      -0.56330326969196920      -0.75778750330100575     
 -0.63381105336031052      -0.77275511761067506        3.3661206823358103E-002
  0.15028363518227936      -0.46530397049434913      -0.87229985901557805     
  0.41594048150220536       0.17552915197607311      -0.89229089015538332     
 -0.26782998091533794       0.60020129201998329      -0.75367467144681022     
   5.3124678922775989E-002   7.7527131156830742E-002 -0.99557386085811328     
 -0.24776504075103395       0.74136970460035301      -0.62368537395260015     
 -0.53048617799748199       0.81870076417922555      -0.21980326131782679     
 -0.30906035253243874       0.95086834613163462        1.8195791200667374E-002
 -0.19513719721907966       0.74570044614075837      -0.63706539608344870     
 -0.92930102814592219       -1.1242946843525139E-002  0.36915199475721072     
  0.12052624476609873      -0.47585361007558480       0.87122716102094755     
  0.51191440479428263      -0.76351504378022572       0.39368568691962447     
  0.21755343837041824      -0.76488171597799715       0.60632207779012415     
  0.97417101797108874      -0.17985695164819654      -0.13653682539514647     
  0.97295117042536106       0.20811862186455063      -0.10026295029125351     
  0.94623189526477558       0.25435040285720456       0.19987764494810115     
  0.62247965507549707        4.6134315806512531E-003  0.78262238357086977     
  0.78831192486655843       0.30407942636809648       0.53488317563074605     
  0.24331837473146553       0.27135244420501725       0.93121641928286958     
 -0.21310679787124714      -0.53858771866759370       0.81517406852860952     
 -0.57688453657063299      -0.38790645431763321       0.71884129970697719     
 -0.79978812899859086        4.1896034382106651E-002  0.59881856268485301     
