 -0.95061132014076621       -7.6023806602070254E-002 -0.30092939180135975     
 -0.62007360376584164       0.17925795903176520      -0.76379009553449306     
 -0.72264303652553674      -0.19572164444014295      -0.66293293752744697     
   6.6397418497827904E-003 -0.43372224266017373      -0.90102215846781053     
  0.32517678227467939      -0.63304889021323252      -0.70250207321351177     
  0.65553986666717812       0.39370919270854321      -0.64440713433882280     
  0.20351590077551340       0.14698479639519074      -0.96797559254364407     
 -0.21735373533172389       0.52496044639062700      -0.82290575612440697     
 -0.39213233138204567       -1.7709610099570982E-003 -0.91990711399681602     
 -0.62862940669092404       0.42689247247308532      -0.65006760109177053     
 -0.54179614634563755       0.44393100302341082      -0.71371016551514010     
 -0.60058214098838125       0.79920874311998258        2.3800774071405351E-002
 -0.23750065091488759       0.81644148796827254       0.52632379533817442     
 -0.11281783857611367      -0.10738328628677886       0.98779601392457195     
   6.3182731836061518E-002 -0.91147731792424336       0.40646899181529961     
  0.45021594829146022      -0.76402514389444054       0.46213761954755056     
  0.74895429821614101      -0.33805255258569333      -0.56990168527024221     
  0.99527135950456569       -9.3104539906622569E-002   2.7685115110757021E-002
  0.63771349172044756       0.12955979776853516       0.75929952013673829     
  0.40113870740097934       -6.9890049874784310E-002  0.91334720580575512     
  0.84517954883523261      -0.26503149992553704       0.46414419556630754     
  0.54570547543338799        3.8855903392836899E-002  0.83707571512590895     
 -0.64069173048502548        3.9806039849706716E-002  0.76676566542821334     
 -0.38096647800351691       -8.3067677093409675E-002  0.92084977257960599     
 -0.54701140410480176      -0.14186916269220193       0.82501616011825751     
