 -0.94547054908209616      -0.29490062092433605      -0.13827170569867328     
 -0.67005160407766773      -0.26269151622794501      -0.69427949355774055     
  0.15084588312950337      -0.48490041674093592      -0.86146219034111993     
  0.38218393882822083      -0.18254672989125770      -0.90587644207570961     
  -3.4392522236530165E-003   6.9807316700429820E-002 -0.99755456496335326     
   8.2714273716670977E-002   2.8799300409217748E-003 -0.99656914207017544     
 -0.55687639057792171       0.37350683229099396      -0.74187689804230528     
 -0.19075554619986784       0.20036680896152440      -0.96097110438376043     
 -0.58851220093986467       0.40417426931493228      -0.70021178893862313     
 -0.46165987455892671       0.39106671793287662      -0.79620159654915346     
 -0.93857452274996034       0.34466897364570909        1.6767941158663660E-002
 -0.75498855081618610       0.50908548793617758      -0.41330890881914040     
 -0.24440297349814716       0.94209364644217874       0.22962305606920327     
   1.4406524166251239E-002  0.39583379857981738       0.91820915698076322     
 -0.10416650709512305      -0.77367558773168343       0.62496033773961757     
  0.24095154393699603      -0.63421647116010160       0.73465081581903835     
  0.75358612111285506      -0.60022862061237303       0.26801783721207906     
  0.82460947419295527      -0.53013453672751665       0.19742489214864006     
  0.94103701535980211       0.18523760861992206       0.28308366974354859     
  0.83046571897013488       -1.8451489326555964E-002  0.55676407225776992     
  0.84693501618255074      -0.47721973433684317       0.23444061833081217     
  0.28853143958783622       0.11731081981096461       0.95025669159688309     
  0.35445259233794801       0.21616170484671146       0.90974583106637674     
 -0.36208184494019430       0.32545408018624561       0.87348519120523049     
 -0.43911699474553234      -0.13898705997601951       0.88761414031370689     
