 -0.98719072523796803       0.15204631346413905        4.8336224160361749E-002
 -0.19020718319286731      -0.91325429924905421      -0.36026075607112529     
  -1.6913538823613572E-003 -0.71227118173153592      -0.70190234576953436     
  0.27363044136147796      -0.13563138964732019      -0.95222397979816165     
 -0.11270656374485696      -0.34674852170667031      -0.93116201231744000     
 -0.55298473868468301       0.15664925266480265      -0.81833299482631083     
 -0.18034563767996342       0.43676970233089890      -0.88131020537357252     
 -0.37279625499557217       0.48538765224202579      -0.79083612671161607     
 -0.69590816469353900       0.15119851226661118      -0.70203335832509051     
 -0.61476521316851340       0.76057272680211319      -0.20878903209377422     
 -0.80254137484433408      -0.37268596561751616      -0.46586748404961009     
 -0.89212248626015456       0.44117636428047108        9.7369836752847674E-002
 -0.38482751391382891       0.85168954560621890       0.35571435512218502     
  0.29525033339021056       0.83680615099528444       0.46106692170381519     
  0.49487751801606372       0.19784329048787727       0.84614081249586970     
  0.87771516699593488      -0.31740646726947225       0.35898359316379158     
  0.96859215021892242      -0.11421453558965111       0.22087165140487061     
  0.75069882399134180      -0.63346816882188506       0.18753494273719309     
  0.77738172134975292      -0.52562017380573811       0.34554463127026214     
  0.88004919100324375      -0.46739343655214471        8.4004743214394106E-002
  0.68384327784316612      -0.38173683626372695       0.62180009584115725     
  0.31874767072304250      -0.38145812134328028       0.86769212516300476     
  0.30351356245413535       0.57964112482467245       0.75623784870791355     
  0.11464916067610491       0.67075342212265376       0.73276559462560908     
 -0.43909257269001006        3.3116432576713067E-002  0.89783128398481793     
