  0.12240490240088366      -0.60276978189829367      -0.78847043692107588     
  0.23413299243319835       -1.1443365194882271E-002 -0.97213722860884522     
  0.55223588090631115      -0.42907333776183454      -0.71479479758986453     
  0.39207136096176148       0.26468314904360385      -0.88103511764626530     
 -0.44498984719784690       -1.0804283310303198E-002 -0.89547043689504724     
 -0.94025100579386811       -6.6371898698669232E-002 -0.33395032140541397     
 -0.72506735527473043       0.67459463311118772      -0.13856194027407204     
 -0.26038064075445622       0.91105273932545339       0.31966361708504099     
 -0.25578220980507599       0.69991251050021031       0.66685676032601859     
  0.11500143708015423       0.99294042828708751       -2.9051253717370579E-002
  0.52704399219508979       0.81379708496406111       0.24486513593212306     
 -0.10412083789611513       0.97632481694698092       0.18960143177006988     
 -0.58195532052096188       0.76494457453665476      -0.27602138106367136     
 -0.88769667767614169       0.34129367046344894      -0.30905216217384596     
 -0.75106616933522041       0.22531940373748016       0.62058905531719655     
  -7.7757346636937841E-002  0.20815240171879812       0.97500070394983862     
  0.45581759540301620      -0.19800396957818386       0.86776998551015749     
   5.8050623533658474E-002 -0.83234131805480316       0.55121507178790585     
 -0.18304461457302945      -0.78389142177573112       0.59330338608694222     
  0.32759107618733091      -0.61193913857802729       0.71987122284392724     
  0.56602087830981140      -0.82437609325728012       -4.9418805378261144E-003
  0.46113855597222053      -0.75994413329962807       0.45807875573895229     
  0.40334697392650054      -0.86992386225566010      -0.28380220665551670     
  0.90124368770364960      -0.40936163190246877       0.14206642707020750     
  0.61633687817396798      -0.78468728423998846        6.6292673462693338E-002
