 -0.98221130053259720      -0.15915847965202734        9.9647074522546855E-002
 -0.65267816077197571       -6.0343217868145727E-002 -0.75522838566132644     
 -0.22506598710147105      -0.20940452870499970      -0.95157503372453334     
   4.4317630842361656E-002 -0.38718585660999771      -0.92093596956449209     
   5.3125886301922345E-002 -0.25348177210311401      -0.96588023658013500     
  0.21685973773842349       -5.5273263172701703E-002 -0.97463671207597846     
 -0.34744492856481790       0.41507941022875805      -0.84082763086066725     
 -0.37568324667445024       0.55979237864522013      -0.73857605632653323     
 -0.44004691405517332       0.75088894908069759      -0.49246776501511064     
 -0.73462092832547543       0.21557080188859612      -0.64332054299494834     
 -0.65398885090563652        6.8828837946980526E-002 -0.75336656015382353     
 -0.51324867813107811       0.72274192335679011      -0.46283896402446767     
  -7.1689799736927157E-002  0.41819676463269512       0.90552307461734327     
 -0.18174163910055946       0.21965898557394484       0.95849877760677082     
  0.20410410001729912      -0.16484821724401233       0.96496973093852945     
  0.93609193104293331      -0.27695614623196230       0.21685753318856865     
  0.78883513160799046      -0.40130360383902469       0.46550462155257410     
  0.50260193924891394      -0.76277905261618784       0.40688992068268381     
  0.52039716494101718      -0.23824807861845665       0.82001502654277558     
  0.70745238220349749       0.18870070796171062       0.68110437506255339     
  0.40904843545389019      -0.15391807342705638       0.89943793789523263     
  0.41572370668346076      -0.23259682541942428       0.87924542450112897     
  0.60677928895769262      -0.13651427771730373       0.78305986135882522     
   6.6332892723884596E-004  0.33618384887255764       0.94179614553892566     
 -0.23700915822275415        7.3181439847851693E-003  0.97147985243499990     
