 -0.49873567082714937      -0.86093631540746918       0.10025662799628450     
 -0.72473596258123296       -9.8547723738826032E-002 -0.68194290867149143     
  -9.2230592986443510E-003 -0.38544127410946427      -0.92268627354589905     
 -0.46856988487145507      -0.30061762402495118      -0.83070530702357825     
  0.29293192451044203      -0.21130731111100662      -0.93249134466419836     
  0.41219512167719319      -0.31683047885072901      -0.85423277233828621     
 -0.57712559966410626       0.54204459125026649      -0.61083033921761254     
 -0.44599954087392379       0.35813566419519866      -0.82025804206462594     
 -0.43191435257090471       0.56487484143284317      -0.70311194383216691     
  -8.7195892889542603E-002  0.56474577549061911      -0.82064552964643900     
 -0.78477638651522041       0.54790297464999715      -0.28970390666646162     
 -0.49927919220703715       0.49694009629074137       0.70976815153094241     
 -0.38181287833957878      -0.92234082708017895       -5.9214226627699949E-002
  0.53697781323460414      -0.74695718093055830      -0.39205841140072495     
  0.95872198726368418      -0.19277690521381805       0.20901965446658052     
  0.35695996132526331       0.55058798065099668       0.75460748841586800     
  0.70994728389191675       0.61045445414939836       0.35116977874475441     
  0.84158470197982094      -0.15373854386067090       0.51778340020235747     
  0.63768068228902497       -1.1686706700406314E-002  0.77021215799407183     
  0.63710261323006179       0.15056694246527716       0.75592979571656560     
  0.42682068401132711      -0.23582305342115323       0.87304730179711698     
  0.74471027645012433       0.20253577559005392       0.63591340900763915     
   4.4156632581522158E-002  -5.0019350828561793E-004  0.99902449499774437     
  -1.1078809102524585E-002  -9.9317372775917817E-002  0.99499413036146500     
 -0.76905908026386027      -0.26074488979264210       0.58357538802685638     
