 -0.92768190321734878       0.22756659323370465      -0.29600630413392043     
 -0.97142880364962991      -0.18682327032244606      -0.14636647534819852     
 -0.63192159650123070      -0.73990100254009639      -0.23069807609832021     
  0.11758089813175218      -0.44197654209986020      -0.88928705637042516     
 -0.16169877847298492      -0.69109533755581398      -0.70444356725643031     
 -0.51639019092847949      -0.56035437037994351      -0.64756787312911090     
   8.7730179093871777E-004  0.31339489253271724      -0.94962248903235169     
   7.2623871976208870E-002  0.35337958299483802      -0.93265676620156190     
 -0.19179460388275732       0.73862153102058603      -0.64626083266296619     
  -1.9376117217907496E-002  0.54231178411794645      -0.83995386473803102     
 -0.86412846409392818       0.32520778437481318      -0.38408579057901082     
 -0.63421049964039200       0.75530425334594808      -0.16520450061490433     
 -0.84245336139418969       0.47707752030168082       0.25033851780828981     
  0.55819808495396994       0.21691086094003215       0.80085240610238539     
  0.45734870678182638      -0.87484804584250409       0.15960281040921298     
  0.42711370182160530      -0.54300038898633041       0.72299686256367635     
  0.55865880986787497      -0.22699831376840890       0.79772933987869599     
  0.86630978298751082       -8.7854748536424249E-002  0.49172035046326268     
  0.91235427356825882       0.36968317534703682       0.17590915089060530     
  0.77786058925222379       0.40370874646533722       0.48161411079366806     
  0.77993241232651345       0.33848596922236379       0.52643392827794500     
  0.71666284263777136      -0.32313257705876458       0.61804506925119507     
  0.48163598672262914      -0.82624885699850792       0.29212942782671369     
 -0.62440534685015847       -8.1879692597719239E-002  0.77679706408111837     
 -0.75317219702855376       0.22802922480122081       0.61703672034953061     
