 -0.78354053582208183       0.61299340475329200       0.10150524347340187     
 -0.21566052597593074       0.87682008797624889      -0.42974070188555286     
 -0.90568009238113945       0.29737589296649397      -0.30217734618405967     
   7.6657570896652760E-002 -0.39607851963707075      -0.91501116009933003     
 -0.35047458658524266      -0.82673514702077922      -0.44008699235314352     
 -0.15305531299716146      -0.53976946944217175      -0.82778197070331805     
 -0.41627618093641200      -0.35518720817678456      -0.83699234663920419     
 -0.70217834883607488       0.16166043097704783      -0.69340570482375830     
  -2.6136537185646007E-003  0.41571047842344733      -0.90949324733235570     
 -0.37407737204043762       0.52098822777691134      -0.76722707606365270     
   6.1319156038553962E-003  0.90802537853626331      -0.41887028009291311     
 -0.13330041630030565       0.94916983683460487       0.28514491027817879     
 -0.30240994280425237       0.90273468844686178       0.30597109139246897     
 -0.23188605914144567       0.13388070845757538       0.96348576091126148     
  0.60580532921267005      -0.23479915973776794       0.76017712257337866     
   5.6595661568743807E-002 -0.94036018661084042      -0.33543948862469997     
  0.59062852313475411      -0.73951519984833070       0.32291673362173390     
  0.89623511281414281      -0.43950077036431279        6.0014126738439741E-002
  0.85955048948560986       0.23659140396846573       0.45298726648026766     
  0.79692762030823694       0.32489569729798279       0.50926334431913955     
  0.90978028002212641      -0.12641285899934623       0.39537277493838346     
 -0.14217110953070067      -0.83302783453875473       0.53465129056094707     
   2.0754905511259081E-002 -0.74036664247534967       0.67188277891830384     
 -0.15399403585179533      -0.28137890287044831       0.94715983336578946     
 -0.41982475790644602      -0.37908998833331142       0.82464413742790565     
