 -0.79752609379933159       0.59531459122215180       -9.7737746992483887E-002
 -0.22480322758189472       0.73454082461978865      -0.64024470777635489     
 -0.78304337370573140       0.24159807962232049      -0.57312602699434745     
 -0.37462719224209878      -0.13555801479381413      -0.91721234807320029     
 -0.41655888782621370      -0.44350880074347399      -0.79358593525596066     
  -4.3598825532136148E-002 -0.76223732623693319      -0.64582768669623070     
 -0.52431503924306933      -0.21234771806208233      -0.82462245073572282     
 -0.18995329821495247       0.12523692075682696      -0.97377279597275135     
 -0.25920370626519157       -7.0486342232185251E-003 -0.96579695351245842     
  0.35855011799270164       0.31429139742639250      -0.87901236077268818     
   3.0976727824383054E-002  0.85564187818688808      -0.51664051198693584     
 -0.28497276886356787       0.93998671672296807      -0.18765791587518718     
  0.32006813238241677       0.89615889372285651       0.30733634317255493     
  0.38008641796736964       0.71790604313101869       0.58321970826841996     
 -0.33528990106139589       0.18718806055165210       0.92333163718846034     
 -0.10961452373689201      -0.19653326162212487       0.97435072395009792     
  0.23885744802686087      -0.62541271473106330       0.74283649329768642     
  0.68878075732888666      -0.72443254597937423       -2.7902592339558760E-002
  0.75283283763692521      -0.34525898326050630       0.56039178531938061     
  0.64920106464017413      -0.41216113820753519       0.63926612128403904     
  0.77160455503173053      -0.52810465797725403      -0.35458691582885499     
  0.41581858753574807      -0.74470857113974043       0.52201920111312261     
  -1.3400975597039297E-002 -0.35855746218272710       0.93341146348548498     
 -0.31263588391518266      -0.21992574435720366       0.92406248222591070     
 -0.93578341467558901       0.31065666463132785       0.16673883032516551     
