 -0.88414049021643470        9.1676343644231384E-004 -0.46722024046978489     
 -0.27116078967337359      -0.49528779749331531      -0.82532528362939717     
 -0.57091757263059095      -0.33552151922967960      -0.74931864743606191     
 -0.74017015212419679      -0.67223999205672902       -1.5541524507657764E-002
 -0.37651989963229604      -0.92367478111580226       -7.1117254668314159E-002
 -0.89243811957523977      -0.24666236202250960       0.37777226193897251     
 -0.82652866017903026      -0.45096307593582718      -0.33687190153700047     
 -0.52083826152345014      -0.78789270997045424      -0.32856138377574706     
 -0.38314303128147892      -0.82490583607362189      -0.41561012883721282     
  0.65815528955863378      -0.43373647697673617      -0.61538953790731710     
  0.85649693581486430      -0.29793856083281217      -0.42148026396096455     
  0.56023380780668508       0.76922224756120328      -0.30730313120323377     
  0.20092577857733557       0.82972917209667763      -0.52074785882883889     
  0.55384974104773588       0.75788209782063642       0.34476831371855504     
  0.77715609744384839        8.1461750625895807E-002  0.62401312757887151     
  0.92865926146919409       0.14333158595092346       0.34212283255615056     
  0.85750660741516316       0.49533882390884887      -0.13900312143231972     
  0.49254188956452666       0.66141119112521241      -0.56563037690575557     
  0.37515525979057995       0.32244213406764871       0.86907399065289648     
  0.77411590440401956      -0.19305568332630990       0.60288810710128260     
  0.65522331202144013       0.34571264697463494       0.67168830353480191     
  0.13212998641656948      -0.42244443540754439       0.89670639881891612     
   9.3408832251983265E-002  0.43845186490410504       0.89388743822667938     
 -0.91074323614943875       0.36592807038656322      -0.19142467215914866     
 -0.83233305312157224       0.42423025776035850       0.35672170817309234     
