 -0.98095069429175619       -9.8034102678909107E-002 -0.16770524762351691     
 -0.90957445276911864      -0.41493085031339255        2.2510093913129893E-002
 -0.95018825329034173      -0.30533107685650346       -6.2571693398119743E-002
 -0.75406071598347157      -0.60717179116436859      -0.25046926483054904     
  -5.2165462240642939E-002 -0.92517994777768919      -0.37592662685594669     
 -0.27825340944880683      -0.95105505599795526      -0.13442217298810355     
  -4.1666194243182422E-002 -0.99505304168219788       -9.0185212181902799E-002
 -0.13070114553613407      -0.90786601817081591      -0.39836729736035770     
 -0.85688769282304666      -0.51481744866175150       -2.6579624560235104E-002
  -1.4212834623016590E-002  -6.2704444671158432E-002 -0.99793093345704165     
  -3.9375225660538554E-002  0.35403482589792157      -0.93440298247361853     
  0.79395960276737521       0.53188540371022819      -0.29449289718680222     
  0.61713301118576891      -0.35528232658042008      -0.70208355266617173     
  0.99813193882319151       -5.9972703285903942E-002   1.1657939853382815E-002
  0.85049108393695794       0.21717577846642622       0.47906116247426106     
  0.59039464078222337       0.70508540325743263       0.39279605681433838     
   2.7170001721517317E-002  0.99759580605979314        6.3752637109008470E-002
  0.72544701233483355       0.51017906162079596      -0.46199995387250503     
  0.80637396645191783       0.25220841214242462       0.53493171814090434     
  0.26868481469722771       -7.9977043164782130E-003  0.96319494759720670     
  0.36659132738941091       0.43985981825501697       0.81983787358693483     
  0.51437122588608319       0.83846140379899348       0.18001310041188981     
  -7.1583169566931587E-002  0.99250955311274591        9.8998165713866715E-002
 -0.88568169667439323        5.9530539984986412E-002  0.46046068994550599     
 -0.65037127620082313      -0.27788663893895960       0.70696267156912107     
