 -0.43636767374194829      -0.85248472098703187      -0.28784206398075668     
 -0.29420124252728330      -0.90310246581938491       0.31281234810404046     
 -0.79277545273550076      -0.60447428158088379        7.8217162102115656E-002
 -0.80615424109880174      -0.57912540712129201      -0.12136351340095491     
 -0.53446354444692179      -0.79892209494813904       0.27581190304427827     
 -0.25170739201523507      -0.86359294543381637      -0.43686452522702784     
 -0.66639722475109975      -0.69774374444604415      -0.26280868693868870     
 -0.45656052941436187      -0.72537479903964242      -0.51515423311766984     
  0.40874835786495817      -0.71411497868358675      -0.56829972476009794     
  0.96995759761670242      -0.22790036705420430        8.5109820362735344E-002
  0.97822687772877293      -0.20744362962781224        6.2702644152543806E-003
  0.71395724285911566      -0.11394345653205383      -0.69085595031275182     
  0.32859058289287651       0.12986663667911061      -0.93550140861023978     
  0.27418129632390292       0.58000423181431371      -0.76708520245382417     
  0.31986287956312182       0.82954416534924547      -0.45775999826608416     
  0.67253433549989927       0.38049282466889500      -0.63476198527413386     
  0.41187459890302119       0.91015750842382581       -4.4414239137941951E-002
  0.85503564303358748       0.24206915022083000       0.45860285177211779     
  0.40888388336751869       0.62161693894789694       0.66813647642927620     
 -0.16402051871929896       0.81132052997751869       0.56112054594004612     
  -6.4425546617283766E-002  0.83755321962858087       0.54254396433181129     
 -0.48960852043690550       0.79954808329879601       0.34785968321845240     
 -0.29224031231254710       0.80512048376367829       0.51611685351635506     
 -0.73033400479199206       0.42812202330101967       0.53228166848873748     
 -0.43461094480248830      -0.38182051127270961       0.81567544025142735     
