 -0.98383459006694807      -0.17624654196816580       -3.1727840015681262E-002
 -0.88748732466668467       0.45806242358330096        5.0448633846367670E-002
 -0.67730527400547946       0.19401676438105556      -0.70965841145120379     
 -0.11864461478662876       0.12751007436228298      -0.98471551034715221     
   1.9016781430118854E-002 -0.77213851699810077      -0.63516964079843985     
   8.8504496952168610E-002 -0.34247646333834869      -0.93534850514582024     
  0.80061132539329727       0.10070473556180359      -0.59066069946073774     
  0.83882636134854083       0.29622673024204443      -0.45674944969519360     
  0.86377935711015774       0.29669054906434666      -0.40725905800391293     
  0.42194112319757465       0.38157860754339906      -0.82241318983829648     
   6.1210825263137689E-002  0.52327120770792734      -0.84996498636973805     
 -0.22565760254154543       0.90434611791164121      -0.36226612515298418     
 -0.56084614942597366       0.30776656127487467       0.76859048942536079     
 -0.61966170510888241      -0.35849489325174133       0.69821256271566234     
 -0.44092110534255008      -0.89740357448138186       -1.5981344483858274E-002
 -0.54013969617827706      -0.45012354559900331       0.71108220502963182     
  0.70160373716290669        8.0593539866312569E-002  0.70799496984854826     
  0.45344557242432920        7.6751047321701876E-002  0.88797319192854873     
  0.89022318583812632       0.37168796646124980       0.26334527712512040     
  0.84998712229675977       0.38516878800699078       0.35939796420529668     
  0.76734064173109351       0.20539138995627917       0.60745593789142327     
 -0.68755554670013952      -0.52101636171705645       0.50577595931893971     
 -0.48786716280821080      -0.74637139488042015       0.45267579166297939     
 -0.23234046681464193      -0.96457073877668831      -0.12498478857910050     
 -0.99139998486659342        2.3277977360447975E-002  0.12877967920640349     
