 -0.85606675833995038       -9.6573282009054309E-002 -0.50776304165163766     
 -0.33086945355684177       0.11896203159108752      -0.93614819325933429     
 -0.21488332210814495       0.14343089391298700      -0.96605006938101590     
 -0.43229978562746824       0.47383977840831903      -0.76719799253152110     
 -0.59930652307585874      -0.40464762571009188      -0.69071845958097400     
  -9.7885871184063222E-002 -0.27122915925176955      -0.95752446412304937     
  0.59499233518550654      -0.78356671844507764      -0.17890589374232829     
  0.86657699713279579      -0.48142402281653707      -0.13143522471329594     
  0.25235577066978876      -0.53487693623789334      -0.80636420313056678     
  0.54938532262338802       0.44858540241788536      -0.70494461060679503     
  0.31373160333455052       0.76860524735354441      -0.55751094591024408     
   7.8221404500834188E-002  0.99410402738987980        7.5090576007536186E-002
 -0.40506972827980692       0.56411648712459772       0.71950754282741436     
 -0.37846788740796317       0.23224139906364630       0.89600557518461166     
 -0.20040741886802108      -0.50883977692647897       0.83720902281331855     
  -7.6494222459073651E-003 -0.66758438649247975       0.74449484434127911     
  0.13034560317329222      -0.28388890941982525       0.94995637312552161     
  0.63939094631806337      -0.55089456168415418       0.53637151273468420     
  0.75255320780135149       0.46240500510932148       0.46887661562262650     
  0.93301537201454077      -0.12259071326296329       0.33831026086457872     
  0.70480070836257769       0.20149337014220378       0.68018849099374790     
 -0.61357932046439911       0.16319895061116957       0.77258431256262350     
 -0.80189342196080349      -0.12340705181637446       0.58458330405338110     
 -0.88728140716909631      -0.26007599008110449       0.38090967941938281     
 -0.92901671528715357      -0.36998229911341179        6.4063296668074353E-003
