  0.72581998919933111       0.33918950784504154      -0.59844450122505721     
  0.51532889357797274       0.52094646716752546      -0.68047844182557526     
  0.51775336871524480      -0.33113199958497425      -0.78884919220016103     
 -0.26730889230572819      -0.56186561434269866      -0.78284927509295976     
 -0.18213333780532531      -0.18779086398543998      -0.96517461563360563     
 -0.25008414074807106      -0.12788939682927991      -0.95974070702713787     
 -0.18251661670958175      -0.16529035177504586      -0.96920936037316352     
  0.31874540419243880      -0.19885964046845134      -0.92674495450417893     
 -0.43106103218613862      -0.55723295378923099      -0.70970262909331516     
 -0.13387127281072794      -0.86734611337928047      -0.47936332976344653     
   1.3960885761870410E-002 -0.99922233613033951        3.6875691816837163E-002
  0.30064261330953079      -0.94761053205834200       0.10792728382813305     
 -0.13670666881806207      -0.23483989643935904       0.96237285380512727     
  -4.1630689899770420E-003 -0.46566509850739968       0.88495123305675472     
  -6.8469666838187213E-002  0.25465649880444829       0.96460456786173665     
 -0.25104759056611631       0.74546978382503126       0.61745437780846069     
 -0.82117847901742347       0.52613259583749084       0.22102125960177274     
 -0.51021122902842719       0.74051965798302577       0.43739585950714777     
 -0.73964702664276671       0.43369639046558678       0.51461608687994942     
 -0.65639804627663245       0.54728035766200356       0.51925505771399783     
 -0.63688289723370273        7.7858022102689717E-002  0.76701910250362137     
 -0.67873307491164681        4.0629818972175893E-002  0.73326027495785806     
  0.33585549325694875       0.52280064951181349       0.78350530854561973     
  0.81394443866718269       0.36212017031341981       0.45427242158748116     
  0.81974031254681090       0.54055361553334014      -0.18928182353169920     
