 -0.54151842167578423       0.20677819694417712      -0.81486230508858037     
  -5.8815389282484073E-002 -0.17105027231476264      -0.98350523858522998     
 -0.44472017470045244      -0.52985415091593491      -0.72213471386683203     
 -0.66602844127694760      -0.13595566677260398      -0.73343177738806242     
 -0.73844932654926576      -0.61015974645766391      -0.28704995370433439     
 -0.23642141023519725      -0.61643471767397640      -0.75107466714609683     
  0.13974291580060622      -0.85041484354781016      -0.50721446288244743     
  0.68041333396258641        1.4124887999336672E-002 -0.73269242012246494     
   8.9904866008921044E-002  0.29379630460829775      -0.95163062501497864     
  0.30043105292269223       0.50594193614173955      -0.80855670159420323     
   7.2131242138923607E-002  0.99720090962847241        1.9683235091037907E-002
 -0.40761253680439657       0.67227812049276758       0.61797584786673077     
 -0.51342767574076020       0.65580405766110328       0.55345556256911166     
  0.64669050315214904        8.6167182872089798E-002  0.75786978415074679     
  0.84570211098959835        7.4686306119012245E-003  0.53360299757824647     
  0.60529270629962006      -0.48855073451216535       0.62844165958989096     
 -0.30845681914845885      -0.28974897302727626       0.90603527710042508     
   4.4522382509856392E-002 -0.27594054897242704       0.96014299502127520     
 -0.14724624975416267      -0.91389852869468069       0.37829620825883803     
  0.86142294515934559      -0.46693094869513035       0.19981491111446351     
  0.50732726659964333       0.25941329712504324       0.82178086241969273     
  0.21729628507003632       0.52618032538853055       0.82214146572763280     
 -0.49615514959895823       0.83606451553615135       0.23414993783409915     
 -0.76476609337898360       0.62368534098747708      -0.16170781630827083     
 -0.77422925572033929       0.40649977190473496      -0.48510513811760581     
