 -0.37098067299545234       0.92815017070279948        3.0176164239301285E-002
 -0.65044608949219740       0.31546658139800521      -0.69094190832902957     
 -0.65163199553998385      -0.25527246294070949      -0.71429105555980632     
 -0.15693967513072860      -0.35199102326696929      -0.92275254424429942     
 -0.11861498725225414      -0.95866607031032147      -0.25863072214050814     
 -0.13213583476375437      -0.92981988556092066      -0.34347503779281469     
  0.17260835518960047      -0.91542104603173013      -0.36360784397609841     
  0.18800252482596119      -0.16910738527888233      -0.96750077152589098     
  0.68612740020331553       0.19308800532531259      -0.70138877442521308     
  0.17966957724166610       0.53338492828298778      -0.82657084469169262     
 -0.37306773405502802       0.91665205273780526      -0.14342064014156708     
 -0.63969363008301650       0.68428177755266639       0.35007214762186584     
 -0.14206011434255950       0.50688317288067841       0.85022842399170340     
 -0.26833433055797262       0.60806659269373564       0.74716243608323285     
  0.37831993585382767       0.34944644075533471       0.85718213419258471     
  0.70987584896773570      -0.15612436014410655       0.68680525858639041     
   3.5813879155163937E-004 -0.99436687820452929       0.10599237362364788     
  -5.6207299561140428E-002 -0.97051199027086510       0.23440822557348540     
  0.13875659932976261      -0.93544841601161965       0.32508901415423985     
  0.57264550607189968      -0.77447907638127655       0.26881087147524446     
  0.57904441668185780       0.10919327644110467       0.80795073605364731     
  0.37937883994273697       0.40500068292904301       0.83189310769516100     
 -0.35510403042673083       0.83524146489948614       0.41984857137690956     
 -0.59401783423204402       0.79527437516331900      -0.12116716066191693     
 -0.48109498736157080       0.79587648179399928      -0.36759793098268490     
