 -0.22177291566925353       0.95489630550882509      -0.19745839967231807     
 -0.28177767658260611       0.48016257853026045      -0.83068961661915686     
 -0.36172875968264362      -0.32209168161797236      -0.87487670734277989     
   8.4600277236253407E-002 -0.87862517512665450      -0.46995807762522579     
  0.17161351852031101      -0.97153808665696950       0.16328670011976293     
  0.19797646313661985      -0.91815848126347421      -0.34320594885269323     
  0.13981349438979368      -0.97702178365464099      -0.16087455066246076     
  -5.4642356906035638E-002 -0.40266256318317439      -0.91371607901059426     
  -4.4546519794295601E-002  0.28456705440200114      -0.95762059247029041     
  0.30549583003939551       0.56580426287800512      -0.76585758071432597     
  -6.7089260434438386E-002  0.92821204633956811      -0.36595276766882434     
 -0.80242744768480834       0.55510950903708234       0.21900599119353892     
 -0.58992565930818142       0.52786356528001044       0.61102190872317075     
  0.13285745860820727       0.54512349329795085       0.82776160381283892     
  0.69820438586234523        7.2183822199245296E-002  0.71225004835048122     
  0.50228904890549086      -0.83372881428194112       0.22935120576450974     
  0.17619439050969410      -0.95268965376316384       0.24766501643455141     
  -6.0310956610195865E-002 -0.80322588376315174       0.59261350656700840     
   8.6878711812978626E-002 -0.99514564594903199        4.6230215037165012E-002
  0.73841321994597153      -0.65327152255437093      -0.16727891208558240     
  0.70180720743395197       0.57467881709046187       0.42096425119156439     
  0.37347703961493206       0.34279750487618493       0.86197724536737463     
 -0.32841967313199705       0.79543392572360561       0.50933818638286577     
 -0.60750280857829997       0.63323792816508262       0.47953108752475593     
 -0.71487816272064875       0.68017913469261060      -0.16218988006017618     
