 -0.11015874337495814       0.99167388295308223        6.6693036569082348E-002
 -0.32715701797592989       0.52395312106974146      -0.78641046058046427     
 -0.80919827430427405       0.35645775899846338      -0.46705033873529750     
 -0.56424874395215086      -0.82547899284712933       -1.4414829742268820E-002
  0.20637718679273304      -0.96311837627034802      -0.17265992604507080     
 -0.14478454429058246      -0.97665126377909306      -0.15871277419690749     
   6.0947927982073560E-005 -0.93405684217846474      -0.35712436470363723     
  0.33924405216617742      -0.41301958524608129      -0.84517944560490477     
  -9.0918453602692545E-002  0.44286674268476744      -0.89196574094426118     
  0.67549677644527617       0.33646131829416659      -0.65612337734893422     
  0.51810853916662136       0.76376467592021124      -0.38500267721033232     
  0.53850812278793703       0.77257001276803194      -0.33636970295051905     
  0.17566445348917178       0.88284365157181877       0.43557902458647568     
 -0.40827134511294189        6.4991586712299779E-002  0.91054412436536081     
  -5.8735976057548558E-002  0.39267823501349536       0.91779839227535354     
 -0.24550669688144505      -0.92410027361576652       0.29285686963022428     
 -0.63234779843734978      -0.71598659397657827      -0.29580307479341944     
 -0.41613663542438212      -0.84889527608286963       0.32589432474629038     
 -0.13573447197968269      -0.94108605919336341       0.30973082234141153     
  0.48319462577527394      -0.86389546916591864       0.14215333966006138     
  0.73109863874236902       -9.0526147047940264E-002  0.67623945250903406     
  0.22380365891689219        4.9421534028448622E-002  0.97338041598836633     
 -0.29210118889539244       0.88786780212594452       0.35548229406529430     
   2.2855236361379188E-002  0.90190547915710673       0.43132834921583429     
   1.1894088494522021E-002  0.92845687834055390      -0.37124972150962032     
