 -0.15112449305825090       0.97504398777294243       0.16263643351267312     
 -0.70868943813898533        4.3712252200960588E-002 -0.70416512216792648     
  -9.6119025775087408E-002 -0.17144736259765639      -0.98049320994198286     
 -0.53753406882531640      -0.68500181026941731      -0.49176177645249020     
 -0.14413030927302217      -0.89848530699789642      -0.41466927431117784     
 -0.45100397562923999      -0.81248598007568851      -0.36940756103127648     
  -7.2570508725929420E-002 -0.97796304950462343      -0.19575953378292596     
  0.16418496267912064      -0.63883094916562677      -0.75162378649041317     
  0.48920661895284773        7.6216786057504593E-002 -0.86883133316872763     
  0.86583491959206815       0.18910829991393985      -0.46321479134266369     
  0.29513080279810577       0.64191559318664015      -0.70770204215021404     
  0.31995564349857536       0.83660420769365162      -0.44465917944274569     
  -3.2677941815166860E-002  0.99870035922706879       -3.9111949561050199E-002
 -0.50664519139887287       0.12556873301837487       0.85296139614905986     
 -0.65322427308848163        5.0394291740372011E-003  0.75714770897203232     
  0.31621219797308647      -0.94617765148660549        6.8976065996179753E-002
  0.18723592975403974      -0.28854418948393412       0.93898080775071813     
  0.28210277796920691      -0.77789462699081546       0.56151399979061878     
  0.89119780899051748      -0.22737529340794890       0.39251361912440841     
  0.33131977344771352      -0.67644649399270274       0.65775933933890884     
  0.10632737493242150      -0.15852708059389192       0.98161278213884651     
 -0.16756591658342784       0.23141532732589290       0.95831550643731578     
  -9.1632229704681878E-002  0.99186307485434344        8.8380853242206195E-002
 -0.22134536828301835       0.97017899616180514        9.8787364303983896E-002
  -8.2929373438004633E-002  0.97087502563701789       0.22477634131614929     
