  0.60025692695510724       0.77623023218708675      -0.19276474854389641     
  0.44756661594673175       0.24425830719942712      -0.86024531597333576     
   2.0132790545277807E-002 -0.75194011629715851      -0.65892391992388100     
 -0.40112212768006594      -0.79929285845992237      -0.44747286521125806     
 -0.65023756752831063      -0.22613053144216938      -0.72529724149795727     
 -0.72505399496754297      -0.26724561294487703      -0.63472552079094435     
  -8.7755745937996552E-002 -0.34715371473176559      -0.93369332620665069     
  0.11032966522869231      -0.41617585416480235      -0.90256580002829057     
  0.49175918683473263      -0.44836280387575522      -0.74642059072903122     
  0.77898399454489931       0.40664521299700401      -0.47730871245920925     
  0.41215185757205763       0.88329569146846743      -0.22342687334593039     
  0.56879944989896447       0.80791002699815317      -0.15410572367853109     
   2.2990954756637830E-002  0.76984490348058554       0.63781677665640424     
  0.16616735242572059       0.39043871814023540       0.90550870695141772     
  -2.5547903498475022E-002  0.34034812869541881       0.93995236896362477     
  0.21078120560342728      -0.73238500069782753       0.64744381541350227     
  0.79015812080578440      -0.51487283865544597       0.33249978066089325     
  0.80975577112957897      -0.57713222487057436       0.10589611011863842     
  0.10641826696692305      -0.97427389816577947       0.19865931593712102     
 -0.95523298446776794      -0.13762735950640784       0.26189435904599984     
 -0.73622233557895356      -0.32163139409340591       0.59542415044085373     
 -0.89968244969861455      -0.18386340504266505       0.39593653278072405     
 -0.19041057779619430       0.87345818620928095       0.44812343032617064     
 -0.11823067680884625       0.92091684258751028       0.37139423272308808     
 -0.20074394561873291       0.80711976300709376       0.55521127191436714     
