 -0.44759442620371526       0.80708561734392781      -0.38506108074945467     
 -0.54588112546911616       -1.0790230826184816E-002 -0.83779315333517146     
 -0.43785381272269969        4.8186497218316894E-003 -0.89903326929487504     
  0.25369036171462500      -0.62376821808835037      -0.73929318303090963     
 -0.11876465650214976      -0.39850835839780918      -0.90944271103407281     
  -9.9918928370367727E-002 -0.77612938749069360      -0.62260692385055194     
 -0.43026748037427442      -0.67937271123684462      -0.59440946708401787     
  0.23308051670971947      -0.71987042170828841      -0.65380428927917533     
  0.49780521736949690      -0.29657490278626125      -0.81500508746693701     
  0.60739394269810432       0.75337347153965506      -0.25199406888638309     
  0.17650580414228761       0.97118464432498286      -0.16014395939727963     
  0.35651027049553130       0.89704784970074014       0.26116198494131937     
  0.56987160660137692       0.63724917503415468       0.51880616891848441     
  0.17670307029498078       0.13342386984718296       0.97517900710757877     
   8.9021651293481829E-002  0.49016236314981487       0.86707323990095719     
 -0.82082785577286188      -0.46388169316990363       0.33324976508489057     
 -0.27568182729342594      -0.86544527597561083       0.41833479940311796     
  0.46488980937801239      -0.88431394825048337        4.3200764647167038E-002
  0.38478795651142145      -0.89752922164391535       0.21535906022043089     
  0.10363393713748903      -0.71478993241800692       0.69161792890819496     
  0.48641553598682219      -0.21186298798804445       0.84765205165293878     
 -0.29259874420128207      -0.14840502465799943       0.94464910075016451     
 -0.42041699446045855       0.90277637840718750        9.0798465619288532E-002
 -0.34854638417356165       0.74889610728307243       0.56362224811995609     
 -0.70790022099913508       0.64014641442630060       0.29847922072817989     
