 -0.39337322182281170       0.75261042427500613      -0.52804834781044252     
 -0.40964301165981631       0.10212120263858032      -0.90651192103023526     
 -0.66955459727745859      -0.33345353814605772      -0.66370579262386431     
 -0.41234111435895782      -0.18593401426162032      -0.89185388251089659     
   2.5648641427387098E-003 -0.18360217060118780      -0.98299728607074766     
  0.29992367139473358      -0.37309587731700988      -0.87797793689031067     
  0.40279862390960197      -0.45862265760956666      -0.79209754860352077     
   7.7484375830430580E-002 -0.16564746562945096      -0.98313635302164304     
  0.61967811340407242       0.26379346800704778      -0.73919688987762133     
  0.56994420211970387       0.72878102010688628       0.37952843266621772     
  0.56514614777191552       0.66100671589457782       0.49363949720502520     
  0.73991401870164653       0.39953592842034191       0.54120078236278191     
  0.40659878890544882       0.22582660271734845       0.88525689512467809     
  0.10159486368337370       0.34790907062971704       0.93200738315032849     
  0.57393630856950573       0.24376340237490959       0.78177779283386617     
 -0.36357967490736876      -0.70822058586537351       0.60517222486722388     
 -0.78568936932506972      -0.57038418073061958       0.23948716312534687     
 -0.80331633584773443      -0.17033449251650018       0.57067418481941201     
 -0.89852988494087616      -0.36960545290964597      -0.23671893681660738     
 -0.59018209049843862      -0.77403874795885008       0.22923594114625051     
  0.10221358720624754      -0.64756307328479279       0.75512545229808870     
   6.0801868748060602E-002  -6.2074667040722190E-002  0.99621778164643016     
  0.38384782764717879       0.48229232407422218       0.78743568584971368     
  -8.9745347208330245E-003  0.69700582532474353       0.71700930062999702     
 -0.61508437851290976       0.77931304772742094       0.11975967998940565     
