 -0.64994700304104036       0.29638189598051212      -0.69980473345995908     
 -0.68241000840802657      -0.26898443842328262      -0.67967930107563646     
  -9.1491901677701326E-003 -0.19849321913542123      -0.98005955649465715     
 -0.56403434986584666      -0.12441731413212162      -0.81632443557420320     
  -8.0760611047180644E-002 -0.64244623659007305      -0.76206335484297383     
  -3.2479642734496834E-002  -1.0467247482261152E-002 -0.99941758516547863     
  0.55945554650462159      -0.16730855618566046      -0.81179882884389643     
  0.48518933346794568       0.27702245142415688      -0.82936715156549912     
  0.58295135980041357       0.36795518788220472      -0.72441472363376458     
  0.99788581072937332        5.7922818257366185E-002   2.9476361208298746E-002
  0.80817870602420694       0.53769998301382194       0.24026216388764943     
  0.52779534158065389       0.49668644008826612       0.68900991113206445     
  0.14352269410672469       0.62781035176654998       0.76501986803685584     
 -0.33956600673670134       0.49465949199323395       0.80000432126950860     
 -0.28703333605468012       0.16058424871285462       0.94436463458699338     
   6.3982672735606330E-002 -0.82848991317513565       0.55633684163162589     
 -0.41360646277830615      -0.86135866588224430       0.29494227004207418     
   9.7979468701858544E-002 -0.96195926190104475       0.25501843493301413     
 -0.63324699448447974      -0.77375352633605554       -1.7427692299540852E-002
 -0.58912398349083217      -0.46160970135018320       0.66321144116737918     
 -0.25508646276269009       0.10337414804033440       0.96137645177743147     
 -0.39421136398369372       0.41849900856410965       0.81820289680309910     
  0.63134224897614044      -0.27182808446061463       0.72630328180189740     
  0.72743838361757962       0.28306662785941561       0.62506534237001432     
 -0.13787654069383962       0.92227529485391224      -0.36110710326495588     
