  0.28212606187323191       0.69372451845645833      -0.66268482531612183     
  0.15715122424368175       0.81142800967433670      -0.56292812848059048     
  -6.6430899207724201E-002  0.99376070372391090       -8.9591290673911694E-002
   1.9533270012531100E-003  0.83544760950822983      -0.54956662587953364     
  0.39231520244971396       0.82472245632255026      -0.40733481555612361     
  0.45957149081596133       0.70421373993454739      -0.54118116496844237     
 -0.11486326741086884       0.95635125481837480      -0.26869817120148992     
  0.41283457114063904       0.46467634350936265      -0.78335401489613421     
  0.41709543647669622        4.7161844354920296E-002 -0.90763823041306735     
 -0.68111096848886543       0.17962163664481531      -0.70980554819838326     
 -0.97334367564993840       -4.2471074398766446E-003 -0.22931212604366652     
 -0.88663059921075194       0.45740249384857634        6.8331099539605311E-002
 -0.84879739680010102       0.51982694831306064       -9.6555284645174322E-002
 -0.69177809940584156      -0.65600888302228744      -0.30182015601727452     
 -0.61537164241059983      -0.68238437621852643      -0.39454949602011435     
 -0.15577028858471229      -0.65197836565706302      -0.74206457125332403     
  0.22982258773307090      -0.46262765137147782      -0.85624601275228507     
  -1.6987914904814730E-003 -0.95535120906820603      -0.29546773333037080     
  0.17058977436538172      -0.66022193082935454      -0.73144113292453150     
 -0.40285764833070925      -0.73627689676017305      -0.54369297078282686     
 -0.91288684652014207      -0.40161010432157035        7.3122702065257866E-002
 -0.79353293258478774       -8.9602294982880859E-002  0.60189443728713032     
 -0.68892754347195340       0.56386862842110674       0.45544594600040511     
 -0.72634781679877303       0.64144670826996075       0.24691085330800627     
 -0.63595835121467859       0.76905969492110959        6.4063727398263270E-002
 -0.55224830683755166       0.75467922600428905       0.35423307783524122     
 -0.40287781996826977       0.65627572249985033       0.63795896281415565     
 -0.97988263733211856       0.17073285829782148       0.10334557635672784     
 -0.75939692050455887       0.28983436674951629       0.58250524201855081     
 -0.83060175265298253        4.8939766412193365E-002  0.55471220263601984     
  -9.4321251315755902E-003   8.5869667632207061E-002  0.99626173026781717     
 -0.34849426977660170       0.37086712690565171       0.86081898103702159     
 -0.25959246550048171       0.39581593850013524       0.88087541382685430     
   3.6927949049801422E-002  0.43175073202322078       0.90123672360616736     
 -0.64445661240089769        3.2412126006092279E-002  0.76395361693005859     
 -0.36419806790347281        4.1789606533948476E-005  0.93132151569101207     
 -0.67698526879256604       0.16762437308682746       0.71665404163034174     
 -0.72502661040227823      -0.10085545720795547       0.68129625784966386     
 -0.50790314658218128      -0.34101090827309621       0.79104105717128914     
  0.38932702515723883      -0.31497555320346032       0.86557198912995481     
   2.4668142694058745E-002   7.4503028244239072E-002  0.99691563410273676     
 -0.30743218291785168       0.18541407002758115       0.93333117141889976     
 -0.81018278678879529       0.45625439144824803       0.36801600817809282     
 -0.81728041774502225        4.4798640500096756E-002  0.57449612755864199     
 -0.90803162828388451      -0.33863546564063057       0.24658585410861658     
 -0.76239220415103814       0.43345369762314456       0.48049559734357433     
 -0.33096193099970855       0.89970771268125949       0.28458782821970113     
 -0.72051013511351580       0.68551029659139706       0.10459817620727863     
 -0.66017380790232560       0.48251740643389390       0.57562791441004080     
 -0.70454143717203299      -0.33240576834507324       0.62699901792466772     
 -0.13670156193961175      -0.49663227324068426       0.85712838486370690     
  0.56428945386724183      -0.60508895324804057       0.56164470166770353     
  0.67009685975022926      -0.74189557790496308        2.3688605656469172E-002
  0.81882818560729109      -0.55454400471619780       0.14832851812244865     
  0.79819712247893482      -0.39208389869269866       0.45733091963291395     
  0.82050240345096637      -0.34164380236161290       0.45831792266842214     
  0.50142529600398011      -0.63827540777660119       0.58410373766561907     
  0.14262163875469747      -0.66819273474456609       0.73019006936106390     
  0.42195491132268892      -0.63178047537935544       0.65023648293533642     
  0.75542923267700657        2.8267732762764862E-002  0.65462020263775211     
  0.76845082471000414       0.38279493535297304       0.51278783865320821     
  0.50949367790044187       0.66530570681416779       0.54569635206768830     
  0.80435937313941519       0.47414029990330403       0.35804605129839778     
  0.34330673086198393       -2.4228820736382706E-002  0.93891077999487516     
  0.31191188689148547      -0.47174956639095345       0.82472014733832544     
  0.35753694763222460      -0.57006865673944296       0.73972228415881047     
   7.2233547852846913E-002 -0.49324151536015814       0.86688818315271043     
  0.93347640069738258      -0.14465321742862602       0.32817260097182832     
  0.92717439262150647      -0.11382704512514531       0.35691882755750998     
  0.56205733872029895      -0.23668991528277311       0.79250831667188204     
  0.73152030760019338      -0.67937390871988479       -5.7698628399516561E-002
  0.61092536053598556      -0.79124861505054800       -2.6378647322639254E-002
  0.36191090812734605      -0.35397972116861959       0.86239135639211151     
  0.59565008933046348      -0.79493516926696961       0.11523475058810020     
  0.77072778260507213      -0.45811261483436572      -0.44284480041013452     
   5.3319351539620960E-003 -0.87027724312577726      -0.49253333954658557     
  0.27439700421235474       0.31135436113908033      -0.90981577579142880     
  0.64859074863095345       0.24486436235187115      -0.72067432647511009     
  0.67421436057607453       0.46734811339944676      -0.57185726968795914     
  0.61825657013354351      -0.26908491524613964      -0.73847960152849002     
  -3.7809941222909121E-002  0.31939840325078594      -0.94686591888480343     
 -0.18732226707780120       -6.0699718592030875E-002 -0.98042129333245076     
 -0.42620030869730119       0.23901043823261653      -0.87248341375763494     
 -0.50006449698817190       -7.9188489497853037E-002 -0.86235994919929471     
 -0.11157948626423564       0.29845252164060926      -0.94787979753308660     
  0.60308844708001041       0.28832858968885927      -0.74374118439592107     
  0.28011855611478026       0.69783344389267410      -0.65921322734381738     
  0.75995181258272704       0.45552578991958453      -0.46364803166881147     
  0.77922960009025022        4.9194505415230329E-002 -0.62480487432488341     
  0.27512345795016713      -0.11010475789887259      -0.95508325562411911     
  0.49342722351266943      -0.54731293438030337      -0.67600157319092380     
  0.41239812596858749      -0.88946791156217830      -0.19691272178001931     
 -0.12457283496908238      -0.79937510015440483      -0.58777636737189043     
  0.11338823036595584      -0.92942923619059348      -0.35114726843397803     
 -0.24676071828519605      -0.78679339264873627      -0.56574314418794458     
 -0.48983608278580032      -0.42378715802701183      -0.76188257408372839     
 -0.50501770123681977       -5.4728534143955662E-003 -0.86309163436623881     
 -0.49256442349562246       0.19413750340597496      -0.84834598984006504     
  0.26535973974034910       0.28075012956178902      -0.92236845852184957     
   1.0416059965241333E-002  0.59133903139646549      -0.80635578725640433     
