 -0.62909624788130181       0.22989085953564048      -0.74255511822599907     
 -0.90938556645389701        9.1496328306331851E-003 -0.41585355083777059     
 -0.68377742566130628      -0.14265701534701558      -0.71560981556170011     
 -0.69621369567161695       0.19544967009878078      -0.69071406270433511     
 -0.41404166667170333      -0.32830057833090365      -0.84899247848688331     
  -1.1330036203721805E-002 -0.34296132453667189      -0.93928119333439408     
  0.55226846285805253      -0.39207827990859812      -0.73571337309876295     
  0.26191463397564652      -0.19968102797446832      -0.94420771632964895     
  0.74015059594840382       -8.6264490455016690E-002 -0.66688494735128201     
  0.55123355749526526       0.44112070150290955      -0.70820483745641738     
   3.7352731786531805E-002  0.99547756440568114        8.7345247111765861E-002
  -8.0152829442839343E-002  0.76891095767971274       0.63431180273772370     
  0.43083274236898073       0.13767210179284187       0.89186856682516891     
  0.26804228828652787       0.36458088190839988       0.89175899896609567     
   9.9001811572596993E-002 -0.28800337113826013       0.95249813622826252     
   4.9324250598384550E-002 -0.92067289971112665       0.38720605630645794     
 -0.17622579424551138      -0.80252875675211410       0.56999303857892747     
 -0.29415481614393235      -0.55296024257423970       0.77955622906340372     
 -0.34134861942304506      -0.80251681580672596       0.48933411935548515     
  -4.3228843387301499E-002 -0.28998782959407587       0.95605351617298995     
  -5.9118097953514831E-002 -0.23037041598117078       0.97130557598267242     
  0.76277697039443548       0.32217189593293899       0.56069293102987561     
  0.81529594901232938       0.57860236698359435        2.2623360604728901E-002
  0.83631618402675778       0.52557551097080335      -0.15603083862718597     
   8.1604289882980463E-002  0.78576993564981434      -0.61311201921146297     
