  -5.1992806166958561E-002 -0.68001582220697054       0.73135164569108113     
 -0.28055694729400593      -0.63815094673694484       0.71697361771811707     
 -0.92398852715473534      -0.35400931717807893       0.14464648297679703     
 -0.82746382058627221      -0.44828847134672578       0.33814356725860628     
 -0.98012542604769504      -0.19288914673569835       -4.6345725653977765E-002
 -0.75722292925650636       0.58369818086390057       0.29310385371809305     
 -0.88857444987470147       0.29083262983951486       0.35475601256426259     
 -0.27217885212793697       0.55814969775351331       0.78382879977197017     
  -3.8077393148862222E-002  0.53112812224117056       0.84643548478047259     
  0.65297947420007230      -0.51431118160140132       0.55596925702162081     
  0.67485581352589530      -0.57304565119840123       0.46496054950165439     
  0.48688818655363830      -0.86695486154564494       0.10643853548824672     
   3.1196628384473457E-002 -0.57831520102248213      -0.81521671882006796     
  0.19011528395799851       0.65696236323657387      -0.72955920396922469     
  -2.3238228389218352E-002  0.48144025617829822      -0.87617079640462581     
  -6.4430914262115752E-002  0.50455214875685850      -0.86097374319556697     
  0.57318872233987839       0.31321664619779671      -0.75719879894711961     
  0.36201211930139621       0.45671212916331527      -0.81262614808655931     
  -6.1339259973224314E-002  0.58295549241534683      -0.81018540411975981     
  0.34155491128249144       0.37580354914590713      -0.86145918941534949     
  0.79825793093419006       0.53034918241019502      -0.28550660310662468     
  0.44288257994687680       0.58567689702052161       0.67885019899533039     
  0.47616461719982456        4.1321778851352547E-002  0.87838474936639943     
  0.10516741430202152      -0.75869363899397824       0.64290261869050314     
  -5.3407020823651508E-002 -0.99579649196604791       -7.4411267391909980E-002
