 -0.17791845252076949      -0.73276954958472329       0.65680576387087564     
 -0.87428445102873098      -0.38813455380351769       0.29151032028579837     
 -0.81431489125097489      -0.45826458543220916      -0.35620896623411941     
 -0.63232479380841233      -0.77370440136405128        3.9330070493617066E-002
 -0.82391670482975898      -0.31918505544811282       0.46827573488389496     
 -0.47937813486182979        3.7925894141609892E-002  0.87678858932469239     
 -0.83422472963603378        2.2811479442530008E-002  0.55095257225039129     
 -0.37090754471869503       0.44048501631483089       0.81755766993703016     
 -0.23266336052346545       0.69588805447467250       0.67941708567667258     
  0.29944130124496643       0.85139133980248782      -0.43065960295580968     
  0.41617824221141297       0.80074638149770738       0.43081423285231368     
  0.90678725067270605      -0.17698339810392627       0.38264050858870768     
  0.57504051052475402      -0.64157334431589130      -0.50765347937223926     
 -0.40563843117155279      -0.56953331187587208      -0.71490507748959420     
 -0.29165079393432647      -0.70085122055016769      -0.65095881670872768     
 -0.10413156804312515      -0.18275835271168159      -0.97762774155145260     
  0.25799156966973269       0.41989075034560519      -0.87013338503561055     
 -0.19849739173548453       0.63566920384637848      -0.74600499244676377     
  0.19862786262769849       0.78909117825545039      -0.58127625496604840     
  0.23883046752014447       0.72128626147843011      -0.65015854742253454     
  0.58605724357165645       0.60199884200200648      -0.54234149895191852     
  0.88560447591117408       0.16354519312618554       0.43469262939622016     
  0.64762979946346189      -0.49142102375437713       0.58230663765672919     
  0.67911635437591988      -0.46611164981680936       0.56704577163066272     
  0.70238009822868275      -0.67170987709711139       0.23551653577288856     
