   1.5194864758345531E-002 -0.92062490548472087       0.39015240545998331     
 -0.81658357285258154      -0.53779187537727147       0.20969303118011279     
 -0.79417811549717099      -0.24365418859207966       0.55669898261710304     
 -0.84133713671695154       0.19053973026605150       0.50581264670928316     
 -0.97176656552850105      -0.21846793312820079        8.9115118333676829E-002
 -0.26279740920332917      -0.59732882709891311       0.75771748959139573     
   8.2354642355323374E-002  0.14421907938862100       0.98611285866416865     
 -0.26563801473579240       0.40422830958292877       0.87523477927865301     
  0.31777988696822135       0.63743179314160348       0.70192353752438452     
 -0.17918841571739325       0.98028750380172658       -8.3234137004484107E-002
  0.23724920688009818       0.95880462781158193       0.15622579659531943     
  0.80720909758106718       0.56965713964679643      -0.15460988335742298     
  0.23011837074081104      -0.55209075618246528      -0.80139960842607105     
 -0.66738932891889746      -0.55388624480018267      -0.49779665674485807     
 -0.90727391945874380        1.4732476704051659E-002 -0.42028203530504005     
 -0.67361499077488307      -0.21587955022604730      -0.70685137334347636     
 -0.19012998675578960       0.30883522800648422      -0.93191812412808384     
 -0.16456281682747481        1.9822024588463331E-002 -0.98616741309931621     
  0.58920701632647565       0.48083774359553810      -0.64933054467318818     
  0.53788117311620198       0.80185693394396562      -0.26021010951367962     
  0.70569328686280564       0.65931410710599314       0.25942608397725730     
  0.93275028369719859        5.2873064610830800E-003  0.36048433066247709     
  0.91727042935173053      -0.38090432346695080      -0.11630501193434853     
  0.66568831707354570      -0.72101821582337899       0.19233251665452533     
  0.66795681962746034      -0.61958134837436363       0.41225312595514418     
