 -0.16650213170534289      -0.66350058435921466       0.72941347306760362     
 -0.61879215923206954      -0.73559991129065427       0.27566108572319359     
 -0.96291406475328345      -0.24913485465202376       0.10357764284750537     
 -0.93212335581999273       0.29491775798008091       0.21016556702482289     
 -0.73997720165961234      -0.48587451806891491       0.46514480940380321     
 -0.29047798312680628      -0.21375526811940421       0.93270103820560590     
  -2.2842907327846808E-002  -9.9942781020197560E-002  0.99473093955438685     
  0.22667728460201256       0.78660471821013245       0.57434347383339679     
  0.22768130900885616       0.94080291247225101       0.25109978377478703     
  0.53028182431420512       0.79647943494892748       0.29055411975301171     
  0.76608438920840538       0.50948564116288020       0.39184064370611160     
  0.51790287709184091       0.67455099751176517      -0.52607752437818756     
 -0.31354583912230422        5.3403071246317539E-002 -0.94807020771171790     
 -0.13856842653865420      -0.48308776428414185      -0.86453745041239882     
 -0.14017219038609602      -0.72630192001586169      -0.67293185243652254     
 -0.35943967484331202       0.13563961966067090      -0.92325782624727559     
 -0.33067919095067111       0.57378824940592255      -0.74927853133255984     
 -0.44526411149422318       0.37625029243708091      -0.81251190050130617     
 -0.31017424920928877       0.95052606821499586        1.7091774956699453E-002
  0.41245584222156362       0.86409646389548389       0.28847439973179012     
  0.83752250965177955       0.54397814032498149       -5.1418174560500976E-002
  0.64746683467172961      -0.74302474072805769      -0.16941349611575660     
  0.35706056424719862      -0.81047448814155953      -0.46436931157336381     
  0.72351230914527820      -0.53871649084510287       0.43164161176467508     
  0.43839893921083395      -0.70547287508026313       0.55687915441755975     
