   1.7258495896534470E-002 -0.98328740393650926       0.18124024271440842     
 -0.57360738689741131      -0.66043747507956752       0.48455846624246152     
 -0.76734334950723992      -0.54742336664695246       0.33393388809156238     
 -0.50660523765778231        6.9271730733494782E-002  0.85939080778122712     
 -0.97690717395026683      -0.21360670629409959        4.9546453637838786E-003
 -0.99096343439813395        6.8781327891414862E-002  0.11515468127427479     
 -0.32598120772991201       0.33993504085257903       0.88214535095271740     
  0.27528239100437346       0.39332361738149291       0.87722068900182848     
  0.19368402117142236       0.96525568757788927       0.17540797456613941     
   5.9510805566365094E-002  0.99808861117667169        1.6660980171418593E-002
  0.25223557592297052       0.89596912845700205      -0.36553595594796401     
  0.77448452525317957       0.35880890679497218      -0.52098933630925548     
  0.95728726463485347      -0.26223860885187378      -0.12178671928968829     
  0.97837127222733755      -0.18501623733619502       -9.2512948295033537E-002
 -0.26428677349204099      -0.50850633261958322      -0.81949607140178771     
 -0.78004733410900096      -0.55176652408040061      -0.29509296747580349     
 -0.88170924964674147      -0.20125010551474870      -0.42671676099921657     
 -0.23518858161617076       0.32024417529917582      -0.91767641315678228     
  -1.5597957531969645E-002  0.86043751118278711      -0.50931718316818864     
 -0.21466615602173922       0.97637471732009784        2.4715437219342162E-002
  0.48251536016787927       0.68191251866672797       0.54970377849132279     
  0.86607965729548719      -0.46847353741803688      -0.17446653535262718     
  0.80597287470108403      -0.59172027178676567       -1.6578455978686721E-002
  0.62743162770567973      -0.75387145592764371       0.19495481653999047     
  0.63797045690388010      -0.64696919525395269       0.41764166041036005     
