 -0.63644959253146172       0.76092292748546275       0.12620703068147154     
 -0.49607125270030139       0.70907249616605161      -0.50112823451206090     
 -0.17741294992831219       -3.2891712620169801E-002 -0.98358669187754322     
   8.4505534935429949E-002 -0.80395932255180425      -0.58864949014442947     
 -0.59695544529681777      -0.59958283877041174      -0.53305216985064274     
 -0.72269402198589694      -0.47555441770578510      -0.50155891616676851     
 -0.28706285445757912      -0.89156825223945690      -0.35028698118730794     
 -0.41154674808590475       0.12498980222998932      -0.90277728343064489     
 -0.77684532928863492      -0.25676364613882185      -0.57496414182444633     
   4.4486444824472088E-002 -0.28432841625438421      -0.95769426642179112     
  0.56498556870299543      -0.51927324900150529      -0.64120714283981206     
  0.59756348411172056        2.3882069553759766E-003 -0.80181804602030193     
  0.23510700284615252       0.61117147841102526      -0.75577385585213142     
  0.39504725233927895       0.89375651496734265      -0.21245460779330227     
  0.43837700963454385       0.80533625041895285       0.39907282691889173     
 -0.32906902939793869       0.26639355467876691       0.90595146002243110     
  0.22550215367925933      -0.22743583628386910       0.94732345007388741     
  0.20629385526343011      -0.44408852870308130       0.87191067429806124     
   3.6649926478723970E-002 -0.38090868256980270       0.92388600943625621     
  0.74400032959681950      -0.62746248477162758       0.22968312903661736     
  0.78452332657731139      -0.23574781682365684       0.57353824364113348     
  0.63938362621079448       -5.1573691175062483E-002  0.76715626368564926     
  0.53045987678382844       0.26449604879068528       0.80539068736643948     
 -0.66663311226037969       0.41558858634904228       0.61877816746750691     
 -0.52104790477491369       0.66917778951690732       0.52982088194681354     
