 -0.85934480730983220       0.29806190920828102       0.41555456973625604     
 -0.92399428497380287       0.16561821801127508       0.34468125449245829     
 -0.59755531947603158       0.46500008618297417      -0.65322473928632840     
  0.21737024548252393      -0.17250422976583271      -0.96072496953693376     
 -0.33026251244286020       0.37889805456919945      -0.86450155414469187     
 -0.43864403098499261       0.57438217537503566      -0.69114146937707699     
 -0.30386662692492872      -0.73372656918637491      -0.60770913660338188     
 -0.21374106546428556      -0.66514218198670205      -0.71547231579995241     
   2.0374907319092937E-002 -0.54867024508450268      -0.83579053913683243     
  0.42508242899893933      -0.77281896055566690      -0.47122795201689094     
   9.6282886946919138E-002 -0.71867566033112718      -0.68864715270506882     
 -0.14581526059066832      -0.44706288154916790      -0.88253764209796892     
 -0.11284707610909445       0.76533168729866607      -0.63366627323080915     
  0.37465604688437509       0.90989761013016091       0.17809880856530566     
  0.78026301951563992       0.27907457931148499       0.55973833132855122     
  0.71915407249516239       0.63286433225491823       0.28688003934261064     
  0.46842126509180981       0.32313880448168886       0.82229120842190195     
   6.2039029195338137E-002 -0.12358695622738984       0.99039256010279508     
  0.26250598399319713      -0.53090232182843489       0.80575016788391229     
  0.26104349543432326      -0.84954789634748706       0.45839357031158218     
  0.77439133659091974      -0.12873200782919314       0.61947245941462181     
  0.40681882373167233      -0.36738558633580093       0.83637687414841910     
 -0.21259123202659294      -0.18583618978761143       0.95930697830810330     
 -0.35073227598396994       0.29076717152531473       0.89019173358680026     
 -0.25488752418053684       0.66758692191968838       0.69954274472606248     
