 -0.92936402793113182       0.25947336282907046       0.26259489250505219     
 -0.65509428931733837       0.73053804905695308       0.19278389710721994     
 -0.27235539968343447       0.59376035045422182      -0.75714673775413122     
   1.7495377615459440E-002  0.33696022982417756      -0.94135631685292687     
 -0.43210379305966912      -0.37639133004631847      -0.81952173777721604     
 -0.86868041557912457      -0.18916437790919438      -0.45783312868285420     
 -0.31506576789457141       0.43386942586971289      -0.84409175046108187     
  -9.0041461302751216E-002 -0.31595602552451152      -0.94449156967185710     
  0.41300645450551055      -0.71708837961370486      -0.56143559235211282     
  0.80910143113278565      -0.44938810359928200      -0.37868879899243635     
  0.57150173411485017      -0.54463967672280034      -0.61380240341906267     
 -0.20612479553086827      -0.63244337628028813      -0.74667793891781886     
 -0.35105503983817443       0.74965152881212693      -0.56105520615522075     
 -0.49873628893623245       0.81467610093005260       0.29591377911734179     
  0.92355382210847736       0.21939332988510030       0.31450739970748837     
  0.73176130399753081       0.52344788220518734       0.43649479789201595     
  0.64771664259430739       0.12829296428539866       0.75100204142281957     
  0.35308410964640785       0.46776309250349812       0.81026495716326430     
  0.31033311338444436      -0.49068551387150505       0.81419965930586402     
 -0.23625422906920299      -0.72636105318982214       0.64543284674387158     
  0.81213013773806364      -0.33680722203507768       0.47645097813161419     
  0.63240940495057740       0.28018941761069294       0.72218573427411059     
 -0.31772542387338881       0.24993851867125044       0.91464817930660103     
 -0.81497716494051764      -0.38403530477033820       0.43396901423427459     
 -0.95062230404488468      -0.30374966485996158       -6.3666130319155009E-002
