  0.31359979540258204      -0.29385076454588654      -0.90294346251536994     
   7.4948879360485610E-002 -0.32057868373667697      -0.94425207069735939     
 -0.13927947763403301      -0.46282090324224678      -0.87544162491396049     
 -0.25723669779844527      -0.15928748797759629      -0.95312998981225272     
 -0.47259899425106977      -0.13162294313577505      -0.87139290304266936     
 -0.79983737648812236      -0.28960729020786213      -0.52572596343629108     
 -0.46022381258524464      -0.88328956501456601        8.9406860284173939E-002
   7.2756229078984075E-002 -0.95129692522615983      -0.29956750689193840     
 -0.47351536267657224      -0.76387311137798475      -0.43849865566839119     
   4.6646425560700519E-002 -0.67509105289902882      -0.73625823002401058     
  0.36429021562338615      -0.77352065486061150      -0.51861202772890169     
 -0.18311206875324793      -0.55048620364013867      -0.81451513790647390     
 -0.39580351452537621      -0.49981115563307921      -0.77040793518375394     
 -0.24999895521369159      -0.63099219415584107      -0.73440409401533868     
 -0.13393978341710797      -0.89561364040122848      -0.42418903986955769     
 -0.56407265210976243      -0.72032908110820770      -0.40366825246937643     
 -0.51972009209384196      -0.46229103146150857      -0.71845530696366855     
 -0.80126371246987149       -8.8850189453537828E-002 -0.59167736724764164     
 -0.94427517656077709       0.14515138198732180      -0.29542421572768901     
 -0.69904375680162845        9.2562782536440902E-002 -0.70906273161535327     
 -0.76517155197312081       0.11798453972502615      -0.63292349019210192     
 -0.70395408858682218       -6.8405891911083039E-004 -0.71024515008924860     
 -0.83406638322673299       -2.3745425121820977E-002 -0.55115281289028550     
 -0.82373331368487535      -0.54007589210196771      -0.17257305321514266     
 -0.37180902902433505      -0.68378912024810823      -0.62784590861635092     
 -0.19101933807957228      -0.96751828054187250       0.16558982244366646     
  0.38562881715259739      -0.91581505663849527      -0.11213026984586169     
  0.67485107847535097       -6.6254093966902350E-002  0.73497375253355657     
  0.81591464386215184      -0.55275434438693183       0.16954624352273201     
  0.68995573052460446      -0.50893159289998557       0.51473267203909601     
  0.86236955391471493       0.19235955987101697       0.46831245147563838     
  0.56405726285443980       0.81349546692454888      -0.14164931879229975     
  0.46035311037435467       0.84237004515279523       0.28015660048964236     
  0.44344830138690949       0.67124831560450604      -0.59395227316270471     
  0.40133654768072574       0.46580647761068728      -0.78864015933226284     
  0.79585046074109023      -0.16706790652583103      -0.58198828059268981     
  0.71501978450672687      -0.61693354714889559      -0.32884602197107882     
  0.81175530853013078       -5.3262429509618694E-002 -0.58156378212185134     
 -0.24872403938069121      -0.40799947399394171      -0.87844907732594979     
 -0.31421862602833200        3.8029354936532478E-002 -0.94858864805561482     
 -0.36643771294972316       -1.1088005703243226E-002 -0.93037651445944969     
 -0.99752738019334120       -2.1682873826757314E-002   6.6850420696085988E-002
 -0.63783678929990406       0.74499264857242797       0.19532072032596565     
 -0.49699075451701197       0.57413950474461084       0.65066429056482167     
 -0.51334802863155393       0.61146529252457094       0.60214948105760047     
  0.25214633239454509       0.34913334313715505       0.90251212499881250     
   4.3585436060806719E-002 -0.16870808216099598       0.98470193092982694     
  0.31162586942522380      -0.17320247668743194       0.93428594101287754     
  0.35264438348489224      -0.30577141808528924       0.88439006025547906     
  0.48864408355952615      -0.19240191879206145       0.85100438380034971     
  0.59479146137199324       0.33156201431184218       0.73231806487649298     
  0.13167686471163975       0.19270925838342856       0.97238076134456020     
  0.62979721135684275       -5.5202857366572849E-002  0.77479553245080790     
  0.81315097471117770       0.53891094571071629       0.21991017466105839     
  0.30985068268328142       0.82672160476414014       0.46959976858696317     
  0.22434283529944901       0.70322710957815371       0.67464207147506539     
  -3.4553662994068562E-002  0.91212593653358343       0.40845112348534418     
 -0.22402922544526763       0.97309633926404426        5.3799820235152812E-002
  -5.4883628149372324E-002  0.99808900664080324        2.8392290924190211E-002
  0.23116935831260921       0.96277802910409538      -0.14006853483837328     
  0.36766959786413289       0.87911249739087816      -0.30328251472447748     
  0.13139580194482051       0.88046255996800038       0.45554453539240169     
  -2.4105355605315758E-002  0.71937303258047469       0.69420556885341878     
   9.7385266533288467E-003  0.18360661310436371       0.98295156173789389     
  0.59321191082040636       0.13450615377223890       0.79373025862581004     
  0.45361873777322143      -0.57872823180342536       0.67771946589624821     
   1.8714879721044617E-002 -0.89835320880871583       0.43887499985771949     
 -0.11633586757262035      -0.92742812923337969       0.35544764877940105     
 -0.23322412658239536      -0.87171408006284734       0.43095367430858500     
 -0.70236128107616946      -0.70312455312292776       0.11092562211114380     
 -0.81983913290130839      -0.34791278606041542       0.45477520761284684     
 -0.78785311540259706      -0.52090545617614992       0.32854980486426838     
 -0.67723046288803068      -0.64466306552910901       0.35463845262333760     
 -0.70809448725724145      -0.70483556272469683        4.2532653743784711E-002
   4.5681718138399496E-003 -0.68853701340622486       0.72518681246691163     
  -1.8282452789869230E-003 -0.90527827856049270       0.42481513142275185     
  0.55506207982331091      -0.81378612270898021       0.17221566139144151     
  0.68523214509701313      -0.59230913239933780       0.42382401890652743     
  0.84393149192437511        7.5390899242044437E-002  0.53112696151651106     
  0.83834609301776064       0.47443208183266333       0.26849586225821226     
  0.59486366681421177       0.43403193116882882       0.67657483003005547     
  0.49160107620524596       0.32002494735086895       0.80988419847959026     
  0.65671264242052296       0.17672265883514518       0.73314228301148565     
  0.13459282054096253      -0.10243645870637164       0.98559197672593102     
  0.60815599535716869       -8.1732689113660925E-002  0.78959866567857406     
  0.77426593074614902       -8.5612838077917655E-002  0.62704282983067661     
  0.93810638700402427       0.13953894964192265      -0.31699414536405807     
  0.44407589424989047       0.26298128016986716      -0.85652638396396874     
  -5.3868803620337968E-002  0.21248583483596115      -0.97567818566912456     
  0.12111428699187679       0.56759088544162029      -0.81435368007399667     
  0.12625649665315283       0.82226860083014397      -0.55491769222266341     
  -8.7411646036379145E-002  0.80407568779402128      -0.58806589123650299     
 -0.30152164610129123       0.88771146574288051      -0.34792678902464858     
 -0.53908438876482878       0.76194803853804671       0.35891950122286803     
 -0.57705876469978701       0.80624349259656303       0.13028665598914360     
 -0.70513726017964218       0.24190695159775999       0.66653017266664505     
 -0.85255448769456743       0.20118527805356143       0.48236431191201073     
 -0.68991712741460709      -0.34297609305390803       0.63748078943088571     
 -0.43409200341794779       0.90084465632519251       -6.5603154576746731E-003
  -4.5795480421087040E-002  0.61208787450245439      -0.78946260700555992     
