 -0.56662129873044342       0.74880714936430426      -0.34384321555888120     
 -0.35843889004223611       0.90872595663840605      -0.21386607453469025     
 -0.61991967419929250      -0.12351572161919948      -0.77488287118344346     
 -0.84415548762985249      -0.27926405741911386      -0.45761675989652645     
 -0.66616802529281149       0.13627624448535725      -0.73324548908699061     
 -0.73816129460699864       0.50811595073425131      -0.44377481198640495     
 -0.21755908247781869       -8.8657487582226982E-002 -0.97201229186002591     
   4.7669608603731796E-003 -0.23236376653506388      -0.97261727112249985     
  0.17559662079043373      -0.74762648071996973      -0.64048456038630663     
  0.24477825705798531      -0.72291975619076887      -0.64611967233690415     
  0.26270051771577307      -0.81719680369177838      -0.51300859839560176     
  0.14918921739960836        9.5327783471443467E-003 -0.98876271347006595     
  0.67209010699074723       0.18976618726250094      -0.71573995435286275     
  0.92382392581128325       0.15642546548953024      -0.34940009708784658     
  0.78075153083442850       0.59869529266670252       0.17886026288262336     
  0.66483065181714185       0.57625615444065725       0.47531994369446312     
  0.35234179448096825        8.9183416669341570E-002  0.93161235396120157     
  0.14790374665214517       -3.4613355895552540E-002  0.98839587075216129     
  0.33127279962914430      -0.18125965548051737       0.92596072785024697     
  0.52441522676240471      -0.46626057674800081       0.71245332795233773     
  0.19757968555426678      -0.71571239807874965       0.66986418854320218     
 -0.22326370961871916      -0.61510982151439098       0.75617010218853709     
   2.9076406524942228E-002 -0.12548866872498193       0.99166887447635998     
 -0.32298298685278182       0.30510605287847603       0.89587515129094308     
 -0.35886946950757437       0.72851398524265898       0.58350670704043406     
