   4.3206768594045666E-002  0.99522419006602358        8.7532774747691541E-002
 -0.48007992912171027       0.80587169815670034      -0.34654591003863067     
 -0.67028706415684036       0.71526464284328128      -0.19776688884199567     
 -0.95193683322728107       -8.7195547488352149E-002 -0.29362084742640226     
 -0.60149150692289366      -0.26572992135618778      -0.75338939201161814     
 -0.98963113475770714      -0.13828440173427989       -3.8828357616431552E-002
 -0.83500689457004140      -0.54638552494980219       -6.5010338760788711E-002
  0.17254745427006152      -0.58177653658044692      -0.79483547826538792     
  -6.9160311440977867E-002 -0.62845695632345622      -0.77476364484275506     
  0.25007897617722702      -0.57692114322521637      -0.77757475536045773     
  -4.2670225522328749E-002 -0.92206113471811835      -0.38468495642047967     
  0.39204145497034015      -0.81608051112964131      -0.42463642912394339     
  0.93581606781559856      -0.28467283694129336      -0.20786934147672184     
  0.70791117693375227       0.39704201022623642      -0.58413988708849784     
  0.87397473763948763       0.47508698667274218       0.10227664964310854     
  0.55003584656185911       0.82410530945668703      -0.13531816737721114     
   7.6152719776790015E-002  0.71463481103847581       0.69534009673153174     
  0.49088846949688264      -0.21794201773000119       0.84352225069810782     
  0.21950346244365088      -0.63120767701981528       0.74390530206909156     
 -0.11903651104859311      -0.35000612218715993       0.92915339071053760     
  -2.6688522038434248E-002 -0.36455905934027899       0.93079773046797543     
 -0.72415194501691937      -0.37232893900413877       0.58049558284991665     
 -0.20410649677693207      -0.33793339883891943       0.91877176487014678     
 -0.28616640646044794       0.32759007570382220       0.90044074214457714     
  0.51612968701231232       0.84543297951066676       0.13730704038848521     
