 -0.18877601010270942       0.92156164810723895      -0.33924585000778940     
   7.4565357352011918E-003  0.85048845511852778      -0.52594085958870129     
 -0.58626522188199826       0.75023983569866470      -0.30566857630849031     
 -0.87150497584262021       0.48378114452937665        8.0217711756060017E-002
 -0.86418886043191723      -0.37382367889544182       0.33679885778077812     
 -0.87821828712371020      -0.40604050779191375      -0.25271277410057164     
 -0.33084678505186738      -0.32271152192095376      -0.88679066212961122     
 -0.24522389471729042      -0.77906077645283645      -0.57700047491520756     
  -1.8188375144550593E-002 -0.78436424978377184      -0.62003379478116172     
  0.40773843520047731      -0.91112639822085451       -5.9983788854808553E-002
  0.19697264481382920      -0.87720375739878431      -0.43785310915935960     
  0.82963117890200433      -0.55828510077843085       -5.4638120852641553E-003
  0.98476386859116305      -0.13895915771963685      -0.10454891488310558     
  0.64244588648827783       0.44751481412881450      -0.62208823656256818     
  0.49383848014314069       -1.4385899936623980E-002 -0.86943464470479004     
  0.74514431900540501      -0.11380984834996835      -0.65712043209185100     
  0.64138219682827657       0.76079640912033453       -9.9084314910861698E-002
  0.19711704279010123       0.30595411774528314       0.93141663570950484     
 -0.32917360057890382       0.54560321181372740       0.77068922137297002     
  -2.4970785542753608E-002   7.2970788346729057E-002  0.99702142600720434     
 -0.10195533857823771      -0.23341080868137709       0.96701835728495988     
 -0.13360786352617415      -0.83730098996680680       0.53016600325235852     
 -0.47870995038446829      -0.38048700347088055       0.79124359308156966     
   3.5603826415199477E-002  0.59299760281900182       0.80441668965500324     
 -0.10557749869161245       0.98046869376389101      -0.16593532571126671     
