 -0.66003136173415333      -0.14326476618046644       0.73745088534669512     
 -0.96075292161455028       0.27672053620681625       -1.9482516535151040E-002
 -0.61816524945791884       0.13831713516241512      -0.77378297634615523     
   3.9792367163085457E-002 -0.43714032061966135      -0.89851260848366576     
   1.3371155129639302E-002 -0.63254713489732128      -0.77440644001951175     
  0.10746702969450879      -0.98791013555608476      -0.11173361890766870     
 -0.57737693337820994      -0.61209694165698991      -0.54034545507196796     
  0.10764369708880173      -0.80090562385873176      -0.58903566627876769     
  -6.9882564601676696E-003 -0.45327391597298844      -0.89134388502423656     
  0.54402297258126298       -3.9812204117529032E-002 -0.83812528520926299     
  0.67123973217589650       0.44926916241168946      -0.58957140505141070     
   9.1624909311463110E-002  0.34960430450330010      -0.93240640616977211     
  0.50239424487340145       0.83941570724348424      -0.20731930240813329     
  0.79367739728378406       0.60828034858832924       -8.4383980764187114E-003
  0.43332716802212712       0.89117783561974839      -0.13427446054255815     
  0.24443427940654153       0.75570234791720237       0.60759019445955675     
  0.74931232138527892       0.29272633679832333       0.59400533395317745     
  0.24379981523373975       0.24309155591745846       0.93886535005485550     
 -0.69120129712445599       0.63812551663135320       0.33917044664508222     
 -0.61986535387550812       0.45579051589050218       0.63876595767861311     
  -4.6298447647147523E-002  0.20165459599731425       0.97836183370910512     
  0.41606533154552866      -0.27667021091347233       0.86622354752053632     
 -0.45038906371241427       -2.9213914576036185E-002  0.89235432339593601     
  0.35855883064438188       -8.7729212983310767E-002  0.92937567762250961     
 -0.38170544133358819       -5.8480129098452641E-002  0.92243212788637274     
