 -0.73376350785061295       0.36224920610166428       0.57477528411146650     
 -0.28238715246327883       0.89483392768336634       0.34573073046869274     
 -0.26102998195173488       0.94002984599161121      -0.21956146557908052     
 -0.19552387883841127       0.28244291883548889      -0.93914663945714649     
 -0.52425678713509927       0.44614837950358188      -0.72533195476904433     
 -0.58447385682296871       0.25167333288815003      -0.77139538772505045     
 -0.40735100112987788       0.24320914390666362      -0.88029226635171642     
  -4.7177701696874477E-002 -0.57698892358705378      -0.81538827960698557     
  -9.9167415947536725E-002 -0.44796394736199840      -0.88853481950801194     
  -2.3329106140555070E-002 -0.91990956449674777      -0.39143600492814706     
  0.16481985724822618      -0.98624819438690503        1.2203021152916825E-002
  0.19366699287203354      -0.75215187736377220      -0.62988939445752135     
  0.26124740871556085      -0.36067558769118435      -0.89535630443027181     
  0.63761532199217130       0.74024200186924571      -0.21328028467115340     
   3.0872836366814951E-002  0.99089990718981225      -0.13101237310230501     
   6.9965829781137814E-002  0.93685821686833903       0.34263897056430492     
  0.72021105213009085        1.0843100748332876E-002  0.69367028735260317     
  0.80176481725551485      -0.16618013177035959       0.57407085069357444     
 -0.10623205381172476      -0.91542935436378448       0.38820593492636984     
  0.11317620955923138      -0.65419919643664959       0.74780649701072366     
  0.21525125705808812      -0.11364777764721309       0.96992323354519205     
 -0.39055312510299983        2.2192614439323660E-002  0.92031285133732044     
   3.9778010024568197E-002 -0.30309236498850040       0.95213062559931572     
  0.42927737675006028       0.44684201752601771       0.78489053070085113     
  0.25070870182631921       0.40940636285601784       0.87722948929086830     
