 -0.48490187294590187       0.86973081260548468        9.1861238931882860E-002
 -0.87339563937526110       0.27728079352303991      -0.40036910303304640     
 -0.78715463534444730       0.60887204351175561        9.8297582297533714E-002
 -0.24093243446167598       0.81118061131958286      -0.53285793401575887     
  0.17262382600278262       0.27336573638240957      -0.94629392308533911     
 -0.43358861965600881       0.64641426060313045      -0.62781327844649604     
 -0.60888637348818997       0.31194124597620138      -0.72934905445827969     
  -9.3383511602383451E-003 -0.67096924020758553      -0.74142637793165433     
 -0.53163367289709840      -0.35122535841234892      -0.77071809726387486     
 -0.36780332817715217      -0.35911194468205082      -0.85776414180618865     
 -0.48270843969118982      -0.84651149010245530      -0.22452362765516201     
 -0.14144418347376894      -0.11740048037888427      -0.98296015695869043     
  0.49873163065774856        4.8592563517035614E-002 -0.86539327669697008     
  0.97679361172778556       0.18059777826030302      -0.11514635285241721     
  0.92185019573378912      -0.35582710024216635       0.15355549927905737     
  0.82870281227073084       0.29481444651653976       0.47574792806672844     
  0.83693440792377349      -0.49883166563944020       0.22518384975099842     
  0.36132907620001675       0.25090542699954715       0.89804663876362489     
 -0.29286277230143049       -2.5845074495858003E-002  0.95580512068320467     
  0.25012106347686586      -0.54651688860521441       0.79922383852990631     
  0.17602457049102557      -0.59894612947167991       0.78120348474283241     
  0.27538968031917521      -0.30789404464838604       0.91069302250745165     
  0.12153631651489299      -0.19509707219976336       0.97322456616499931     
  0.40357729548205434       0.36067635333998882       0.84085547789899895     
  -8.6788098676681580E-002  0.93428535624679343       0.34580153127311980     
