 -0.40310602815511654       0.71256214595511014       0.57424795882684254     
   7.5218307797896164E-002  0.86628926564075948      -0.49384725817562614     
 -0.58729906864587700       0.71578161433564047      -0.37780482335025245     
 -0.59125402467303356       0.71615152921454672      -0.37087149460640778     
 -0.31729975879944722       0.79438501642297688      -0.51795106790937129     
 -0.36814284987227902      -0.15768915765184049      -0.91629960801421428     
  -6.2756192102531472E-002  0.42675956440818130      -0.90218508884757009     
  0.14218638643501924       0.33690467590506817      -0.93074071086733845     
  0.12566426652194540      -0.45178737319592066      -0.88323080875851612     
 -0.35420151862374649      -0.89664836639544720      -0.26563695383930896     
  0.13195002759474400      -0.53430605498784878      -0.83492887710336550     
 -0.28248461868827235      -0.65521978724029606      -0.70063504809089527     
  0.48476317471664027       -2.3066693301825557E-003 -0.87464240905370083     
  0.94313012489647496       0.11002647106621724      -0.31368733346671707     
  0.94358556371749491       0.32781573328622227        4.6723965520544572E-002
  0.60941164172550699       0.42298853816361903       0.67059536794678243     
  0.28387063715167915       0.44542050405199773       0.84912780895055906     
  -2.7756343419640041E-002 -0.37234289854600966       0.92768009103480942     
 -0.19546327437587441      -0.68303126782079593       0.70374881566464420     
  0.26809697939319688      -0.66786789105712663       0.69431728318914154     
  -7.5335731402485936E-002 -0.59800904876434580       0.79794091583902227     
  0.19063585463280480      -0.29171845162774757       0.93731441678250649     
  0.25189647847355384      -0.19270732559469500       0.94837337098568197     
  0.17981912476229200      -0.59413504035077880       0.78400805875775303     
  0.39794405388621273       0.71652872063151973       0.57291109474918644     
