 -0.63340277856248473       0.59965965189332426       0.48909019822568750     
 -0.45616150928695542       0.70826546534939494       0.53877333642119285     
 -0.75268637117203518       0.65712957794227300       -4.0545584781204486E-002
   4.7254591314369779E-002  0.76333678806037619      -0.64427009211460839     
   3.8813686904636630E-002  0.54220309511678710      -0.83935052353270534     
  -1.4165414964665338E-002  0.51337621191087435      -0.85804673885689819     
 -0.34766159480567066       0.39194568921514239      -0.85176874338215702     
 -0.21754822542724317       -1.7259125242146428E-002 -0.97589696802957704     
  0.68836759302052175       -9.2796745628947214E-002 -0.71940171036758382     
  0.30258196982677316      -0.40299199682980869      -0.86373699818109717     
  0.20787807378742340      -0.65928003400012702      -0.72259016268369081     
  0.62860419896849251      -0.69089185997685931      -0.35710670514134041     
  0.59648209922986839        3.6618782879453041E-002 -0.80179060236371613     
  0.91463154051824846        2.0793773549379946E-002 -0.40375334558462533     
  0.93694226657854507       -6.8844794344528851E-002 -0.34263622603328547     
  0.46484432761076094       0.32322015624756423       0.82428665019121261     
  0.29442900433267766      -0.15523891324310418       0.94298061550743306     
  0.22870036407764049       -9.8296329134628185E-002  0.96852154088044606     
  0.27503260463441581      -0.18715629487002869       0.94304272844794168     
 -0.10406942341265914      -0.41181620641724115       0.90530490291540311     
 -0.23769063347427022      -0.19294227874617995       0.95198552501118805     
 -0.63210844803704780      -0.42334660091959198       0.64901199173052226     
 -0.40588274830717758      -0.75817671281681198       0.51032074891080914     
 -0.34921113677427557      -0.87445850497247612       0.33671041717493655     
 -0.65882792154310954      -0.52120349701828761       0.54248749708268951     
