 -0.80367484900337882       0.10519041382797313      -0.58569763011133724     
 -0.69085541452821897       0.29636640200167097      -0.65945868102679439     
 -0.68312185318063690       0.38416905507457344      -0.62109473579328145     
 -0.22748856449818206       0.97196061379585053       -5.9510656626656333E-002
  0.38110419194474021       0.92141505335738727       -7.5854428536064555E-002
  0.59604353079983718       0.79879452377867666       -8.1605258242936213E-002
  0.45880867335166525       -4.3542405602542272E-002 -0.88746755443317416     
   3.0741613510550415E-002 -0.38427981986881354      -0.92270470533120574     
 -0.40897000976800091      -0.20443017444453027      -0.88935472950163852     
 -0.35888480917123688      -0.15324209187529486      -0.92071632711917473     
  0.45765395576384160      -0.31824027995589083      -0.83022646367562025     
  0.50417687973549030       0.14872718569770033      -0.85069730114455877     
  0.62445190582378751      -0.28159916830791737      -0.72853395646417507     
  0.99910409850919035        1.7525265834680878E-002  -3.8520973502095802E-002
  0.57359954046931139       0.75695460587340280       0.31305477447317948     
  0.61253259024486795      -0.28432232250954137       0.73753958728379132     
  -9.1247620044451583E-002  0.13280244731882471       0.98693332187253879     
  0.10101636188094909      -0.30212213322577525       0.94790184684252476     
  0.13393226658385468      -0.67333354367631892       0.72710665443799372     
 -0.16667145576948131      -0.24960511251951681       0.95389617550119421     
 -0.34730067543102938       -4.5621731463588763E-002  0.93664342119261834     
 -0.33668369150589128       -5.6029602196168066E-002  0.93994934733298263     
 -0.16741559444348175      -0.48875383330883049       0.85620774883379880     
 -0.22965013218846758      -0.92861130284063897       0.29144787702508534     
 -0.79781805882169998      -0.54506361793953495       0.25766644604330191     
