 -0.77710732793439830      -0.46647787488711651      -0.42249567229909318     
 -0.61479246450658631      -0.78484046947886721        7.7818140906415326E-002
 -0.66657032083821999      -0.74423567264816037       -4.2394232338777454E-002
  0.24689456497019854      -0.96842353590837693        3.4625552514281469E-002
  0.66084397188102451      -0.73084415266528280       0.17073977083114328     
  0.38808293732702426      -0.86907065434416975      -0.30676999774006036     
  0.68122031763041679       0.24168413384081514      -0.69103376060590371     
  0.50127126477817019       0.27257084956081545      -0.82123824258089417     
  0.99503891010489753        6.0467539072433893E-002   7.9001544894552508E-002
  0.51261441404761543      -0.77719757869512707      -0.36495258072934511     
  0.11785518294563015        5.6527716709757703E-002 -0.99142058335319527     
  0.35297058140054310       -8.5670595839364899E-002 -0.93170398607834948     
   2.1939397196532432E-002   2.5528878166495989E-003 -0.99975604304972321     
  0.31917645896564117       0.56490778474306047      -0.76092416361871495     
   7.1561581462663698E-002  0.93110581814087101      -0.35766030739062804     
  0.22654782390870479       0.71894429871776488       0.65711123778506397     
   4.6275849002727909E-003  0.45391581592023411       0.89103255693350170     
 -0.54325322209604021       0.22407210083805015       0.80911533807504443     
 -0.50580267852434446       0.49758720385934929       0.70467767451014784     
 -0.32387146576363829       0.25394174563256294       0.91138403732411810     
 -0.21059352247186724      -0.57109439106290583       0.79341134652171053     
  -8.6301251797034503E-002 -0.16191650395268742       0.98302346853269951     
 -0.34020137669127015       0.53863847992167879       0.77079933267034162     
 -0.62296142901189522       0.50799859193109276       0.59485837689278409     
 -0.52139116534081675       0.76258284887707994      -0.38290814995645855     
