 -0.82471450862509332       0.46998125140699459       0.31458480985130449     
 -0.26027393954650330       0.48961070884246372       0.83218917932145575     
  -2.3397356333072737E-003  0.13779038371160107       0.99045864920944693     
  0.45688104251343048      -0.65587723377954021       0.60090329271988074     
  0.61311782282923399        5.0142114175798121E-002  0.78839856907223205     
  0.86998527778252277       -9.1528433947587334E-002  0.48450816527774532     
  0.45142082851041881      -0.12536752898588976       0.88346036598308619     
  0.51106215224044027      -0.32714886838549090       0.79485161788945691     
  0.66567804975192801      -0.42500675795193776       0.61338567783545672     
  0.41278978488558749      -0.81622118714309111       0.40421227981453894     
  0.75247555732742499       -9.7347634503160058E-002  0.65138619395980535     
  0.84892478019303352       0.46482436338891053       0.25152540383489086     
  0.89662299910299403      -0.10517804806250504       0.43012181493773360     
  0.79186992758832464      -0.59725003850126634       0.12741432137532016     
  0.69578241694418774       0.30239224459742464       0.65149501815335586     
  0.70626414135075921      -0.59956187876055167       0.37645254173563292     
  0.31185449180230174      -0.82191650063950294       0.47665505548480913     
  0.39978649121301191      -0.72727403707653537       0.55789177842839466     
  0.23121457955246966      -0.76513813234563033       0.60091884363284020     
  0.10947231421256036      -0.99319765529965331        3.9676566487113332E-002
   3.4662862975485126E-002 -0.98233421031805013       0.18389666981535033     
 -0.83963936621321300      -0.54075649522381564        5.0873839823295935E-002
 -0.89047100390799760      -0.27237416377823043      -0.36451845783883241     
 -0.56749686537381383      -0.74248777981680236      -0.35589212496717987     
 -0.67836677920713240      -0.47772496065455122      -0.55820907806641928     
 -0.81307636718902132      -0.53563827839969813      -0.22803169918179580     
 -0.99797637137762873        5.3854299610247666E-002   3.3806457747742852E-002
 -0.98876266099209353       0.13505720242779576       -6.4093309324868480E-002
 -0.81272607956981391       0.57679556103854046       -8.2360186700364629E-002
 -0.58886938952138113       0.80152744714454072      -0.10385852665382500     
 -0.82575888271713715       0.51643657729517323      -0.22674992667120059     
 -0.84758039492633885       0.50648164161636389      -0.15837872597701816     
 -0.85470863599512481      -0.14522204309541847      -0.49838108486833033     
 -0.99975602883885450       -1.2484347776264566E-002  -1.8221521916515319E-002
 -0.99814203339131591       -1.9431584075567478E-002  -5.7748547321464699E-002
 -0.82914886671264798       0.27967568534943010       0.48403891150757078     
 -0.49793588894914231      -0.27443751620029622       0.82264445552025789     
 -0.64129817932061950      -0.47548048346106475       0.60220839835365769     
 -0.70035026573942905      -0.66825194727494541       0.25089607458457774     
 -0.94700477426747687      -0.10840095299674581       0.30237590992664559     
 -0.27414934515279993      -0.35412637691715987       0.89411221092421356     
 -0.26096200687377735      -0.56270505993041708       0.78438628653049292     
   2.7715287446470151E-002 -0.39340245464446411       0.91894851407543654     
  0.68068582328503602      -0.40337324285639209       0.61152010345225205     
  0.48221710355955955      -0.44242159288303079       0.75612816320081111     
  0.56653797350689128      -0.16330646976939703       0.80769160049249011     
   1.8872754376163307E-002 -0.16700383860785536       0.98577560176364776     
 -0.70238658171781043      -0.24830651349752347       0.66708092850677647     
 -0.86800527557874585       -3.2143330814119846E-002  0.49551351934297605     
 -0.89541808063319339       0.18654928691626477       0.40425960028946939     
 -0.95139868952090645      -0.30764415866176231       -1.3985893578978507E-002
 -0.64129428501582031      -0.42194581006409859      -0.64086143071290869     
 -0.88446371764013376        9.1757199420771943E-002 -0.45749814046906312     
 -0.81148944182206884        2.5111760347274595E-002 -0.58382727351811348     
 -0.31741362833417341        2.5713476767637296E-002 -0.94793850310043037     
 -0.34192252197220063       0.10477949468263927      -0.93386843102347905     
 -0.15253985335595255        9.4764454318919222E-002 -0.98374350891672691     
  0.66454185569735880       0.24909382343212325      -0.70451145423923900     
  0.48647373336557959       0.79805601846086716      -0.35559794451564991     
  0.63342769681629452       0.22930569543429266      -0.73904549991690327     
  0.36063991770686138       -6.8167160975559207E-002 -0.93021077607226321     
  0.33332659116052271        3.5143723033855934E-002 -0.94215619849186794     
  0.31545347403184415       0.15063860366119450      -0.93690827555759237     
  0.44912831800069403       0.20684458335105721      -0.86919449624825085     
  0.35173212659280684       0.56390851316275270      -0.74718919953724394     
  0.54349782465145302       -2.5651710476739698E-002 -0.83901853635590729     
  0.44710340929684478      -0.59652983370818513      -0.66652134166226573     
  0.31808330180613786      -0.80871679057417123      -0.49477284258085275     
  0.27587981004240053      -0.95712692316465953       -8.8308455791816176E-002
  0.26587281491757353      -0.91691115731774708      -0.29763329093712010     
 -0.18031729561470924      -0.92541685384403172      -0.33330064434926271     
 -0.41973671783559102      -0.88516166167126742       0.20077330601452856     
 -0.86904898290189492      -0.41336427884022431      -0.27181581686152134     
 -0.99933105915603582       -2.3888330168219063E-002  -2.7690826781728933E-002
 -0.59989874344917449       0.70270865005497218      -0.38252065401237795     
 -0.62963468662526667       0.67244159357450628      -0.38907899535862167     
 -0.38815349720792180       0.77290660681110812      -0.50194844332161681     
  0.15495360398823571       0.49479658229641044      -0.85508229005097791     
  0.29270153225979934      -0.39508833124744741      -0.87076462004657718     
  0.58572959550183723      -0.38428551366191904      -0.71361438112109199     
  0.96060342558292156       -1.0813170247452420E-002 -0.27771232257060424     
  0.90293825156555296       0.20904079115876856      -0.37550560780290443     
  0.93944118277874389       0.29366227149592983      -0.17667126081828619     
  0.87368546819711845       0.35394739848590440      -0.33375880777322064     
  0.95487774624956046        2.9227119412597296E-002 -0.29555754973977066     
  0.98311819412225798      -0.11629729758857486      -0.14125705277730963     
  0.99150639003485508       0.12829204427467425       -2.1359538754932697E-002
  0.96090325561230749       0.22874011978724296      -0.15602208482564567     
  0.26580070256798871       0.95734367589205371      -0.11332728155128802     
  0.48837559694417348       0.84420018302490196      -0.22094190931123567     
   7.8903557426362098E-002  0.99251498121600745       -9.3210732682506625E-002
 -0.55158695947619241       0.78029613640094897      -0.29477070012723527     
   9.0449787518724220E-002  0.99467295107107401       -4.9442454887791934E-002
  0.59250432019060739       0.78328267226179049       0.18816717537835226     
  0.89348924328211710       0.42883536487508395       0.13333117404252104     
  0.49583216816291859       0.86065282895223183      -0.11587566194563385     
  0.11238270121198933       0.96477828302324620       0.23785077900857005     
 -0.38469397314911363       0.84084406561097746       0.38077789372480175     
 -0.42987372103814936       0.88743194117660007       0.16635243833597169     
 -0.77880609031731507       0.41618895952372992      -0.46930568253026006     
