  -6.0294168596648282E-002  0.88258286889802529       0.46627469667666510     
 -0.72256535852819892       0.64815590756475283      -0.24040220910778765     
 -0.59901872615871510       0.39079474287034227      -0.69889629749774895     
  0.61342366603012644       -5.2482265146946094E-002 -0.78800825998157675     
  0.66511119381730954      -0.19231394215551958      -0.72155557479067367     
  0.46640707990852776       0.16052131415363924      -0.86988352295788784     
   7.0619339663679268E-002 -0.18129098866396223      -0.98089065970406786     
 -0.95165573223122790       -7.6576918233969712E-002 -0.29746822167287812     
 -0.85635957314724775       0.31441608048969644      -0.40962276524694763     
  0.11646967415918770       -7.4335078300969637E-002 -0.99040855768478286     
  0.16240221362824067        4.4708838706611680E-002 -0.98571123598657084     
 -0.15445332167616488       0.54755012402930925      -0.82239469423063183     
  0.74868114573332623      -0.30888102053514072      -0.58657399974480151     
  0.55168473412916885      -0.79346925196313811      -0.25700291888978732     
  0.75367865281650481      -0.61751459039590173      -0.22504270469600773     
  0.31700541345593536      -0.60564059121416414       0.72986782509810422     
   4.8932223535182506E-002 -0.56540724361401706       0.82335914786240538     
 -0.43255704625003971      -0.35215337327991308       0.82998939958715068     
  -7.7381952645025148E-002 -0.17056441338086326       0.98230332092123462     
   8.6486504827641947E-002 -0.14494509722798465       0.98565257736804601     
  0.51767823311610206      -0.34232990491943088       0.78410425528474204     
   8.4282016991140740E-002  -2.0324641753265670E-002  0.99623463629282927     
 -0.26211692162741251       0.24538241807066880       0.93331783884073660     
 -0.80453866317535927        7.9124627274846371E-003  0.59384756662765603     
 -0.62108969492294708       0.65160202448848303       0.43550245985869762     
