 -0.67694669418478037      -0.60596209685886571       0.41779553659979035     
 -0.80505614308004048      -0.47690486011439126      -0.35276955776878571     
 -0.42729130552533051      -0.71506609653912856      -0.55326541352480640     
  -1.2576328399754021E-002 -0.25557926622092797      -0.96670630216316578     
  0.52756368344673910      -0.19253176775591982      -0.82741046543592167     
  0.52576520612621702      -0.34698856456523169      -0.77664012521117465     
  0.37977281591551976      -0.34021302564368461      -0.86024863003318708     
  0.85383382761537197        8.8258634422967580E-003 -0.52047084351974138     
  0.77184705346931459       -7.1900159403401803E-002 -0.63172976273755599     
  0.87287975503886861        5.6116196224797688E-002 -0.48469774681187383     
  0.80434332396780028       -3.1210327853575033E-002 -0.59334453113150221     
  0.86812226254503166      -0.49621557823572215       -1.1568802439327628E-002
  0.99653912217537899        7.1912470916636356E-002  -4.1693818493716769E-002
  0.92207536300320170       0.36702828525100906       0.12274877909053344     
  0.56661264097597197       0.73185726736103829       0.37859616386995565     
   8.3994348500323099E-002  0.54039513239934889       0.83720848675767046     
 -0.31762835153027447       0.55555732024023929       0.76841934790298327     
 -0.52422240441688994       0.65441957305142251       0.54490906866611311     
 -0.77110069635200384        3.8115152608103130E-002  0.63557135809215803     
 -0.79529432120343813       0.19231099573012289       0.57491166589560239     
 -0.99073328906041314       -7.7318615506343877E-002 -0.11166638546905752     
 -0.73639796759138609      -0.24568358039397542       0.63036307922666723     
  -4.4499177766282150E-002   1.6502804211180794E-002  0.99887310536990115     
  -4.1283408963996814E-002 -0.15656619756892001       0.98680428957476751     
 -0.60486836214685935      -0.24581646152400677       0.75743549673725541     
