 -0.66196723123554768       0.69048804014795095       0.29159158283974979     
 -0.63617828124652132      -0.73213700129723547      -0.24341858146357412     
  0.49747497957776499      -0.86625752450226379       -4.6005933718781963E-002
   9.3079331386500708E-002 -0.88762874361997701      -0.45105592953456752     
  0.30059317566235716      -0.46963551882972515      -0.83011217446725338     
  0.52209604053623848       0.19885878413979324      -0.82937983362680912     
 -0.14921753396870305      -0.69080816979513249      -0.70747310910069328     
  0.48156446155618277      -0.40784377467065441      -0.77573134836002755     
  0.71677570118807421       0.12472257473692909      -0.68605894319459237     
  0.66218124950762269       -5.6796002922668926E-002 -0.74718820042375966     
  0.83502272052204440        8.0932010891323958E-002 -0.54423071010832713     
  0.87039108611309346       0.48992846662948980        4.8882049884845416E-002
  0.98410069830579971       0.13543795965047661       0.11490158693314725     
  0.64700374292456797       0.56143383761297272       0.51592460943898732     
  0.79996251661156237       0.26257387456045433       0.53955067641027787     
 -0.41673833776582964       0.83050974424171220       0.36957099799052090     
 -0.20597726406657083       0.97853208079904297       -6.9522323568515319E-003
 -0.76723011043464484       0.63808377203305700        6.4861834005116942E-002
 -0.94510503047385785      -0.32536423003261838       -3.0242340985476346E-002
 -0.86377776961973196       -7.3672870473463492E-002  0.49845789477845259     
 -0.48653600967066357       0.12299958079244389       0.86495885128637029     
 -0.77252720458771595      -0.16389637912032951       0.61346531693583706     
 -0.80581855525814228      -0.22528966404780648       0.54763219707658251     
  -9.0907306987626883E-003 -0.91478865496164963       0.40383050326698028     
 -0.53115978469071434       0.38648983457680947       0.75398600179056907     
