 -0.45807764119347932       0.43036365985236757       0.77778659985699283     
 -0.93626833805966658      -0.24829734249532898       0.24849553085875190     
  0.52291107337348286      -0.43378734657990564      -0.73375237464050680     
  0.35248916804665864      -0.74851766810702725      -0.56166955315507705     
   9.9078314066229606E-002   6.3437179910388483E-002 -0.99305549285365180     
  -4.4074055244225308E-002  -6.0283892871881989E-002 -0.99720776667380129     
 -0.29935213530609284       -5.3890413356236871E-002 -0.95261961056655786     
  0.68469158546978104      -0.21400132319655862      -0.69670715975721875     
  0.44559860232023257       0.68923767480576981      -0.57130842216663891     
  0.39325441389357563      -0.80901867531559735       0.43685209046516016     
  0.84451032354437394      -0.48804662433364454      -0.22048311931637135     
  0.98903022592434375       0.14768885281798375        2.6860680092022082E-003
  0.57667985746530082       0.81226670639981668       -8.7539360679617595E-002
  0.41792819598798059       0.73408831562560850      -0.53521058272439748     
  0.37144690363158789       0.74895949128143069       0.54871383999490064     
  0.34603716602658813       0.93800730491824214        2.0014386032890796E-002
  -4.1662351967428554E-002  0.99147173642016162      -0.12348297173508457     
 -0.33121039014082643       0.65663177576729614       0.67759456057102807     
 -0.43298735592685711       0.26052626565299425       0.86292990127377389     
 -0.81791905675444565       -9.5265023501809570E-002  0.56739139215811374     
 -0.89405274977596727      -0.34309654425837288       0.28801812779059155     
 -0.35723187984063953      -0.31721099301360217       0.87850018209269620     
   5.9760682266537905E-003 -0.75757429691394884       0.65272158786415624     
 -0.20635656279845505      -0.75584065979804349       0.62138705006309014     
 -0.16724873113254407       0.44518618152362865       0.87968012692966302     
