 -0.56304424436534872       0.71643582069011558       0.41194768323070019     
 -0.97337700933352778        5.5952508661631345E-002 -0.22227576223109435     
 -0.54310230966372752      -0.21927002809756571      -0.81053102100785979     
 -0.18190571312352866      -0.68818213652059446      -0.70236433459209691     
  -1.6375416888421330E-002  0.29442392693139557      -0.95553461317318322     
  0.17735370697240477      -0.61217581568258295      -0.77057539106599915     
   6.0092012798107393E-003 -0.42075876910567400      -0.90715265954560076     
  0.74981852926535886      -0.65020317628522273      -0.12250715374585716     
  0.46442202908882613      -0.46632120295829182      -0.75289887406509792     
  0.18674781998907608      -0.20383449313682267      -0.96102900639727962     
  0.70226745840082849      -0.22020502931837740      -0.67700085814871580     
  0.92546830703363248      -0.33916474512453254      -0.16874740987913323     
  0.64122281132443670       0.28610224114394833       0.71202444750836735     
  0.88705088982208635       0.39794036276331851       0.23406021992137296     
  0.43029085945467527       0.87284502782674611       0.23019846582430642     
  0.15753761653579126       0.92374873588744322      -0.34909908668248141     
 -0.26876151661018260       0.92005520942505314      -0.28507132230235432     
 -0.83039569273608482       0.32965021706035924       0.44919230612000616     
 -0.79172075051326962        7.7882986992954456E-002  0.60589808841401027     
 -0.73119397244128570      -0.54190517908509839       0.41435992994772869     
 -0.16702113389968068      -0.20386012687387925       0.96464759860885774     
  -9.0976332588404596E-002 -0.85422285769013040       0.51188535465329443     
 -0.59519956114724715      -0.34815515068535968       0.72424130886149019     
 -0.15432457618245271       0.24730759442541742       0.95656828241671377     
 -0.33858571125831322       0.64753885255265897       0.68268085557346003     
