 -0.95209578743489176       0.30579926609447999       -6.4838632494160914E-004
 -0.97446785440360340      -0.11253750119190745      -0.19428770305798954     
 -0.63241121864794869      -0.73987220510231855       0.22944535437719843     
  -8.2431574240902625E-002 -0.88014846802042801      -0.46748658783914626     
 -0.13261832337235668      -0.35273847924918766      -0.92627638724242223     
  -9.6831315643958554E-002 -0.12598289055646453      -0.98729529908619895     
  0.10610355852287803       0.20342162543640394      -0.97332506243987738     
  0.60902926667461088      -0.53713654918323128      -0.58358176793426897     
  0.61044029125793842      -0.78621034230910281       -9.6103842041136894E-002
  0.45664736489204655      -0.77355321256680132      -0.43941849240182468     
  0.93244751089722766      -0.26736009010402489      -0.24302308869961248     
  0.81612692853506763       0.54799159251389540      -0.18341769558580495     
  0.97234167899725843       0.22288250967042680        6.9821530832583661E-002
  0.99910925386864557        4.1825032061996344E-002  -5.6004934646270554E-003
  0.50676830786160532       0.86207708749943834       -2.9962235483418226E-003
  0.23244268119665323       0.78984703964935166       0.56754916431551683     
   7.7389642100951540E-003  0.89218982249319922       0.45159431913223214     
 -0.24534931810490060       0.89818103184511111      -0.36479384059918296     
 -0.74335725701779709       0.66868279554449606        1.6831737336419291E-002
 -0.84502794286765326      -0.37876254971867745       0.37744762113897767     
 -0.66153764423358874      -0.46863777626069186       0.58544562507829101     
 -0.58230862729836819      -0.29807019472757823       0.75635363527189647     
  -3.3405011248912903E-002 -0.18204556139414313       0.98272250345668577     
 -0.39111544069784787       0.51336104597860821       0.76386461399878791     
 -0.68728227354284233       0.65576747289370396       0.31242934876290490     
