 -0.73801884114354643       0.67166960905931106       -6.4715735206095956E-002
 -0.86360818575075471      -0.14589175454654885      -0.48259351162199782     
 -0.46297138615564742      -0.77609191477907280      -0.42818084428860020     
 -0.37869401842510381      -0.91653308838252345       0.12867765271820977     
 -0.12443442536130429      -0.43330767057795982      -0.89261443882748570     
   3.3557739384248934E-002 -0.95942734051062428      -0.27995188230862056     
  -9.0468758334101479E-002 -0.68409185341107859      -0.72376359390486034     
  0.75156489763171785      -0.22148946642652770      -0.62136351752407415     
  0.85919572281584267      -0.28245225382760730      -0.42661860508257898     
  0.84545218724709348       0.38487636522857505      -0.37024422016758668     
  0.99968252231686749        1.1779534594758985E-003   2.5168770327455313E-002
  0.92342529171632182       0.31785354111915054      -0.21506942371394108     
  0.94984419089796968       0.21958321983730944       0.22266392294950760     
  0.97657490738846253        3.2759884805451008E-002 -0.21266932126366120     
  0.94499071715889993      -0.27621681927890457      -0.17520506051747997     
  0.65200621696716565       0.60473112308670385      -0.45737092365653820     
   6.8086606576785419E-002  0.99731529019605214       -2.6952290181342320E-002
 -0.33648209516430694       0.32056393908432568       0.88544822581140892     
 -0.58054700701650386       0.46045406873798661       0.67152604061703958     
 -0.94707087671560264       0.24502139423590874       0.20741569575090410     
 -0.81428897470783557       0.58034162686462309       -1.1707339466638197E-002
 -0.88245237227497897      -0.33278530608420176       0.33246315693737771     
 -0.15068074065965187      -0.45556487377081956       0.87735737312708695     
 -0.65831133341227033       -9.7438055583004141E-002  0.74641276357334729     
 -0.19649027047667211       0.76876321177769869       0.60860060616570866     
