 -0.83912011823578048       0.39322915286994475       0.37583009526270222     
 -0.90887218797678382      -0.41441936697988596        4.6988660273706712E-002
 -0.63734321279982842      -0.72796047270694220      -0.25271956646509380     
  -2.9856973006675558E-002 -0.38443520102685885      -0.92266902916177929     
   5.9165564964195172E-002  -1.9544774715148427E-002 -0.99805683089882413     
   3.9741855463594197E-002 -0.49979833077374525      -0.86522957270316303     
   9.2008990751493713E-004 -0.77048861464855234      -0.63745309484817414     
  0.40244774855848781       0.23121467105473231      -0.88576271403194262     
  0.96314267088833005       0.23074583645756164       0.13824816263349249     
  0.95968836066791985       -8.3374276629499866E-002  0.26841568582142705     
  0.88491845024459825       0.45681253020128587        9.0783526411797349E-002
  0.99264879718799515        2.2944361260731480E-003  0.12100868152365085     
  0.94809484985085535      -0.24586830929450848      -0.20165547394242633     
  0.97940253023980406       0.19035347179826517        6.7351611222114458E-002
  0.86141408317309887        7.9189794360578464E-002  0.50169189128403835     
  0.41152733456052881       0.91114863053930595        2.1293801347478589E-002
  0.17931879169106330       0.67271294025783712       0.71784543667568679     
 -0.63604374222002902       0.70382110277646148       0.31636089086557218     
 -0.45065237676610992       0.87357190594546053       0.18380576829320547     
 -0.92269937940422930       0.36742730374069776       0.11671774377912714     
 -0.35778541977742795       0.77480728274261235       0.52121326537579737     
 -0.97603972330730027       0.17637439808516039      -0.12743049174497934     
 -0.38605957433618887      -0.80279345219028064       0.45440145046401448     
  -4.7522305320271636E-002 -0.28133284768487410       0.95843281418710158     
 -0.71055799048345480      -0.22416350268687732       0.66697681085873795     
