 -0.88679431882302406      -0.32914437847802941       0.32443768927094790     
 -0.78376083098611715      -0.58685510724925583      -0.20327332069750381     
  -2.1063648948506264E-002   2.0533754666048610E-002 -0.99956725016991799     
  0.10606231716114707       0.37846046243753106      -0.91952077912897734     
   6.5639375539678260E-002 -0.45038996619736493      -0.89041583023185511     
  0.18230932241801562       -3.7790011445733220E-002 -0.98251474594249777     
  -4.3700767659528697E-002  0.41374708813096767      -0.90934239424381991     
 -0.51805704606119207       0.60910256834228360      -0.60050891605800816     
  -5.0134616358025602E-002  0.89759465153167983      -0.43796159852703048     
 -0.32380450402671379       0.78671856410530150      -0.52557068417493824     
  -5.1677722675157536E-002  0.80253354886394190       0.59436463212994761     
  0.51987440808597540       0.57076846046233498       0.63557372849946969     
  0.82163902825214830       0.39520836137761606       0.41075498578848624     
  0.97757446300219675      -0.20099887924372173        6.2830086970601134E-002
  0.85057003530380482        4.8237254097988125E-002 -0.52364471004717283     
  0.90785809646764071      -0.37098257038754384       0.19536020359033202     
  0.40894794986747979      -0.41053605588479358       0.81499798841331150     
  0.24144693094649883      -0.52300384750549178       0.81741687958531117     
  0.19793758898616828      -0.65312939011653171       0.73091908624166824     
  0.38508193279676828      -0.21082995831859871       0.89847795393592444     
 -0.31459643690397537      -0.19087732701241972       0.92983596828682735     
 -0.11919371048139556      -0.19136979640496549       0.97425379671089607     
 -0.44928669104184082      -0.47430410836566483       0.75708459371466386     
 -0.90740257654193057      -0.41916803038196543        3.0310499678724796E-002
 -0.93164874359071670       -8.4436218663514667E-002 -0.35341355879987946     
