 -0.45954027317095753       0.69207492367157708       0.55664624076603386     
 -0.93532312022199382       0.21252001322459776      -0.28285315051672766     
 -0.96854279476127370      -0.18829252037524075       0.16269843725980301     
 -0.63412365944561466      -0.36787939477051063      -0.68011170805582055     
 -0.88287855455733188       -9.9335569734832083E-002 -0.45897483862213978     
  0.20726142469730302      -0.82931744975501520      -0.51891740129262776     
  0.85941809598938890      -0.22041426949175164      -0.46132210665693785     
  0.80027046950442227       -9.2628826986899226E-002 -0.59244162248290821     
  0.87943139068282872       0.18176296754673890      -0.43995755785099916     
  0.82686248330782863      -0.22356489297983423      -0.51605927210436486     
  0.82278176881627274      -0.11222465063639878      -0.55716764864183854     
  0.81628815493208784       0.47196942737867359      -0.33304430296496712     
  0.93216335609449230       0.35512748061341526       -7.0398508988629704E-002
  0.99235669298189810       0.12318750420001887       -7.2823555941897364E-003
  0.87373712041237306      -0.45056968249906199       0.18322228474225044     
  0.72584105841409319       0.63744248819172755      -0.25849919181348591     
 -0.12595250026678853       0.91481751578338777      -0.38372500634237017     
 -0.70649039826924975       0.61406214444094354       0.35185082054463734     
 -0.72892467230530111       0.47183863088434064       0.49602129844370624     
 -0.82882998001848718        9.9904765043233701E-002  0.55050876663701087     
 -0.56615086282555604      -0.12256724364147822       0.81513831421913119     
 -0.92468587239945210       -8.7699747493699520E-002  0.37049263376545527     
 -0.70822848709417519      -0.33409581912027136       0.62192635714743150     
  0.10801159342985966      -0.64706477036003873       0.75474543963093488     
 -0.62481954636546444      -0.38686604200242081       0.67818522545471249     
