  -1.4452163026713349E-002  0.83892889030919748       0.54404912644758141     
  0.49883230238359683       0.63311448925900504       0.59188882198343118     
  0.43653716096298290       0.76203982202751130       0.47825789773155342     
  0.10715921461727748       0.63309207808553691       0.76662332562210922     
  0.13425467444345002       0.45762035104760834       0.87895352362745072     
 -0.63154847664712843       0.70045034894825109       0.33243921294418721     
 -0.81300629953771131       0.51540229626974343       0.27088970063820461     
 -0.23148164850995484       0.70646144580154990       0.66882618967791818     
 -0.20754251678459143       0.21717405406644538       0.95381420306423059     
 -0.50155845283530887      -0.20939663711712508       0.83939988489006201     
 -0.92419860722546554      -0.25501525346461923       0.28429589322195309     
 -0.56349963203809594      -0.18078601783777073       0.80609216622372926     
 -0.63653637437348298       0.33333980662599916       0.69548976801818074     
 -0.37530367706619827       0.18086590978144879       0.90908452448576782     
 -0.59492200985642729       0.58773310481050434       0.54830429480187426     
 -0.87322917476134643       0.23005402724236904       0.42958812005825109     
 -0.56925888497182586       0.47244269883399026       0.67286121763635232     
 -0.48118650108476113       0.25398512492673725       0.83901794229310878     
 -0.69443663852484960       0.54225876584848309       0.47298328293375813     
 -0.40464953461380165       0.80121490050534938       0.44080997872669070     
 -0.47830401889382462       0.87818136857523643        4.7696328303453855E-003
 -0.12463507844652340       0.90914728120994936       0.39738812046808697     
 -0.20771264530002342       0.97681881211464083        5.1773210074008841E-002
 -0.58872627576139802       0.79580399938882207       0.14176518184958345     
 -0.64724922531242901       0.70916569102496396      -0.27955762018859243     
 -0.15652784684650017       0.74604609803277833      -0.64723585559799202     
  0.33884380569444739       0.40496953848849754      -0.84922585231427106     
  0.16350643170139917       0.28759327187034245      -0.94369261773480873     
  0.15705113565579770       0.10950881454334585      -0.98150025997274426     
  0.35605082869035098      -0.19925778561782717      -0.91297543354659250     
  0.79259999885243371       0.14295000600218913      -0.59274829194446355     
  0.85367654138932481       0.49949012925924663       0.14746516013668379     
  0.96506527050226509       0.24576624017490617        9.0818383935731301E-002
  0.52753053671644146       -7.3394451056684629E-002 -0.84635972693989558     
  0.37083995019343213      -0.49737207100671116      -0.78428231799717463     
  0.83244604841678482       0.40571374040161012      -0.37739891007344639     
  0.40252295205677013       0.39565288414061656      -0.82549019881446173     
  0.58334514919546610       -6.7129137139768202E-002 -0.80944556077417540     
   8.6144606519656178E-002  0.41962282894223585      -0.90360156495996580     
  0.18202054467516265       0.86929523622728322      -0.45955882494926681     
  0.39515086815623240       0.91437512448996561        8.8169853744664101E-002
  0.11533581770428601       0.94613320978194670      -0.30253859010417422     
 -0.22204022832710091       0.80160811450469471      -0.55508789192763741     
  0.44213188015261856       0.32987141147553695      -0.83408887562646183     
  0.52294218934111292       0.69164035464282370      -0.49816170711592667     
  0.60281911639707941       0.55237358242465617      -0.57575388695654350     
  0.70082176368982618        2.2423305941685304E-002 -0.71298390647287768     
  0.16874813297698349       0.38719854820473271      -0.90642228121606505     
  0.19075625252191586       0.57749497840697617      -0.79379569288231921     
 -0.31984597437245665       0.75672932160563433      -0.57013970787868773     
 -0.38742394584801432       0.68611764325862445      -0.61574772901958652     
 -0.64255201765218817       0.22987841486712995      -0.73094652266036675     
 -0.74817270413588544       0.24759745055741270      -0.61557542776126661     
 -0.37031425675297558       -8.8298767434140391E-003 -0.92886456737363166     
  0.12925718676561226      -0.32735404823887881      -0.93601918077091750     
  0.36372812128057574      -0.78493529155828790      -0.50157595821174572     
  0.57171968498415537      -0.65789347693695599      -0.49021706906779616     
  -5.3822088705724386E-002 -0.63617575924633230      -0.76966459325780678     
  0.22984916746286913      -0.90317822041406282      -0.36254442815512683     
  0.40500231350179294      -0.83828566361922852       0.36503461784971630     
  0.63233030378492650      -0.61441605994126913       0.47185939876359911     
  0.39678076832694270      -0.53201550717452806       0.74801371779649517     
  0.17409387839867574      -0.77865070111510370       0.60282203605799334     
 -0.35036014085007472      -0.25776789183959559       0.90044627026830071     
 -0.60941192208375372      -0.28433384582179705       0.74011578374087605     
 -0.80673765434955313       -6.5337378020554976E-002  0.58728645828758019     
 -0.54587778262206277      -0.61063235895862411       0.57371209559519043     
 -0.58712378155511147      -0.80206033785959674      -0.10947547471920599     
 -0.63413098241707000      -0.75233749099484315       0.17851105507040785     
 -0.51693229239359895      -0.84958929482272083       0.10478089140366281     
  0.25913955515119774      -0.93661433192755905       0.23579712505445113     
 -0.16076610401962077      -0.64188459225930583       0.74975891459753463     
  0.41303457337051797      -0.18720015216899208       0.89126794188311909     
 -0.24630996654488713       0.19781399483472079       0.94878924099518525     
 -0.12627294508102319      -0.64197244037792045       0.75625824235892114     
   4.7906927785857222E-002 -0.98451973150235139       0.16859959831704141     
 -0.26931410458105487      -0.63931349297030260      -0.72024174468008240     
 -0.27862715805268135      -0.49389907247763398      -0.82366899480387956     
 -0.25100773608391724      -0.44733020012755681      -0.85842344357540867     
   1.4307292784582639E-002 -0.79850497072738325      -0.60181817278710303     
 -0.46613365825542735      -0.80421888553292742      -0.36871587542929252     
 -0.78610138727747847      -0.60627302789811022      -0.12032300097523632     
 -0.79297483418631409      -0.41812881328830342      -0.44312437062894783     
 -0.93984131417689698       -7.6125618435695139E-002 -0.33302131220695341     
 -0.70194238377707008      -0.43058169351233844       0.56734142724591319     
  0.46035530912781608      -0.73426356529932069       0.49892885868803316     
   6.7741772807115158E-002 -0.71424400850368175       0.69661075826713481     
   6.2281606362112496E-002 -0.43898433628421973       0.89633350601551998     
  0.65126159018024166      -0.75645922661276388       -6.0231052027273690E-002
  0.84120749919534843       0.54068762517889835       -5.1802775917555166E-003
  0.87712119060036819       0.47892212063600398        3.5944670888807789E-002
  0.18397847563427006       0.24465250168237374       0.95199636234801099     
  0.51110354392275159      -0.43296537835971732       0.74250531885731375     
  0.76644464768682985      -0.46919856303947971       0.43865169608000398     
  0.88993355915524874       0.26280332028610032      -0.37276356465707650     
  0.63513610924175123       0.15481376809703687      -0.75672638380382096     
  0.42887333790648097      -0.65910089308606012      -0.61778124993079586     
  0.50643206328252199      -0.84805935435925528      -0.15595479076679081     
  0.51020283065439764      -0.60751807013686110       0.60878146000791755     
 -0.20488832757471961       0.13902318019636811       0.96886187281349045     
