 -0.97493076116228317       -9.1535694245072574E-002  0.20280835194492583     
 -0.94121370713707597       -3.2858716313567793E-002  0.33620984854630614     
 -0.87518930437508535      -0.16130195685719642      -0.45609797217430426     
 -0.38503791814209370      -0.92268807734875780       -1.9811953746999532E-002
  0.12446209391001073      -0.66005119126275524      -0.74083845208800825     
  0.76525223112921104      -0.49515018779525438      -0.41135789074490781     
  0.95505597668929143        5.9266276609728288E-002 -0.29044033784391565     
  0.97533496293698929       0.20816763743563971       -7.3402621187186462E-002
  0.88946375736373229       0.37002509245130683      -0.26820823121735438     
  0.95147730662646246       -4.8495978727747802E-002 -0.30387345231535412     
  0.89267181814040564      -0.27171138665333699      -0.35959692359751438     
  0.88372965198607545       0.14639032701590010      -0.44451296309191429     
  0.60269055610174016       0.79317521100971555        8.7390950478108784E-002
  0.80922929840034830       0.57633668512293257       0.11394721581495890     
  0.98764510051017429      -0.10235495843480687       0.11866177953339838     
  0.83229208499506779       0.54638109615853458       -9.3581958812228583E-002
  0.43850382476206323       0.85567598298043379      -0.27483269059466631     
 -0.71812482689680202       0.67763430678387515       0.15845655323767083     
 -0.82099268799976066      -0.23528757430000019       0.52020261786243605     
 -0.88875584179776912        5.0881883583176066E-002  0.45554811775855042     
 -0.21731944466602995      -0.13588558241039961       0.96659576217932686     
 -0.79153138362866349      -0.53116441877293297       0.30222910012202248     
 -0.83974217704440246       0.47623170999093967       0.26083794680195216     
 -0.96100194139491646      -0.17641135834999902       0.21296549316814617     
 -0.56234738177683907       0.26009889031964240       0.78492928946704954     
