 -0.70883497873746215      -0.31158058063744287       0.63282739723237924     
 -0.95212980680866888       -7.2273600555093076E-003  0.30560856704800610     
 -0.66565930576561450       0.59394318005199764      -0.45180658197659912     
 -0.41317250723989729      -0.26353562245132794      -0.87168655774900361     
   3.1836744135062850E-002 -0.64457763364552123      -0.76387570711917718     
 -0.25213750642420490      -0.45553778284560376      -0.85376343693924139     
  0.72613847910085794      -0.66847952775903829      -0.16080432250456297     
  0.83107215631300024      -0.46918133392019440       0.29864351140132339     
  0.61441170967971148      -0.10314623805330242       0.78221423189804695     
  0.64269556217201540       0.52123065452125172       0.56148109420683756     
  0.78377519846995525       0.58101780466960218       0.21935074406135213     
  0.82290883192144326       0.10991340460089624      -0.55744066754654054     
  0.98650709476782039      -0.12510362784667303       0.10560698022551847     
  0.78994561459732104       0.44641223106826422      -0.42035942469641835     
  0.97028589798334874       0.21722205456521515      -0.10658262140276997     
  0.89139573307022502       0.41268406359748983      -0.18736464638995270     
 -0.52777275071489493       0.31400785668554099      -0.78921162532148514     
 -0.88909365921380545       0.21469581391225900       0.40425013622057004     
 -0.63389109081525952      -0.15535306768527735       0.75765923035741900     
  -7.2465553043962336E-002  0.59341540530624470       0.80162765693758786     
 -0.17284298931003836        2.4381452986036861E-002  0.98464757441262141     
 -0.85505829175776815      -0.33622534959599859       0.39475034133664738     
 -0.94944907153833935       0.29938876351880422       -9.4407779518934462E-002
 -0.81166321528594043       -1.7528722338756166E-002 -0.58386262840235170     
 -0.82063242544642323      -0.49878297416944406       0.27888701472931460     
