 -0.42527377184813414       0.13921207360339344      -0.89429425668571438     
 -0.32218831849467194      -0.89858471294868791      -0.29789293560015478     
  0.32120391731172759      -0.53025840842552585      -0.78463626209702364     
  0.11924809013053488      -0.54153234049614962      -0.83217943810031736     
  0.45911286217030461      -0.36306956883061764      -0.81079952391384824     
   2.4812191858434730E-002 -0.32644996471443677      -0.94488876365059637     
 -0.37158052676812325      -0.28969844196832528      -0.88204462746950241     
 -0.23543868590914685        9.0934429152485591E-002 -0.96762573073066560     
 -0.33234992015352377       0.82746305478036031      -0.45260183776415736     
  -2.7199880947881377E-002  0.96500202317310302       0.26082803098640184     
   1.1574713567698781E-002  0.99783822314144932        6.4690852859959888E-002
   4.7458618326207597E-002  0.63604986452650514       0.77018715217951439     
  0.63057772732734940       0.71072356647927848       0.31183928849596354     
  0.81090189313322181      -0.55948315254679104       0.17151303661608078     
  0.97271881541334859       -3.1654528581981173E-002 -0.22981752970809652     
  0.73723883899996578      -0.61308335547504877      -0.28391494062394707     
  0.66465300653777593      -0.29342902644367702       0.68712137744405688     
  0.68352936748398618      -0.28570108254901083       0.67168630715333499     
 -0.22871244102391167      -0.71442589652747790       0.66127623402916857     
  -8.6750350738985682E-002  -4.0442922021255920E-003  0.99622187305200727     
  -1.8297295046029768E-002  0.54540503888493341       0.83797288294604522     
 -0.79153462408421027        5.5307205786107552E-002  0.60861650640119824     
 -0.76026363000923391       -3.5920595489606411E-002  0.64862078574836857     
 -0.87341066725998351      -0.44558687344586495       0.19648446383675772     
 -0.88102055134499113       0.14539869524666374      -0.45017997237581542     
