 -0.61125217927419995      -0.75888786185276824      -0.22463300395317451     
   2.9277042653911081E-002 -0.82368828470421929      -0.56628655680180340     
 -0.28036431897969366      -0.35033338862386554      -0.89367911772533426     
 -0.35435353790429192      -0.42900831520316018      -0.83089435890565277     
  0.41522006135857870      -0.24440497164766836      -0.87627536224594671     
  0.65898462320622719       0.43378492307930511      -0.61446717315643185     
  0.29996010800225043       0.47673558846372110      -0.82628512772492335     
 -0.32255085828392555        2.6092845012201209E-003 -0.94654853835113317     
 -0.38260494409986312       0.65646194863233576      -0.65013165339657930     
 -0.17643190660052430       0.94643628334174978       0.27042585658099044     
 -0.64763269533980239       0.55758416107538000       0.51929933106520865     
  0.16957377257151260       0.52373458444765508       0.83483340895613156     
  0.82592690955215564       0.56377323610765040        2.1162056500913518E-003
  0.87346835174268600       0.24968018147975543       0.41798665705995952     
  0.98501888568217244       -7.6655016299889189E-002  0.15447266206533258     
  0.51561829756992184      -0.80849861944924839      -0.28366838660629351     
  0.53738750937889390      -0.63756741507593317       0.55201671713540323     
  0.14199816966191467      -0.64096940319561924       0.75431740267591352     
 -0.15621787869144255        7.1725305269505532E-002  0.98511494505014363     
   6.3016462183503721E-002  -7.6260965898454214E-003  0.99798335063501153     
 -0.35138021670434777       0.30109494541260157       0.88649522116916957     
 -0.34726460850828761        3.5392519871422098E-002  0.93709906691594658     
 -0.92618069200026765       0.21775207176083330       0.30785282361827782     
 -0.93805382948442906      -0.34024736263710265       -6.5473240397155755E-002
 -0.94599682852269062      -0.28171918938839108       0.16038796324946863     
