 -0.23602244119812288      -0.13281413994015906      -0.96262859477722829     
 -0.17048139875913731      -0.74414968782559210      -0.64589266506609078     
 -0.50298601289348077      -0.29126504487217331      -0.81373813015557273     
   3.1004879607701888E-002 -0.35065972836973602      -0.93598955781576743     
  0.53294505954213411        7.5909088311364448E-003 -0.84611579681077709     
   1.1863500674243938E-002 -0.27652409166901809      -0.96093375634244937     
 -0.18812329531662803       0.11455637425032611      -0.97544167579502061     
  -7.7633524334766640E-002  0.81177975918327849      -0.57878031970660027     
 -0.67676499890582664       0.65383249705505220      -0.33836696359240986     
  -8.1550727043266463E-002  0.95110863212123997       0.29789570124992226     
  0.15969804187309547       0.94694033776299957       0.27892746752372888     
  0.29170363322580040       0.94649342344086884       0.13805502434195632     
  0.95807546846898639       0.23622784350941750      -0.16213513705806784     
  0.93555794192711583      -0.11253383336659484       0.33476480347391396     
  0.84940775616557040      -0.52459321707731588       -5.7518869619275451E-002
  0.62569955777205488      -0.68132376027913799      -0.37986576192520266     
  0.16929915813108162      -0.84214316378915777       0.51198895177464832     
   3.3303634018469169E-002   4.0858641745884342E-002  0.99860975328496837     
  0.14010167816282990       -2.3798892921385512E-002  0.98985106580317628     
  0.39511576210693750       0.22341770199063490       0.89104885666942324     
   8.9163076195631796E-002  0.31915591191972903       0.94349851601897450     
 -0.42614046033765651      -0.57735315490489314       0.69646797671147698     
 -0.75229680536022081       0.22355979563193440       0.61973424499682950     
 -0.95616439954249677       0.16224474373607736       0.24377506881869765     
 -0.80701004365176554      -0.43294853866778510      -0.40160970146468533     
