  0.37652346556406457      -0.70866276083541790       0.59668012476096766     
 -0.10601286111414221      -0.90064852034690890       0.42141845720771920     
 -0.38408107786725532      -0.83317313815586225      -0.39787466302825220     
 -0.53413072909260706      -0.46780437730411562      -0.70417570876459479     
   9.6076396156192012E-002   4.3110916283487351E-002 -0.99443993031195288     
 -0.24986959637589379      -0.27776819727428315      -0.92758288761164309     
 -0.12633883122707337       0.66995742264813329      -0.73157060599975710     
  0.17553072938001282       0.96552254255908521      -0.19223730869304770     
  0.84764566537292840       0.53005528314729033       -2.3199628921035133E-002
  0.93224688928814348       0.36179964185903613        4.0934781319543461E-003
  0.73475467478508527        2.7910670424508538E-002  0.67775848379632386     
  0.97864540136799150       -5.6704664469519078E-002 -0.19757975455163648     
  0.97607030767454961       0.19393503270328893       -9.8366445328037844E-002
  0.93589148805740441        4.5639945956359868E-004 -0.35228811260275628     
  0.31516371342536420      -0.20899256078218209      -0.92573967360030995     
  0.21674972844807225      -0.15807124010231488      -0.96334471414451184     
 -0.83050199806829839       0.20265455938702981      -0.51884252019683652     
 -0.86297315056160129       0.43968452541528141       0.24890733118997327     
 -0.48076402562253534       0.29634923278650194       0.82525334527891980     
 -0.27041642620402506      -0.36451978413882691       0.89106693542652371     
 -0.60616049290625673      -0.31270428152435531       0.73129029062061390     
 -0.15233595446852324      -0.18745163642019566       0.97038942748755097     
 -0.60573132299179788       -8.0941027142211353E-002  0.79154160627967418     
 -0.54734356415787366      -0.15671243504857038       0.82210475942920469     
 -0.20198819152429631        2.2251113758163063E-002  0.97913515840321652     
