 -0.52214229021599068      -0.70180473202751026       0.48460039916596331     
  0.17051368665327557      -0.94840437629900110      -0.26730922483302200     
  0.23942153595030499      -0.47096799041122883      -0.84903856221682295     
 -0.91004185085818845      -0.36901128735384559      -0.18882399077466505     
 -0.73782073108361879       -6.2876195346834141E-002 -0.67206186682622426     
 -0.49765956481777657      -0.10723062553374103      -0.86071862446042002     
  -2.3821599773342035E-002 -0.15953755827402183      -0.98690440209992203     
  0.44310764884680814       0.83664619908651328      -0.32199184630597144     
  0.54778034392912023       0.78533203433413368      -0.28842727099469645     
  0.79480322375134893       0.57351666031541648       0.19840986834096372     
  0.79508852131618846       0.44040857871105776       0.41698264600450619     
  0.90865218477377607       0.36601095965006125      -0.20096563020051061     
  0.92401588950620916      -0.37150853512894844        9.0421481221994546E-002
  0.52822997560485163      -0.68437954700928338      -0.50259101514834548     
  0.19838974341347590      -0.31081938862158570      -0.92953365585394709     
  -8.3634594863088274E-002 -0.37774990539675729      -0.92212269439310335     
 -0.80243120145370617      -0.19819882696054431      -0.56286889408193153     
 -0.96026896484047819       0.27907098961785548        1.7023272011845308E-003
 -0.31950060979570993       0.79311134280043372       0.51854966807572933     
   3.3671500886246167E-002  0.84935131541065501       0.52675285764601920     
 -0.20946869504245602       0.37793616114937911       0.90182433094970471     
 -0.32575611121162029      -0.16384256808894559       0.93114905836303585     
 -0.17279796000688830       0.25224614544278834       0.95210962978364400     
  0.11158524418695305      -0.15407926811642200       0.98173739483453093     
  -8.7779659934967433E-002 -0.21208533134589908       0.97330084944462347     
