   4.8277042602309778E-002 -0.32280286634863914       0.94523417026401113     
 -0.89082007364235505      -0.39469739588933966      -0.22506346232568103     
 -0.95485120372773791      -0.29669479579033242        1.5211077891661907E-002
 -0.86284986692662502       -6.1796931468516419E-002  0.50166846263821430     
 -0.71547575051868351      -0.38151197629105277      -0.58527178504198363     
 -0.44250036353538003      -0.22330318003149910      -0.86852122487529770     
  0.30179175508072509       0.37732989372943049      -0.87552492132630633     
  0.83969749173462838       0.19902071426610107      -0.50527109324358921     
  0.39211117682477115       0.83099794806489002      -0.39457728687923743     
  0.74879135075482617       0.66200723058763189        3.2525984757152904E-002
  0.62915744967921172       0.25445505325046763       0.73444777172269371     
  0.64424984951348674      -0.49109439763471341       0.58631768181903854     
  0.47613201442540254      -0.85075029988503692      -0.22253591189898581     
  0.19529812718231687      -0.76509759473832206      -0.61358317451238076     
 -0.18086690431282870      -0.30359963258526990      -0.93547550797353718     
 -0.64375245636265888       0.10825447425421134      -0.75753794870683355     
 -0.75392019731963633       0.42457390427880892      -0.50133954150751536     
  -6.7951860135784192E-002  0.87891422770832894      -0.47211473715184460     
  0.48491757236557814       0.81656695902475551      -0.31316664803284033     
  0.11084854435729549       0.98756471034036564      -0.11148337590962872     
 -0.37953048448438059       0.58717988224620310       0.71496601124276593     
  -8.8168659889756543E-002 -0.18823099888259928       0.97815917849446798     
  0.25203230567364687       -5.8214942221817598E-002  0.96596621959516227     
  0.32788250888032788      -0.58776551551964662       0.73961122161329740     
  0.65601592774454465      -0.75208981936159369        6.3277216738201067E-002
