  0.13233706610151449      -0.61101169095218322       0.78048165542529901     
 -0.64904765022640531      -0.64231429677247165       0.40763892343260300     
 -0.95428752636667913      -0.26001497293329617      -0.14740261487323600     
 -0.88882691253677726      -0.42343224856354000       0.17519089710019514     
 -0.47135944972042715      -0.86963003022806518       0.14684644934351607     
 -0.58405792500897458       -1.2319482776199098E-004 -0.81171197173458898     
  0.19987350809966931       0.40413900823894489      -0.89259298830966294     
  0.65056597216204504       0.38727047615501431      -0.65328821676463034     
  0.81678339316569093       0.36967276854906611      -0.44295251759297605     
  0.97016259515677661      -0.14058873170916830      -0.19753315538168165     
  0.94924421254476743       0.29183203988881179       0.11734345079542885     
  0.98875658222253238       -6.8133745364142503E-002  0.13310978121187619     
  0.16183937764706674      -0.92142548641272271      -0.35324649868310709     
 -0.51445259135924015      -0.84464924397997676      -0.14800738457181975     
 -0.47163069127892782      -0.31455339475155197      -0.82378434853667770     
 -0.36097852933756391       0.46466969533672020      -0.80856451541787111     
  -6.7098840136771934E-002  0.95165684875829704      -0.29974487128843669     
  0.54541835371233471       0.41200735318406911      -0.72991010429776804     
  0.28071072360513166       0.93037501044645843       0.23580464285044039     
  -4.3550891628738042E-002  0.88467071323429114       0.46417782043507927     
 -0.15829212898511985       0.48253585163663731       0.86145386050946859     
  0.21609672225313198       0.20715038500132346       0.95414407959454828     
  0.14929050009441280       0.30086751061829414       0.94190821614207665     
   3.3459652617818122E-002 -0.12912595787264974       0.99106353915892653     
  0.79739560196064596       0.14609220699375000       0.58550603842278293     
