  0.42068591317449866     
  0.43371395777075550     
  0.20531009160688890     
  0.30896977655120106     
  0.40169064594039233     
  0.77417384252549437     
  0.35936899364070235     
  0.47129325411657313     
  0.99272292343264001     
  0.57764181291830297     
  0.89099985276321259     
  0.60960038408405348     
  0.75995623556407488     
  0.89954564686919114     
   1.2220221026519476     
   1.0469615823506653     
   1.0572758969613332     
  0.77947722454409019     
  0.67831379018449944     
  0.62382567569235903     
   1.0946316858164027     
  0.92716298847145040     
  0.66696371088343054     
  0.84596408517469712     
   1.3481641595605001     
  0.40572984507401721     
  0.61450686129943588     
  0.52076967983688960     
  0.75384207256044511     
  0.22301489746426489     
  0.55326781681593551     
  0.46539071881004046     
  0.66659632859047302     
  0.71248539594954630     
  0.74362280786648305     
  0.88319361813771480     
  0.74996934928445946     
  0.72882753192852012     
  0.51025507505028544     
  0.61175236417766277     
   1.0647953602571454     
  0.38294415317917729     
  0.75720661502356967     
  0.48887641022825357     
  0.30729209032520005     
  0.22523522645534882     
 -0.10236462385591827     
  0.43678487488258166     
  0.53818491251685929     
  0.57804575001497305     
  0.68391726886509630     
  0.75070355179090131     
  0.99064583225418124     
  0.77215494649383232     
  0.83437853382719229     
  0.63470029994932542     
  0.72111730132341245     
  0.59886698251586101     
  0.57740694975172036     
  0.84868393545525611     
   1.1402957259966757     
  0.90138805750874418     
  0.66114820422851006     
  0.75243994356515853     
  0.84415739451542104     
  0.71574358257923809     
  0.48501805889578886     
  0.57952844518983793     
  0.93170013567009746     
  0.42283597167895393     
  0.24748866849446019     
  0.12600805970140963     
  0.30750746184943323     
  0.57789780152146464     
  0.33435921597132534     
  0.54080329339772337     
  0.18439800050936633     
  0.21273004568878062     
  0.39901260269862449     
   2.2446701684769650E-002
   5.9043788372048961E-002
  0.21586806472986877     
  0.14794380659578502     
  0.41389006572737874     
  0.32763329962126880     
  0.39708264820610323     
  0.23252383214554573     
  0.21364782612109443     
  0.39193296758832030     
  0.30353614651219513     
  0.56951494067315545     
  0.31280684722039021     
  0.16190738033419425     
   7.3573647143576226E-002
  0.78600749464267672     
  0.81453897379205353     
  0.87882280643998112     
  0.60259635794401190     
  0.87575483750998206     
  0.55359376955436779     
