  0.61551499841484392     
   1.2215238914092272     
  -8.1179763524687580E-003
   1.0255801056924563     
  0.59730277468402304     
  0.80499328485539923     
   1.3614501110618726     
  0.29652477743461952     
  -8.4446762523528646E-002
  0.13928993385598101     
  0.92536089405928390     
  0.31868980079250375     
   1.1202811493969929     
  0.46904560681960528     
  0.60524192640788355     
  0.28837105910861860     
  0.81960571674701188     
  0.45131324028210773     
   1.1046169692326968     
  0.28021735189569186     
