   70.961347769551949        64.324890127330434        90.105935143728303        1.1917769950251276     
   89.999114245371402        50.868619002008558        79.512121870728038        2.0207654434092142     
   76.537340549995392        40.925790504369346        82.167651939127680        3.6314265173725242     
   91.517643805815268        48.761687780849684        88.363411614665850        1.6591904455968733     
   98.820417388476798        66.260635036508930        83.035747168768339        4.0533420751236005     
   96.130920836347570        41.089334557800541        105.80179519917510        8.4162562764946727E-002
   92.624215604015276        74.608884138597830        92.246116930941866        1.3093514953335907     
   94.820260429370805        46.007694345625303        97.492470011902284        1.9031545172298090     
   88.246571372428193        38.226292085604364        85.239600446127980        6.4776132954583836E-003
   103.98593699902568        60.831593585153719        74.087381869842076       0.97195388836185759     
