   38.988366017263672        32.269564523261742        60.736472341634830     
   40.586299316032466        37.458677509704962        55.736015268880053     
   41.407591587470769        42.345979622864448        49.122700883217576     
   41.428316832824358        46.099814347529765        44.469790826760303     
   38.066913990084899        49.918431979293764        41.458294010632684     
   33.722745747134169        52.514781990312606        36.917477264198190     
   32.410176915127813        55.415150856721517        29.818127318618796     
   26.612454441953087        58.230725425773670        26.845908465996533     
   21.805248238549911        58.398309021977482        22.153610048047156     
   16.869123005240162        58.058673945124049        17.956590777445513     
   11.078584537350812        60.544463656386100        13.827660925321691     
   5.3792539109548363        60.593179245144782        11.389275958312549     
  0.65895773060398199        59.631990492972299        6.6020769703780759     
  -5.5866366560845151        59.139098750211431        4.7058995519766036     
  -12.421851757171982        58.177884760573960        2.7248665666924214     
  -18.379872876920366        55.383463047380296        3.7951801735563184     
  -23.122221159808525        52.472267290824846        7.3105850199084177     
  -27.909224224354698        49.224178915136235        10.124915383864209     
  -33.120877106047203        44.611684347204864        12.439732619457793     
  -36.764083724410014        38.620779333633116        13.928058093919374     
  -40.097211244575199        32.608012057152123        13.829227026212703     
  -41.016827594878215        27.220473633592007        15.769876110955842     
  -43.164232230379760        25.393511552324288        20.994621732379670     
  -46.353402094235598        19.681003265750842        27.057735386763056     
  -48.525588280772794        14.903803578194433        30.338904633447289     
  -47.125996011732077        9.3717355439759782        30.607939197335078     
  -43.363423542380531        4.2493259108587402        29.584066070284671     
  -38.779059383480821       -1.5706823859810515        28.773168536400572     
  -34.416947460695575       -4.9610079254122423        26.422944296737576     
  -30.174326149389373       -10.393522461189146        27.291942090741728     
  -27.624650003466726       -17.353051642725283        27.956413895701136     
  -23.792414180719838       -22.148003870378790        25.701052702233433     
  -19.980087000218699       -28.033720846239493        25.989535934688593     
  -15.197399015208626       -32.446031541533593        26.142423461545597     
  -8.5650911701669870       -30.551837117568777        27.862329431927979     
  -3.2863446087032284       -31.795310394593340        30.587578234166397     
   3.0644043828570782       -29.418448123689299        34.803960228982959     
   7.4891648985338506       -29.777898333022744        40.461780784203206     
   11.398689624027288       -31.061959070098656        46.685613278312758     
   16.333953031652136       -29.057186321733408        52.542533072992228     
   19.500998615261977       -24.198555789405248        57.440322055316436     
   20.820169242780882       -19.931565440277005        62.252457755538643     
   24.170227898686655       -17.806670123383931        68.089405161422675     
   28.974461106967706       -11.536350246157115        68.250519505356493     
   31.876490437184007       -5.8942480194883187        67.475443721552168     
   34.386529616211185      -0.18549086353540123        66.151402555741029     
   38.279772892065374        6.7665191374047104        64.796141662256261     
   39.442303964352156        12.829759460450905        62.874748495047754     
   38.556786340844376        19.739797477061412        63.303143647950208     
   38.688530571512160        25.366553773810409        63.354528073332474     
