   20.114314556273555       -39.208675263420176       -339.36583558309434     
   20.590468111918405       -27.533708203050715       -340.69343208712223     
   19.731989656108333       -20.082330525423885       -334.52016984828487     
   24.621786274083554       -13.625622170651880       -330.48790314671038     
   26.673942834703027       -4.3903696247633777       -327.10145482683873     
   22.747843771594461        4.3196816358223487       -322.72730959364782     
   14.514777233739181        9.4833568869929934       -320.18301386598461     
   3.9532843765214238        11.864037740609703       -316.88914033359015     
 -0.21154867498157159        19.097870780827407       -313.40219718826245     
  -3.2740569143412017        25.643595199695540       -310.35408035406584     
  -9.9614808070228236        35.235621689849367       -306.44291971257786     
  -18.506073501597911        40.531044557712711       -305.94419503629933     
  -27.506398829875536        44.664364985940502       -305.59187862605756     
  -33.196533214732497        51.676040825442414       -306.30211668410391     
  -41.031403644898369        54.210502462176642       -306.63365476447939     
  -48.681104128991720        56.837718728432399       -303.60387717714059     
  -56.757850553373238        61.787090860890430       -299.83172204684519     
  -60.038994784454822        63.174371489854018       -291.25865370047802     
  -63.978321703597338        65.853746945745996       -283.53763337970918     
  -68.095413769016261        68.985664227772915       -275.29688598599142     
  -70.464681641077789        76.684708908303421       -267.84773431410713     
  -73.282891287430687        84.317032769439820       -264.15954181022943     
  -72.385032400697000        89.244807245129422       -259.38662031658691     
  -65.258461898909019        94.701451145233492       -254.61423785914118     
  -57.926692224086494        100.28229658431880       -252.05346288210183     
  -54.250908254328408        109.13998256488667       -249.95245098475971     
  -54.987739456503313        118.16066209726520       -246.95486784524746     
  -62.021641918177615        125.93180469755184       -243.90164142369841     
  -65.891679704689381        132.49316377145541       -240.26672181904613     
  -72.161751597455833        137.42372582768124       -232.52634483822936     
  -79.984576615843764        131.26639549869671       -229.47101902058463     
  -88.549413986842694        127.20658612872673       -223.04485521245383     
  -91.117786319559798        122.96476446726864       -217.06451063174964     
  -96.522523652062233        116.75290485729204       -209.26541300680833     
  -100.85551923999824        114.14343260680866       -201.67698028738849     
  -100.70867555289649        105.35962422316321       -197.87719352926908     
  -103.87976805079680        97.287215659256105       -195.02344662261771     
  -109.47137600861301        93.166029324155204       -189.45630973268791     
  -115.66536632780698        86.239723726310501       -190.60231114782039     
  -122.12362412522693        80.031104213463323       -195.02518829865303     
  -128.47324213172013        73.403384466530355       -198.49104064724466     
  -134.83425730358579        67.079754254499122       -199.84060977225502     
  -138.73353501574408        59.805300936277582       -201.23129420624869     
  -141.35073671033746        51.101727244025412       -199.88775107968041     
  -138.30655580345029        42.814930257807411       -199.31196303915806     
  -132.51701095591295        33.520112994283160       -200.07014336996454     
  -132.41220859390958        24.022606892226982       -196.00439144924945     
  -133.79607787374854        16.190406878025378       -193.22120182103782     
  -135.21995216334693        5.6762857049908586       -188.09655314755497     
  -133.88249295139363       -3.4849687499601294       -185.67961699524582     
  -129.84373043710841       -11.068040840128434       -182.26760588149480     
  -125.24221921300145       -16.118222445274238       -177.09627928791528     
  -121.45163287150238       -22.556839360733154       -171.05738356114088     
  -122.35090620125919       -26.351458468142024       -164.07193726574295     
  -118.69089172544531       -33.545886629643419       -157.69125358919760     
  -118.31349847579909       -39.331776550093849       -148.71383008542861     
  -118.54633117021540       -47.364624057501096       -145.39265511663430     
  -117.55498820694694       -58.323093276937982       -145.34242969533113     
  -112.43784286465024       -65.972024339122044       -145.02883981704784     
  -106.82958323371982       -73.983093553678486       -143.34112541738071     
  -102.76541123699141       -80.986493876984412       -136.10516787058791     
  -101.14101000918468       -91.264444800596749       -134.55456823589307     
  -95.363834549962561       -97.496070209385650       -136.96706666001097     
  -92.048204535451475       -107.53280439159866       -140.09663829079778     
  -88.845006058292668       -116.77796993179172       -139.92958396115290     
  -83.217043555723706       -124.71806340067255       -138.89431329771745     
  -79.433542047994123       -134.21210041554656       -140.89498105290426     
  -76.692612016671816       -140.57002062109251       -148.07561788310991     
  -74.162098166542918       -144.76426003868107       -158.27390822847727     
  -71.284801350970383       -147.62623719929451       -167.49511547652591     
  -68.038114227464845       -146.56102449579092       -175.94181411488643     
  -63.092568158777979       -145.83971279787559       -181.51461365566541     
  -54.151222488988907       -143.62281036393645       -184.39539692523863     
  -45.369565187600628       -142.62646988232041       -187.73117001545103     
  -37.939365270477623       -144.49100837217179       -191.07906647497214     
  -32.798143989416488       -146.13069680318441       -199.06446949336424     
  -25.028405147638203       -146.82630924937712       -207.30860682200901     
  -18.643627371861715       -150.41113028930670       -213.26732786065486     
  -11.247519454934162       -152.41972967826180       -218.13389705717228     
  -4.7747949827678928       -153.80337225844258       -221.50816473152014     
   5.4131095687509934       -158.16639019161920       -223.00080960453326     
   11.290953186859586       -156.01830841572206       -229.78594889128041     
   17.722436234137469       -152.25124941567378       -236.69992119173529     
   23.042010155566260       -145.23184550929236       -243.39488456229043     
   27.552982475996881       -140.31586919215056       -249.20686346389132     
   29.637259653244222       -133.41625169370741       -254.50472402409468     
   31.726578780768861       -129.80001077309993       -260.00479233984436     
   34.710965749366153       -125.39165738757890       -265.80692548983848     
   38.555661942468987       -116.85705055534325       -269.73639500319592     
   41.674204238158225       -108.21978366266106       -275.46217071768626     
   39.471711968974006       -100.99911114139293       -280.71449800326269     
   38.909821615282596       -92.861183301277720       -284.75297243390480     
   42.278875092001314       -84.767372139738953       -290.26913791256135     
   40.780665105478796       -75.046905500995450       -295.47255308710652     
   39.845134687589230       -71.772016634298566       -302.88779957069761     
   36.229393565611559       -67.192016478732796       -311.27463223664938     
   31.227422593652811       -64.227557792053631       -317.52401697587129     
   22.807308911310663       -61.034401940062956       -325.17845941618236     
   20.045335237721204       -55.998361493544159       -328.48968186955022     
   20.427428916666486       -47.007300620495137       -335.24977701264714     
