   147.38157505187235        18.248743035391676        101.42091281185729     
   145.04832147915701        37.426905348083530        108.99378198644425     
   141.90634447448326        56.663911371934660        116.72490576949865     
   144.76956287309062        73.178064106939715        126.23453127405662     
   140.00751460438656        84.081023797000398        133.19750784699218     
   131.12128704730208        93.393737748555523        144.89464299559933     
   117.23578682261669        103.45408254937456        149.81870613637079     
   102.45138887459338        112.13471289354233        159.70133929626726     
   83.506206910843758        114.80771150543647        166.91818761771614     
   65.122923670457240        120.92492847185703        169.27756328893844     
   53.286023749645665        130.12779777402892        163.53575225949533     
   34.976757900132299        128.31396478268098        164.54196204101845     
   15.302025876480577        126.62531608751979        166.81130711863989     
  -2.8066945519979924        122.08378650515337        168.29869690483341     
  -14.313047108222499        109.09153969257778        166.20511112326795     
  -30.951958629598742        96.703696567995109        167.63576419602106     
  -48.768698536601818        90.462147272305913        170.43844257487265     
  -64.309310894317292        84.145670834900599        181.90876502888497     
  -76.482046994101552        72.422230722360268        186.17719356842554     
  -92.864222908661588        65.375771360701435        197.05968952521599     
  -102.99831214322862        54.511960059171606        212.80924570250332     
  -107.97277788755672        39.816911321944474        216.80609934708804     
  -108.96841735409311        21.071964913008614        205.41464398566148     
  -108.34850957571166        11.694763251902563        194.68159616954057     
  -107.40560381697802        1.0105055850964320        181.31016424416302     
  -108.87704979376244       -14.016181786755705        174.29575984956332     
  -106.01884685870805       -27.090991993649617        171.31800232691319     
  -103.99232996791517       -44.943457786971067        166.15981778902656     
  -101.31734438227613       -62.168679144434208        156.85685123380776     
  -90.009832572545619       -80.863172437900047        150.81776736606196     
  -77.426808329936236       -85.731060720616583        138.79511056887256     
  -66.883226554791378       -96.581047345185183        128.67801063917187     
  -55.157956624913474       -109.67564766431445        124.02284683317538     
  -44.520151427144221       -118.71837815321192        114.30850085842079     
  -30.415278815129660       -124.52349832120828        104.94101215163518     
  -10.820049544599517       -124.90106279790471        101.79017176176471     
   4.1720857958721522       -129.73206023602063        96.748043753278864     
   20.382066794062329       -130.54754016648380        92.392840430168491     
   39.969194773299840       -125.48673500781268        85.710693121285402     
   56.357883922705021       -121.47092008220173        80.750925296625411     
   66.117700313789868       -105.71648924038682        72.046206247376134     
   71.214183376437049       -90.537178846104197        65.784024194309211     
   91.940966549644699       -88.835898374218715        65.915676578961040     
   109.47668458024106       -82.365423380329233        68.411960840657599     
   122.60596152579353       -71.374394378579083        71.949937541007202     
   133.13843951923303       -59.678278206187869        77.128885669026985     
   142.74554988436211       -45.069443498735936        83.914029839276637     
   150.99350893561072       -30.354214825801250        89.968404978650497     
   153.18553872266693       -15.854316775043817        89.532348399101764     
   156.80855135661679        2.8155792847756653        97.192455939009832     
