   133.68130665850447        13.730613943888279        99.984606560131567     
   127.91060132665206        25.321285330281707        118.22357734741709     
   125.98782625514410        35.490810971653673        133.69590585206572     
   127.47920981152529        40.525021752654531        152.95988383093686     
   124.25881092514862        51.446556525868075        162.57500080093945     
   114.08841242896175        64.527777981119641        169.73849286983796     
   108.68407854770318        84.175764854628099        171.71462738176569     
   96.292290139491357        99.999420305092954        171.09899111383169     
   78.946222615223391        109.64616449363744        167.40786617884982     
   61.723330503376651        120.76286415115507        165.68175532530961     
   50.157987054916596        126.32419103069294        156.24579567441452     
   34.848873201283183        125.51986115134613        157.30611128692306     
   16.409070674547568        126.39812034970126        158.02151064481524     
   6.3547022241716822E-002   122.46810732196067        160.23640122650758     
  -11.253592829904317        110.56032480103258        165.58101697235608     
  -27.756515512914611        101.07707021825065        174.70060289486332     
  -46.393250135616121        93.754897503802255        177.33471540754431     
  -60.803836952708721        85.706240323433377        184.40252455287666     
  -72.097495887790771        71.072611871158699        186.34581205290883     
  -90.967573920516841        63.453557809894363        195.11054476578258     
  -110.61692230093368        55.313445414426567        201.46183703461014     
  -120.92769235230404        42.228491133644695        200.91043375081804     
  -118.92372914773740        23.497913092395883        189.62862774344461     
  -114.85389501415555        13.329652394216778        183.33597537380300     
  -107.03975032444008        1.5066589672607664        172.61943413818031     
  -105.84792376746870       -13.580008313244958        164.20386642689800     
  -104.73208178312368       -27.531303359123658        164.02738904279573     
  -105.18943673152920       -45.236647510833777        156.71989642613451     
  -104.26088396410043       -63.932286295771981        146.48681147336114     
  -97.505201937972799       -81.830461870249806        138.91723323693876     
  -83.096885536465308       -86.959141059322931        130.10278180889728     
  -74.285084645872800       -95.280853000779402        116.96795332749491     
  -64.441757739568033       -104.92982949342628        104.60101087836600     
  -52.408901985351456       -110.40795348746894        94.631087675516298     
  -37.110924463029924       -110.87485191275898        84.832315067727606     
  -19.894070858744413       -117.95596697986244        81.423514994239540     
  -5.7942050831756369       -124.34601566378429        75.396901491838321     
   10.130123791413066       -125.28474135502934        71.218776158688939     
   30.522206531837593       -121.76206554814722        66.791358529662489     
   45.489028191331776       -116.86655395512452        62.994421276473304     
   56.306700051983192       -100.09396138038169        64.169950972076748     
   63.529869668711491       -83.730672238341981        61.791624499830739     
   83.624006661310489       -81.161455575775094        58.617015954634205     
   100.41798911357600       -72.426174941617148        52.198810242580791     
   110.69101107986597       -56.967487610906936        49.276126405718941     
   123.79171030156353       -46.765758428509308        51.900782247157721     
   136.99327559740840       -34.358990320457437        58.834811788087812     
   146.32114958989484       -21.471847853760870        64.019982807398520     
   143.74540852617250       -8.2490651258965055        73.214528383900358     
   145.01636828732723        7.1376243830656874        85.490245648234477     
