   132.03720577110687        11.695716267503897        109.60751404778446     
   118.11405001544979        25.916569938828378        120.20992844324779     
   112.98777911220584        35.970641547592741        136.42306364445614     
   116.96947652806942        48.243669330779717        150.44594647610555     
   114.83240507706402        60.450719813366383        159.13007567233183     
   108.36701238577891        74.745394151376800        158.21566808123166     
   104.48253193394541        89.659914953857182        142.57682640248936     
   96.289436019366036        103.42747476140759        128.03993316712564     
   78.272049244203956        109.53226640977422        119.91049853246980     
   57.027892619334146        116.40487061597014        122.93482005113962     
   41.605037379938544        114.60915171179855        119.94309880547250     
   26.803884037648871        112.79773422999061        125.56193493838921     
   7.6966517065284785        108.11477722016940        129.66308138404210     
  -5.5723614949032436        104.38960959336057        138.32300971302368     
  -17.996453367333615        101.87861949759615        151.20180497887776     
  -35.600874837465341        100.39811103835352        164.49858677177838     
  -52.518666876821449        94.294169944580844        171.48353292372875     
  -68.452506567977053        88.640623221150065        176.86198132625410     
  -79.825124739568068        76.453557516627029        185.08421737040868     
  -100.97920037125914        69.893398614863059        190.44391911946153     
  -121.00625883657952        61.365905743385937        182.66305602418478     
  -131.05616500862757        47.863219283672635        182.13257639095252     
  -126.97342610343304        27.287607924933621        175.64373756426593     
  -119.12698552924363        15.425369248113142        173.90493532182606     
  -111.04766449273720        2.5096866934839248        167.78054106633931     
  -107.48558487441028       -12.464340261877503        159.58243949313479     
  -105.07870636850117       -27.214626122267155        161.96416536478816     
  -103.17853426381228       -45.579801690068201        156.84581545897970     
  -99.327136266315165       -65.511628891141683        154.89878002234087     
  -88.161113731778329       -85.020019588570449        149.67272558046756     
  -77.044753757303752       -89.970319568095661        140.31747637610593     
  -67.690138002508505       -102.20102482765652        129.10216310395515     
  -59.212828386745457       -117.54071375048180        118.42718270199016     
  -46.479628651909422       -123.68091342994158        109.79203971839641     
  -34.747425723256129       -127.56572293490485        98.771613873815738     
  -17.109273514535854       -125.40600128056340        94.490460360674788     
  -1.5903686757148225       -127.91765829637208        87.883897228398951     
   14.192849063501418       -125.04013986768227        78.090400316024429     
   30.939119548631346       -121.06938211452243        70.896039295353560     
   43.047093343509147       -114.86094364800033        61.243303115214999     
   57.536696455391635       -99.373905388493782        61.209343446623244     
   65.198903821804748       -82.877265020346144        61.018862934308736     
   84.268737442572288       -77.892871871765209        57.375034227895391     
   101.78806265090454       -69.688645962340289        50.684636413168818     
   116.98718104118862       -56.199147287920077        49.246800876303482     
   129.51434821069603       -47.633945210907434        56.045049698983156     
   139.20168576341794       -40.309715648733807        69.499521422808641     
   146.14494703410472       -28.020855904848688        78.593457141452546     
   145.92383678240668       -10.908104739005170        86.299426961951596     
   145.48325607392843        1.6178717031289209        102.46956536890825     
