  -53.010190695701908       -48.691883880241434        208.72901955528656     
  -52.079846112545518       -40.630820684572548        210.14612012633452     
  -45.538751126835606       -32.497107345725723        207.81623548288121     
  -38.531788069527252       -26.276879235285772        202.75793746438126     
  -32.307922444957825       -19.128941656720514        197.61481269967675     
  -26.894277900211069       -12.972157395309999        193.83607199888195     
  -25.248107378516309       -2.4068307574516052        191.28736459904761     
  -25.818690017007984        6.9087535608780364        195.56002334892671     
  -27.993774964745803        13.955687545441307        200.89327581224865     
  -27.033742039799414        22.085176744706601        208.42144448666411     
  -29.582842753333026        25.949714360906579        217.01865210960219     
  -28.460421644262262        29.463066677128808        226.84819583903868     
  -20.210233293268494        34.679721385618620        233.76468074094569     
  -11.852497899344899        35.792477809319287        234.29261491452323     
 -0.73281975310750092        36.267017665704898        230.89964260097142     
   6.8738972421357030        41.033270257733960        225.81894916910241     
   11.945166102045416        47.666163227140466        220.36838149931162     
   12.608814321139990        56.449691999808159        214.40342626015607     
   5.7818209199303814        64.495459246411343        209.75530146895753     
  -1.8225600559362554        72.282035673224101        204.36572671923659     
  -8.9367525802696726        76.437725905775153        197.35178014373403     
  -14.813637929863733        79.414724314766431        188.41580502886742     
  -16.471231285019691        71.807308884825218        181.30449704780281     
  -22.317477582039857        64.895102237479421        174.66489373387719     
  -24.240990232535218        60.807047766756448        167.08467097715621     
  -25.693192803915270        55.933061139594116        157.71078591474853     
  -21.406721936659473        50.405026125980783        151.79876697812512     
  -14.780434522455991        44.749138479056676        148.12334617214040     
  -6.2096274585472671        43.206748622690817        142.12565058673212     
   3.8871729895162925        40.472473306234171        143.24049542943658     
   11.976907283719280        38.035669368068419        140.76891041612222     
   15.871540657178066        40.839642869526145        131.71411557672491     
   20.276334891029677        43.884693909583589        125.52662993106024     
   24.332718636282479        44.559199088708858        117.83031395639384     
   25.308482327616673        38.557130777201678        109.03237715564951     
   23.003123357452434        31.234822700220956        101.28425142664094     
   16.383864058424145        25.289032390738964        98.115893170024947     
   8.7727386932776668        21.625981096064589        97.706917118764409     
   1.4590980831010087        16.837261891750106        102.94097434189976     
  -4.9915854067460295        12.991884443659604        108.48646299720768     
  -14.259799891792833        8.8035961215141576        109.02434703778101     
  -17.834805970459307        2.5316698459421794        106.89608840673280     
  -25.299809106267659      -0.11872535470488899        106.47304823146975     
  -34.758275352767839       0.36158287405545231        106.13298083042741     
  -38.104820002408417       -3.1273587854252440        97.300537955192297     
  -37.264159110771899       -6.9404966907098968        86.354941561336915     
  -37.955602946906197       -8.6531463567695539        75.460816156688040     
  -34.247524171474915       -10.705845173578556        66.367100218671013     
  -28.097842469824819       -13.228247384554784        57.806596133922206     
  -19.119262235866366       -17.705682817396248        59.502497354646785     
  -10.572421234823045       -20.013462736888112        65.734130560811877     
  -9.7298147207045531       -27.917847877057998        75.788320037816064     
  -10.661956938681261       -36.333315880147559        82.906080608853998     
  -13.735558495845771       -43.238718669520978        89.006862244839638     
  -17.202825613383464       -52.409605173974668        91.661638900631814     
  -19.310117717758626       -63.378147384818263        89.658562798115369     
  -20.783196527532951       -71.481657921013266        89.020097280495023     
  -24.141669160164636       -80.786747788639971        86.198822734218993     
  -26.660143818090351       -84.917923265550854        77.559393770670283     
  -33.748282242895812       -87.897026924225884        73.099554401168803     
  -43.736996821238776       -86.650985647355540        75.518729470742386     
  -54.889404074351198       -84.724049400770184        82.196982051209702     
  -62.417579203060335       -84.666244062262450        89.619440509564072     
  -66.903064881106488       -83.010246501623357        99.011327268261951     
  -72.468110949854761       -85.549920374188048        104.60807955773667     
  -78.349870284607633       -94.154845465986085        107.31070883983134     
  -80.159308485612883       -104.72906648825843        108.74239444494773     
  -80.153152152572858       -114.29047687345331        112.27172336111485     
  -84.235437430248197       -121.97358802487268        115.45159499552341     
  -90.596152268791059       -127.83113381792251        120.01812091005708     
  -92.395894343537051       -135.70469553131136        127.31877494062908     
  -96.725048123373128       -138.02688190136755        138.02665164273091     
  -104.12842254083536       -137.06648964966692        144.34250207089224     
  -107.95373584922747       -141.84393349986797        151.88058386364960     
  -102.30336536436462       -147.06804931309966        159.39591722429185     
  -95.248276662967584       -150.69980286173563        164.19778788827935     
  -86.618415229262354       -154.66672542256228        164.95645607625087     
  -82.206284128926526       -162.84421751137975        167.04780348047657     
  -77.206755979319766       -167.18779386354106        172.30221006571136     
  -70.062551645322671       -167.37470978056587        176.23222597318991     
  -61.741075773968745       -162.27615171562275        179.12872834348929     
  -57.428671663239214       -158.83953258337431        174.81414299892418     
  -55.164531930269355       -153.34892952273105        166.45465401634550     
  -51.663687488900266       -146.66899442520426        164.36980870619283     
  -47.849669264676706       -140.65497822971437        161.82589606922372     
  -44.299710455098321       -134.10927471032215        153.09049876770629     
  -43.392081618567502       -134.96203135073321        144.77634547356183     
  -43.295475730718806       -131.78021157202073        135.81687737655514     
  -44.905561034118534       -123.98297422241235        134.25041705628936     
  -46.750366513364582       -116.30408797102790        137.33538509121146     
  -54.335017926645435       -108.68081388909242        138.66178646950308     
  -60.516919029280920       -101.21005580236664        143.95773817459477     
  -64.045705542339775       -90.561212714636881        147.81210856957679     
  -61.598010764802055       -81.910292479859777        154.65623054123856     
  -61.856050045130985       -75.210313821133298        160.06137687390907     
  -66.533323892287868       -69.245521951824912        169.24524065679174     
  -65.694260172925112       -67.845391294707568        176.91097829567485     
  -60.918587452582173       -65.013693426109199        186.38994416001100     
  -55.342474061914295       -60.992596987694291        193.31437126710119     
  -51.441472020757232       -55.208019777888367        201.02119635951917     
