   109.87879816357588       0.11299210256477821        112.44236372413994     
   96.442852734851314        6.3327914626584345        124.33615350608719     
   90.018837258424142        18.414922833103638        137.63492372086128     
   86.120075158570273        33.751555130684906        144.93228515140186     
   83.888852977743397        50.190904937235324        151.06497699509518     
   83.594339911648078        65.688409809530626        147.18782263973173     
   91.053649448769093        80.705248742191799        133.70042017528039     
   90.684036218416296        94.897621327698630        115.69325895075784     
   75.023059535444503        103.36304315269537        102.25380869480890     
   54.408336824811684        108.58076839490070        108.54979323051238     
   39.350618980985836        106.56547239518140        107.85169334346735     
   24.091445392630146        113.33167271171074        115.19093390700598     
   5.8883923647624439        111.13354453768676        122.30811892595958     
  -10.971527215419330        110.03152172714148        132.86360609808239     
  -25.133483730369530        102.66659971093029        143.85372517654039     
  -37.331529166200504        104.93878353690762        160.12922209787271     
  -54.440115167645097        104.98812376074444        169.92835305161961     
  -69.384273594167325        98.339788902338000        173.49735156037949     
  -83.548165632274305        84.819101968111895        180.98753785522968     
  -103.43751047898779        73.675839086104801        179.71678156368608     
  -120.73473595677966        61.421766432173300        175.02536974063162     
  -128.81724204988535        48.517271255631705        175.22049924818938     
  -123.87054830177256        30.571247188363213        176.98889906339983     
  -115.22005144811853        17.780916245603933        178.04213703952479     
  -111.28280669810881        3.9750498507937353        175.15300679055312     
  -113.53329327202964       -13.884190144787306        167.58560048135467     
  -106.88798222885890       -24.134422761525229        164.43294598527834     
  -94.195343726307016       -36.820865835690086        161.24218149417251     
  -85.840931084587339       -53.974364942358122        163.75392667139977     
  -80.811374062477555       -78.173542480648962        157.83053138479198     
  -64.890117961571704       -83.891249550608848        151.52224155020775     
  -59.356572591512233       -96.703629638633231        138.72688644625970     
  -52.343901956001673       -109.21457321482741        123.96236442049880     
  -43.037673491975767       -114.66143712105583        113.18135524955461     
  -33.535442522626617       -117.31323227667345        95.661799219363175     
  -17.460734027399877       -115.94591622902860        84.506310396352319     
 -0.62909908613648291       -115.04583011806089        73.893643110094075     
   17.467700465520469       -116.96682146730012        70.481592354739760     
   35.310319440512593       -109.48570749894425        67.305404752445043     
   45.215540484863794       -98.078109203918117        59.645053494217493     
   59.530516487078856       -87.911487378452904        67.221817073483379     
   72.551428312700210       -79.945591091204463        77.976323850422830     
   89.628615393955513       -73.028691125147972        69.525887387727892     
   107.78310347400365       -72.983874654387677        59.942198439950943     
   125.03428438305590       -64.717003863464996        64.864641099975898     
   132.30362022659460       -53.547546649703264        68.561948655659222     
   130.32225008466594       -41.102697319488492        75.834016172292309     
   136.93228487022662       -28.755042660450407        79.316525835063601     
   133.81493864117454       -14.217810209273241        84.548148638150053     
   123.01230562795449       -3.1903838048183708        101.79781866832683     
