   2.7067991203723180E-002  0.67916406296039200       0.73348721831762398     
 -0.30606889181250962       0.82978131052510695       0.46667420130954074     
 -0.23661752689793406       0.91828524470575834       0.31743401727034287     
 -0.34998780400528473       0.92054211746089698       0.17352448538510301     
 -0.49988060006918128       0.86589697343933059       -1.8488295299456739E-002
 -0.51268702589014103       0.83073882568352775      -0.21685252358658774     
 -0.64928063850791695       0.75004941451530383      -0.12593858917742098     
 -0.92916149056792241       0.32160637843749840      -0.18228620845777371     
 -0.92209489141254886       0.37359911510561755       0.10082019848808808     
 -0.88205132292033694       0.41675358035358212      -0.21977697103416219     
 -0.87718695931755875       0.26004434357115219      -0.40363346959817359     
 -0.96862492011899237       -8.9054938777367532E-002  0.23202366690454418     
 -0.93799013042427937      -0.30467210204737483       0.16537661703116596     
 -0.77981661268862101      -0.62154317225999811        7.4633341020081442E-002
 -0.79614919337320311      -0.32787797019011733       0.50856906960136783     
 -0.45886759664975146       -6.6049293282788746E-002  0.88604628524796503     
 -0.57011763884500499      -0.21070207339021796       0.79408470212368121     
 -0.55633710622080157      -0.50922749563528824       0.65664022259596133     
 -0.53515905335447778      -0.60466809946815836       0.58989937879124865     
 -0.34135460274411650      -0.87124449368792090       0.35271811323475066     
 -0.76075195864338419      -0.64803086847025682        3.6227764627938933E-002
 -0.45312957958057642      -0.87044477196126513      -0.19235249692797735     
 -0.62753618282996970      -0.77584208956977840       -6.5325272989774807E-002
 -0.33032222488810481      -0.85634437789721918      -0.39694021487976450     
  0.16637061518586049      -0.81125547410296406      -0.56052241180941986     
  0.16221704555360694      -0.76932141975381474      -0.61792409181050001     
  0.29767991856820991      -0.76912724018513867      -0.56553510455710110     
  0.23612680553572651      -0.86652620322590956      -0.43974591621796666     
  0.33981124357235326      -0.79782009168373980      -0.49800744979122280     
   2.6793837713344759E-002 -0.58589183865090888      -0.80994619800505663     
  0.59987394027883845      -0.48301360202136601      -0.63784725133583786     
  0.64455285235137272      -0.60919667943919564      -0.46198595897057948     
  0.72399809600295939      -0.51872877669034623      -0.45469463733083992     
  0.81700938876953988      -0.37425614710706046      -0.43866615439876461     
  0.97810309460700162        3.2519954614226451E-002 -0.20556456132343065     
  0.96850135185799580        3.1136178615504558E-002 -0.24705398161223205     
  0.61711161983042440        6.2577710082082461E-002 -0.78438337493291721     
  0.89083302288717536       0.25964414514620610      -0.37282897315658348     
  0.81153266322611239       0.39990002567666449      -0.42602195481094185     
  0.94749720637661428       0.17858467726368632      -0.26524810452694098     
  0.94064850905108677       0.29569990767438947      -0.16655913971116343     
  0.88758761392842311       0.26542705980103676       0.37647935338637556     
  0.79520368042708334       0.29537765007153383       0.52953106658008064     
  0.40791842288686575       0.55043818674490785       0.72843693127302944     
  0.31924592925792827       0.78133853048042756       0.53627617646034220     
  0.28767906969847618       0.55829355520630874       0.77817032780267270     
   2.2097173993484098E-002  0.83077354546039728       0.55617176399441770     
  0.24045867393729836       0.77515238514995766       0.58422461940990444     
  0.35727238835041564       0.85780115605868057       0.36950455638162438     
  0.17254531160203768       0.97430770099722863      -0.14475019592957394     
