  0.21419510938568115       -8.7961403314188058E-002 -0.97282230990159035     
 -0.36191282464717661       0.55087525118469893      -0.75203428444992504     
 -0.74376296235054962       0.53730746100240867      -0.39763972159064420     
 -0.42844476928072972       0.89944103810549758       -8.6260643677702503E-002
 -0.42761577958609803       0.90301898473091446        4.1248736520347773E-002
 -0.46174758772746549       0.88660094527252220       -2.6980160669246037E-002
   5.3972613291215582E-002  0.84126383819071937       0.53792389012493602     
 -0.30951465947823842       0.94479169287882259       0.10756083225431408     
 -0.51098637675031156       0.80529317400099509       0.30065898736441699     
 -0.77843469188130421       0.35109348890560038       0.52035833088724215     
 -0.72308286417852274       0.62361274103808473       0.29708301995629943     
 -0.37908815811676039       0.90530301530982094       0.19162102923895588     
 -0.68504964715131922       0.69204835797547626       0.22754351487420033     
 -0.51639178688957643       0.85267569398228815        7.9269687301130376E-002
 -0.88771743748318710        1.4444658947668484E-002 -0.46016203995568267     
 -0.69762037763612295      -0.37902541918403565      -0.60800126670854848     
 -0.49221820799243127      -0.38342287581804463      -0.78147817245278572     
 -0.32988063701753545      -0.82678403268453871      -0.45563903324759114     
 -0.23278930625728445      -0.62393259073728136      -0.74600084524624777     
 -0.37675584881577318      -0.90880665862066135      -0.17923584359680728     
 -0.75756188975598826      -0.58913506095064705       0.28110471918487961     
 -0.93781823716632584      -0.24967971501727182      -0.24115761225210697     
 -0.97543678977421866       0.20867168161277574       -7.0563435629648896E-002
 -0.99594811907374203        2.7479693261864092E-002  -8.5628328091255340E-002
 -0.91629719179217839        3.0767585535334350E-002  0.39931542919614377     
 -0.76849866792264532       0.19621135341590745       0.60902454974476883     
 -0.87993008703372833        5.1688342707061422E-002  0.47228313241213982     
 -0.93428052339696477       0.34347251788091909        9.5637508654504932E-002
 -0.85984080709103838       0.51047888911376171        9.2244365797588546E-003
 -0.85459914573208995       -3.6114878336841905E-002 -0.51803090224107440     
 -0.50325827110624766      -0.72244581296705535      -0.47413411593084298     
 -0.83482139158376423      -0.20686540593259009      -0.51017638908762786     
 -0.97838920485188663      -0.14237237909626704      -0.14994888962497446     
 -0.94156529736373606       -1.2608738892670127E-002  0.33659443029241543     
 -0.68488244110455576       0.37090975403642029       0.62718577489233718     
 -0.74188682238392634        9.2199471875450176E-002  0.66415600588940549     
 -0.67679109279317629      -0.64488610957896297       0.35507143279615938     
 -0.88168880909739866      -0.19910877396766441       0.42776224709703381     
 -0.96651790273320315       0.22859433354643349       0.11656660914114979     
 -0.94617290102461049       0.18943043534902726      -0.26243656667879456     
 -0.25006443821567609       0.66457903812806751      -0.70413242988847646     
 -0.63808124061281424       -4.8072486417816154E-002 -0.76846689351436759     
 -0.66552409881211294      -0.18655507788804584      -0.72268587699948217     
 -0.11059640713441805       0.30572471353475605      -0.94567480365241974     
  0.19703085782366050       -4.9426810482554082E-002 -0.97915056629242914     
 -0.18404982251227708      -0.33388730577680775      -0.92447008057280988     
  0.22593846656174302      -0.75511619240398009      -0.61542777423271100     
  0.56375289039612397       -9.9828744455189314E-002 -0.81988834627069873     
  0.60045861814004264      -0.75632848605514114      -0.25964720118437401     
  0.35353173604464683      -0.84813983728576181       0.39455560827103348     
  -2.8570793770948587E-002 -0.94782777349247938       0.31749995518042790     
 -0.21164919648330499      -0.91002546461081668       0.35645234097678236     
  0.24439834757104048      -0.52206741499597042       0.81713833706658823     
  0.51817028194511927       -8.8998266071793633E-002  0.85063439123110174     
  0.48150545625939123       -5.5682651528807248E-003  0.87642540470687735     
  0.59070080921034507       0.43186893941052784       0.68158768560666327     
  0.73370294992275176       0.28819202063144578       0.61532539401441766     
  0.24924890737833627        7.9451995547345777E-002  0.96517478343263752     
 -0.43924560260099921      -0.48786416371666441       0.75435526004443831     
  0.15579366600240230      -0.35553046707352876       0.92158907362012454     
  0.37303318002279656      -0.88982650385062012       0.26278325602491437     
  0.65781168039651883      -0.57381557781431869       0.48787239703792074     
  0.48206758455539900      -0.81849472863755557       0.31253355518001119     
  -3.2758770942296067E-003 -0.85289302537996314       0.52207543122375877     
 -0.17224835458249277      -0.97385826563859890      -0.14808977949543126     
  0.24723885296897793      -0.89112515868797659      -0.38048508661432495     
  0.94246400741465719      -0.28573203010690396      -0.17354769286536381     
  0.68168268055445169       -4.3514982475754499E-002 -0.73035277046932889     
  0.74040077666784621      -0.38017691390700564      -0.55432139056849428     
  0.64733786222593159      -0.41755654686909843      -0.63765211698504465     
  0.74391368068716424      -0.23670594916630103      -0.62495018146709336     
  0.91098087590129850        1.1648005780792189E-002 -0.41228408616321288     
  0.96073698615867453       0.24420736150214584      -0.13170880006631813     
  0.85008345021954523      -0.35357722453568330       0.39030920300766109     
  0.97236807733155950       -4.1546205976197202E-002  0.22972643503851201     
  0.68439269531332814      -0.66772382067662595       0.29283363519713079     
  0.85790425377516089       0.10062039368159428       0.50386092101873681     
  0.98230788086547582        8.8591899169264462E-003  0.18706347036126680     
  0.88889935710877932       0.24512356454243461       0.38700435532125960     
  -9.1276768608180098E-002  0.40429644465467235       0.91006205082513125     
 -0.31738063636226477       0.85017066424283905       0.42009448142433237     
 -0.38364056794269424       0.62974108605386447       0.67545990196629113     
 -0.13997538604218496       0.26634830584244540       0.95365899108496988     
  -5.6340639112449784E-002  0.69229320432559871       0.71941354701520410     
  0.79825945242301599       0.15867071415057898       0.58103825268932152     
  0.85307793926083386        7.7955776856155193E-002  0.51592724913620347     
  0.47500659027757819       0.87605694159364156       -8.3023937984564450E-002
  0.41522056211757180       0.87873572482845530      -0.23540478054827488     
  0.78967826729199508       0.61351416006477055       -2.9342063212902392E-003
  0.85791388962937387       0.48892907493575838      -0.15789907429579594     
  0.95730404365306299      -0.21645637283658539      -0.19161316933844411     
  0.57996797541104794      -0.76507247072566276      -0.27982362665676802     
  0.82322858320150427      -0.17376375747288578      -0.54046355694806125     
  0.69343728160385587       0.17429850215486961      -0.69911713512717422     
  0.91504796574623248       0.40027209514514850        4.9693764516209250E-002
  0.95833147596271728      -0.12183484036029116       0.25837386449389360     
  0.99786836924500855        6.0704124520639870E-002  -2.3952597489403642E-002
  0.96764292564082022      -0.21560706100664534      -0.13107541226848865     
  0.47445847027531196      -0.27539127973369898      -0.83609138437772001     
  0.21699058255399231      -0.63098688183170548      -0.74482927039636959     
