  0.37904653757583440       0.74846112359873884       0.54417797531054313     
 -0.44854776190614093       0.64891763265243152       0.61458181824859892     
 -0.33144613374029003       0.69119484818876986       0.64217843491191273     
 -0.54340364694928778       0.66619741856096226       0.51077732524547492     
 -0.80043960204002640       0.59931289599204340       -1.0977075367892294E-002
 -0.60693156264504156       0.78597165353506182       0.11782460738150104     
 -0.60339750462939412       0.78270174332440368       0.15260875598719068     
 -0.91334519994311092       0.40706734613628037        9.8347064238289983E-003
 -0.90881631426765119       0.41393518277405189       -5.2063148029808846E-002
 -0.55561781148959588       0.30395763821462490      -0.77388539314713589     
 -0.92952504215632292       0.20084983291201242      -0.30926128212807213     
 -0.92959274497242816      -0.21613305140687986       0.29856964444526851     
 -0.99817673782549921        5.5554280870451292E-002  -2.3599193651626001E-002
 -0.69510421144780188      -0.70616613250709370       0.13475729489530541     
 -0.82154419680350554      -0.54829197895833526       0.15633629939470334     
 -0.79123270184916672       -3.0942753519694444E-002  0.61073182128417025     
 -0.70296679295873388      -0.24560170130918316       0.66747096739209777     
 -0.65266596171716507      -0.46190946594782434       0.60055539934597324     
 -0.52802200055574611      -0.45068387437338142       0.71977552911230791     
 -0.42877744478703417      -0.79475688098939745       0.42954790531662973     
 -0.33048294597208949      -0.88450860666329778       0.32928034736400402     
 -0.60553328516171923      -0.70394419585020518      -0.37120346131206872     
 -0.64152164123780497      -0.75982694190869682      -0.10541822505254357     
 -0.37331229549300926      -0.48129731278092058      -0.79308941913481690     
  0.16101396957033531      -0.91459170834733594      -0.37094003373254275     
  0.47016377387048780      -0.61210426292937559      -0.63582575997166457     
   8.9133430254282775E-002 -0.83685706093636503      -0.54011618303106690     
  0.41321174913450570      -0.86788008394272509      -0.27575389439274789     
  0.39764378309311016      -0.75587264365402407      -0.52013072236013314     
  0.25107823610747926      -0.54394994164222354      -0.80067357914482018     
  0.67383319360370131      -0.40540660718070243      -0.61773320297039735     
  0.56721595340939623      -0.59331776218624754      -0.57117431251078798     
  0.34952071870031726      -0.32645628130740045      -0.87821498711542989     
  0.59409173654374869      -0.21394574929896099      -0.77542390015225859     
  0.95391212493150557      -0.11533008477982193      -0.27703903958348414     
  0.94605271161773064      -0.23104764512895962      -0.22715909077362822     
  0.84523706845956958        7.8498330061911495E-002 -0.52859465593152311     
  0.97149743156731683        7.8561049847106212E-002 -0.22365353094692350     
  0.97007434519150637       0.14502932434675589      -0.19473638561088816     
  0.72610795261275818       0.57340836192120626      -0.37943390943792105     
  0.82273364340454602       0.45191714513736325      -0.34479014768576965     
  0.91179295766929458       0.22034219801669058       0.34652982284047573     
  0.70259807897688409       0.40419391642095848       0.58564769046439302     
  0.53798071031217909       0.46196538344597854       0.70509909929712000     
  0.49321689989547224       0.70839247334474986       0.50489324947557312     
  0.71312053228810190       0.46583598704746432       0.52388542602428523     
  0.27545858687429364       0.86543338266859426       0.41850642418009615     
  0.41774549601229838       0.84931107895296765       0.32273734170248247     
  0.36268880677356519       0.92015741387063599       0.14753698905721860     
 -0.24154201603309416       0.89733356479911841       0.36939129385459823     
