  -7.1432368107608585E-003  0.97923691784810174      -0.20259326960986368     
 -0.23567810573831699       0.69330984826733966       0.68101195640834167     
  0.60337725845826262       0.63930772774510980       0.47667757784562681     
  0.30212534133971009       0.90210792491827130       0.30809344348754375     
 -0.13486898256434127       0.89295848319200355       0.42945954971043576     
 -0.67917981329688815       0.68995947472592656       0.25034117608959650     
 -0.94235494230839101       0.22922337580114654       0.24376998726928420     
 -0.39745319286604774       0.82883669153805051       0.39377747299818927     
 -0.45677589234178251       0.87117247727771752       0.18003971508853928     
 -0.43417472000586438       0.85368343090140619       0.28760548032370087     
 -0.89107379778727691       0.45293785249183111        2.8892709755900206E-002
 -0.94257497078493113       0.33359727299531194        1.6287538177097910E-002
 -0.49208063405066771       0.87044743164188687        1.3338603387524135E-002
 -0.94934106804664586       0.26713205680417579      -0.16550528918321086     
 -0.90521505808846037       0.42448742914132365        1.9902791535093861E-002
 -0.89872298239450310       0.35973984955758304       0.25076730559666677     
 -0.39484201126706958        2.0800524679336803E-002  0.91851354062508894     
 -0.52175990838746156       0.16360351900438508       0.83725771813037486     
 -0.49298975549488733       0.54429725534552575       0.67875002674063356     
 -0.32205117789803184       0.51133600395877132       0.79675499990270582     
 -0.40010743001972698       0.78114490075970244       0.47929812065156369     
 -0.30152241713838401       0.68865994744549663       0.65941770430235302     
  0.62672130981798913       0.63526114365062458       0.45129112464984045     
  0.81865676244677466       0.49278477774805873       0.29489704664502076     
  0.32238259945827730       0.86937367715587799       0.37451150721304560     
   6.8124331773936425E-002  0.97529936296659725       0.21011955648464151     
 -0.63998209761235614       0.74753933009139295       0.17778600817330339     
 -0.59475243549620194       0.72674534098777988       0.34367244554064519     
 -0.58024613962473170       0.39838923685610172       0.71035233047256796     
 -0.80017040554660035      -0.50959842280143131       0.31628589846162802     
 -0.76629177757984657      -0.43841264994938378       0.46967143832457525     
 -0.35946412538592509      -0.55465995775448262       0.75042512872658962     
 -0.34812683952934936      -0.82501820299426065       0.44514342444590183     
 -0.45203405783805101       -7.6376985547215004E-002  0.88872479802984106     
  -6.5084155591770318E-002 -0.92266976313213878       0.38005862823067743     
 -0.19637833679783176      -0.91111509281484504       0.36236009228598365     
 -0.71061153131084198      -0.40232085368849779       0.57720809268011142     
 -0.54675643139164809      -0.83221134820244835        9.2096018670318844E-002
 -0.61550705005463369      -0.66241188011604046      -0.42703813929691026     
 -0.56096772737042122      -0.74238033483936949      -0.36631495641407114     
 -0.68441244142530455      -0.64415690582323948      -0.34152816970562805     
 -0.65202508800655734      -0.74584937559952591      -0.13627910158140960     
 -0.21111629496262013      -0.97520554080594557       -6.6363116131180636E-002
   9.1883261089704321E-002 -0.98964733899297441       0.11025248639211281     
  0.66596848213257653      -0.72200908355681870      -0.18758695068545522     
  0.20897970292687520      -0.91832504928910375       0.33616452461964663     
 -0.21071260701598704      -0.92469677401257622       0.31707423953273106     
 -0.29012878099627676      -0.84119403366366119       0.45630898321890145     
  0.12389145737041768      -0.89227746260936880       0.43415646547069925     
  0.42366840396202993      -0.89850234212489610       0.11488526746426866     
  0.41121666305391408      -0.76529104662170089       0.49520750194989915     
  0.45715652277588453      -0.65386715806230655       0.60288112699850305     
   3.8325394926872869E-002 -0.31467541403587673       0.94842529906421547     
  0.31974356004856780      -0.79550037337667145       0.51472634648426663     
  -1.2894186424696447E-002 -0.41674045949177313       0.90893406217339434     
   4.0672324985038227E-002 -0.93020924204650457       0.36476914342029737     
  -2.5540744053710097E-003 -0.99847740927119411        5.5102993376143529E-002
  0.59541873802701906      -0.80192304036925555        4.8948582525313408E-002
  0.49894399888243329      -0.85837699052574301      -0.11934750988258643     
  0.32767285464405455      -0.64274749075892268       0.69246383548350221     
  0.13912840156384318      -0.97652094219596597       0.16446925953196945     
  0.61695989703713749      -0.69889471196535502      -0.36181026386047155     
  0.42093796829430796      -0.84770111742601395      -0.32282199795389649     
  0.25867256263840988      -0.96169557068226164        9.0720089661513709E-002
  0.57492299503566291      -0.81382200218925738        8.4600818742438882E-002
  0.46088874196589102      -0.86838374718226030      -0.18300610688934896     
  0.24025961308332416      -0.70574553079296454      -0.66648223088602188     
  0.17708684050102091      -0.34021619370368922      -0.92352216674162124     
  0.20347477478182757      -0.46972251121259073      -0.85904527150064591     
  0.33471991070387858      -0.13108589836890538      -0.93315543647733434     
  0.74651816185560405       -5.4106409351319107E-004 -0.66536481817824467     
  0.83404265967535729        9.1191033299178159E-002 -0.54411123613419221     
  0.92202766545473891      -0.21642798596362173      -0.32097338055952107     
  0.93697507990611473      -0.13818667188112213      -0.32090830987891755     
  0.48112383427956840      -0.17145974650747539      -0.85972170579537566     
  0.73633642037605385        5.6003993890451076E-003 -0.67659242646844298     
  0.67095535468791723      -0.33992066397449167      -0.65899381956035363     
  0.80307309943207694      -0.20373978314570235      -0.55996758632289756     
  0.72298612728142009      -0.18159326599979145      -0.66656953538407093     
  0.92097038113822938      -0.37788412993711001       -9.4958629980510273E-002
  0.64479728686706839       0.23150686984301638      -0.72845111576848753     
  0.70701450461708693       0.42992072643881996      -0.56151461177726503     
  0.52819553974316258       0.67117056357265092      -0.52013416191305517     
  0.61069064444844767       0.56743909013409277      -0.55233125547168560     
  0.33676321038068430       0.72001538302842327      -0.60676880962729518     
  -3.2323546766276932E-002  0.58778025699923409      -0.80837463951212396     
  0.16432497918870556       0.59358001533920335      -0.78781981861625039     
  0.48784797260693968       0.72640619582627342      -0.48408511058335540     
  0.25654074426246021       0.86266689053758971      -0.43588150052906144     
 -0.21931658977041149       0.82549337124942701      -0.52005858081059420     
 -0.17469262162910582       0.87042175359591512      -0.46026998469959390     
  0.32829932314670840       0.73072242208553440      -0.59855183257831801     
  -8.8908036593919659E-002  0.86670280179790693      -0.49083766602072104     
  -8.2778920343777040E-002  0.55518979987703321      -0.82759406502174560     
  -1.4468046943935775E-002  0.55459912918914900      -0.83199187587395695     
 -0.55512756904475746       0.16207444980181263      -0.81582182785697765     
 -0.72257453628291846       0.35646462919696703      -0.59229976164691833     
 -0.58986372492599370       0.62098440138015476      -0.51617744939019294     
 -0.15650927797444886       0.76987761489105455      -0.61870292063119980     
  -8.6159933222783383E-002  0.73947443882994268      -0.66764812605457524     
