  0.18693032526213516       0.98053412643791071       -6.0082280150121542E-002
  0.43933313087237436       0.88439334811213866       0.15759062768096130     
  0.18640744883841781       0.94884815318708771      -0.25483219029589543     
  0.20804461081222925       0.50391590350817983      -0.83832344718701690     
  0.18619561144982488       0.38577980758705860      -0.90360673654799495     
   6.8792465922246609E-002  0.50662230333729941      -0.85941924483545706     
 -0.12454133478482116       0.77140266091003029      -0.62404117706361084     
 -0.23972285839557619       0.91737622119969375      -0.31773230861847607     
 -0.33102168807571913       0.91432069468402477      -0.23332875797044028     
  -5.4757569229302958E-002  0.95392178775026881      -0.29501666303352009     
 -0.28255923773627928       0.51959199473339057      -0.80634014917953456     
 -0.61073884833484071       0.12516797370814797      -0.78187661270332987     
 -0.48374911293368850       0.17318621358949232      -0.85790053686800249     
 -0.96041409349876894       0.18761370182775661       0.20592685083646245     
 -0.90816148646669792       0.29618286856143095      -0.29583512784880939     
 -0.97558935364285837       0.10511362522988910      -0.19281218542856515     
 -0.59502952807144394      -0.25395538523408512      -0.76252640808937133     
 -0.81060994493919114       0.47817612038149038      -0.33802235882051418     
 -0.70181601843531483       0.49496007915048157      -0.51231708571444456     
 -0.24755801425794316       0.62559382255421703      -0.73982930379828948     
 -0.52397279796198726       0.77317693378225016      -0.35728131222183740     
 -0.38059666714457380       0.38302796236042896      -0.84168625806083985     
  -7.9425752426964702E-002 -0.29615619067051324      -0.95183142445442492     
 -0.56382157126215582      -0.81706187474803249      -0.12047874755615864     
 -0.73355683361132284      -0.64475252232608349       0.21491523169911561     
 -0.93190396491525729      -0.34744035121969086       0.10411629324731500     
 -0.55541434433933268      -0.29571544437339808       0.77721765423924294     
 -0.52715666658894433      -0.26483744541197107       0.80744472032362269     
 -0.48037765143602335      -0.49230742874160188       0.72585860028426896     
 -0.65558675838637603      -0.31448279990134481       0.68651771338739065     
 -0.79278782338396714      -0.10380267013745033       0.60059343383560360     
 -0.61124609656474149      -0.60067020681638961       0.51533825015956392     
 -0.36712906618272956      -0.83849874888384457       0.40266126816968889     
 -0.47499500993477006      -0.73598049672590504      -0.48240278707337336     
 -0.52022029509970069      -0.73681589806597814      -0.43182540097081734     
 -0.58741401261352932      -0.49490569122258365      -0.64032268004558879     
 -0.88939116348028513      -0.39407706873105225      -0.23170373804391420     
 -0.85282681483129297      -0.44216501885823190      -0.27780662339621931     
 -0.57330356552346251      -0.74412357122475015      -0.34293313124545199     
 -0.66298741115998205      -0.61540705443141586       0.42628845867490694     
 -0.76919083927739740      -0.63439896540562368        7.6703360187163741E-002
 -0.55539737852950655      -0.52483279555807927       0.64504595854035385     
 -0.99058853670001701       -9.5715641061064755E-002  -9.7841029301521359E-002
 -0.56741571328467921      -0.77156535860737885       0.28762181022082184     
 -0.67836940898035825      -0.73462944257269291       -1.1598580299547981E-002
  -4.6001949161411419E-002 -0.96993205256761839      -0.23898877395249449     
 -0.51153822673372373      -0.75234323851207896      -0.41510034215267771     
 -0.39615658043139013      -0.81927213921729924      -0.41455171653632045     
  0.10243490002271016      -0.93268872843011530      -0.34583063357190835     
  0.26757885493685879      -0.96348120511920365        1.0272476464866937E-002
 -0.28018512550677110      -0.75061684164891673      -0.59839005045016691     
 -0.39589123696130241      -0.61372147193189996      -0.68309302689091100     
 -0.20658104052085446      -0.74395370231134994      -0.63549757081719138     
  0.34877919434153787      -0.66986520249306969      -0.65546447965040588     
  0.48988626488971343      -0.37388526167722902      -0.78754127420278508     
  0.46848452544991542      -0.80196330050474829      -0.37064418794510962     
  0.39928691000749017      -0.80202384766241075      -0.44421583861614700     
  0.91006872440478515      -0.36992265648264544      -0.18690143145804275     
  0.99096329533755223      -0.10418286429617109       -8.4484780172397911E-002
  0.99978601602365968        8.2940795580008844E-003  -1.8950736339914606E-002
  0.83136887033932272      -0.54319863015260661       0.11730750031882271     
  0.96248748586085664      -0.23729193364972390      -0.13156890888816264     
  0.74828104624553815      -0.57754097516602698       0.32637692601340795     
  0.57497338553425281      -0.44066824454208853       0.68935992353738884     
  0.56764835642385725      -0.33612708278701153       0.75152772914004462     
  0.70679984351239233      -0.38309339151103483       0.59470449350196608     
  0.96017787785005526      -0.23791952049690884       0.14646755495290245     
  0.97254371846367682       0.17319595029586840      -0.15544091635715815     
  0.94481702996460082      -0.12922518811196559      -0.30103426822588919     
  0.97199841089153993       -1.5660952607057174E-002 -0.23446497347740675     
  0.97832735498432599        5.0946341379104434E-002  0.20069892074811019     
  0.97930111538824949       -5.1844054766022607E-003  0.20234240123903746     
  0.92565637979926241       0.31188038724549316       0.21422159225559828     
  0.53545623849423796       0.83990643835554446        8.8565182021507260E-002
 -0.25368705472400455       0.73188256806889718       0.63244824675410349     
 -0.62082463483833872       0.16489263051639963       0.76641189524904230     
 -0.93253065995013817      -0.30824788368610417       0.18806863230214951     
 -0.16472980086221001      -0.23968959306080778       0.95677217334444209     
  0.65389788943186045      -0.30175333960298528       0.69380290589980276     
  0.27808756259675516      -0.95650568750615927       -8.8114569155001210E-002
  0.80840985353757255      -0.30368724967856120       0.50422967295275201     
  0.69158029930070664        7.8368327683422945E-004  0.72229915925444166     
  0.89231517871023303       0.28603576457099555       0.34922365788934273     
  0.90680981230778013       0.25760376976449373      -0.33367088890919872     
  0.93546594689347662       0.30271060070157524       0.18239998471925914     
  0.86529805320495912       0.37386148422929860       0.33389649553354300     
  0.74606222368939790       0.62653844914204693       0.22547889065345894     
  0.49906753564294820       0.73775047206078959       0.45459414409048771     
  0.72311030604895310       0.51978648181731679       0.45489943790443643     
  0.89514279457877433       0.41158023006844069       0.17123402562141762     
  0.36780079413521449       0.92790381428888846        6.0967919938607895E-002
  0.30943707858075958       0.68292142518377030       0.66171521172206504     
  0.63914208574050069       0.70218202257507012       0.31374799028467221     
  0.10394416297043817       0.71671149687982461       0.68957975697134621     
 -0.25907523831881940       0.84755304143417176       0.46317800341309134     
 -0.37939947933916013       0.63901414330886441       0.66911655167722028     
 -0.13766844131156680       0.98889031337490241        5.6065572146646481E-002
  -9.4495445917691406E-002  0.96151998076283496       0.25797274525549230     
  0.17921589964349766       0.80613588977701844       0.56393846165019212     
  0.40881571475920481       0.80540616398330045       0.42917434963382894     
