 -0.60714276581092763       0.47553577005708841       0.63658730219795290     
 -0.32503694754234513       0.42360851208747863       0.84552162078765736     
  -1.2922995522636815E-002  0.27722884846136320       0.96071700399623650     
  -6.3843924182811707E-002  0.66240886398776055       0.74641707527051060     
 -0.64708124098825559       0.52807334260655125       0.54993127969723843     
 -0.38534960153503839       0.92269656168567116       -1.1693573030774437E-002
 -0.49726417735979972       0.85812848291017596       0.12784304726093038     
 -0.95323689359215102       0.28528055861695900       -9.9771877650867091E-002
 -0.76250147964528436       0.63469946193889892       0.12549138039413552     
 -0.71577169695458620       0.19040119392887464      -0.67187667260384210     
 -0.98735160075034989       0.12022224010809344      -0.10336067665755763     
 -0.97498727177927524       -4.9645676350454485E-002  0.21664516308495618     
 -0.99718299816767819       -3.7737321660492706E-002  -6.4822547922825824E-002
 -0.82182173255664137      -0.46162077013482272       0.33393907300244119     
 -0.81481438246452820      -0.41408381789662457       0.40572418449619035     
 -0.89185254945577819      -0.40784399023977808       0.19560753987133517     
 -0.82595243612725400      -0.38268378985494866       0.41395131384947292     
 -0.57726150653274355      -0.81397098869351359        6.4964472143241650E-002
 -0.79759028034044066      -0.50239281118705104       0.33384308885167430     
 -0.98710867421325510      -0.13313114985669786        8.8840093599590678E-002
 -0.58642412696876778      -0.79408155164119909       0.15981624652088947     
 -0.16364138532250883      -0.83075595493155752      -0.53203951014514184     
  0.16981311082188066      -0.73364980360043963      -0.65796768391010718     
  0.50918450531645720      -0.71396112549115542      -0.48061486746982435     
  0.18868414733785510      -0.75571135136789802      -0.62713526926580210     
 -0.19470799518093129      -0.97135008062445716      -0.13626377905916193     
  0.22958654255799729      -0.93919870036690389      -0.25533472287446429     
   8.1842126472854826E-002 -0.86096642671261558      -0.50203453905892748     
   8.0914759356723751E-002 -0.87008081378985125      -0.48622235571087574     
  0.91440443630577217      -0.13442320908323618      -0.38183101985575463     
  0.71484466018061421      -0.48784732921634211      -0.50100109300054418     
  0.35231594276586936      -0.49359280534578359      -0.79513496903599534     
  0.80823340145831790      -0.50013303315585134      -0.31084677562015023     
  0.79677987504150816       -8.3082846945873506E-002 -0.59853076050626541     
  0.91977728642526779      -0.39143627798738023       -2.8060357295624047E-002
  0.85742857368964076      -0.20683727351846712      -0.47120545763392541     
  0.97283523403003047       0.14324778360594614      -0.18185620671762293     
  0.95803821959209667       -3.4125568972363796E-002 -0.28460185407533722     
  0.97105824046435407       -4.6806835121203844E-002 -0.23421147241800577     
  0.44276737845083824       0.88569646143814984       0.13963819955768200     
  0.26268316601943681       0.94333184166590645      -0.20278705774583605     
  0.91001878029941274       0.38463687584873890      -0.15466186743890936     
  0.95999567068695657       0.26625881714839350       -8.6686530401433412E-002
  0.60759670034709690       0.78701647198893177      -0.10691736316152521     
  0.73050696148118743       0.65432980053612799       0.19547913279394047     
  0.68024059901204248       0.72090149948829885       0.13256604199892696     
  0.42358844948735408       0.67762373995635561       0.60116461348657291     
 -0.21402391902780252       0.65832349142270297       0.72166747378900631     
  0.31294332774411565       0.73733661440349507       0.59866617632903862     
 -0.51070170993642394       0.45044209898964721       0.73231528655751432     
