 -0.80149465914731943       0.59559559236632620        5.3592925952264781E-002
  -9.2300645088443031E-002  0.99054191879828835      -0.10152486404653052     
  0.47137090644730700       0.85701381810538280      -0.20817488833066952     
 -0.12790240089899133       0.99167203280711669       -1.5084932630827469E-002
  -2.6131884577586202E-002  0.99691206146966149        7.4050430820749580E-002
  -7.8707545429265789E-005  0.99995360527525790        9.6322947491934777E-003
 -0.46443486823603775       0.71565757891296955       0.52166510608914707     
 -0.52137008961139841       0.41478273741616056       0.74574024324838506     
 -0.74740244958506641       0.63376515456015114       0.19932713618468001     
 -0.55423109239729973        2.7564307090132356E-002  0.83190630794262665     
  0.37723078986663816       0.10331202294330921       0.92033882733042927     
  -4.0792357711049297E-002  0.61456746889544311       0.78780886624092761     
  0.33344469245666586       0.92991091717882712       0.15517835926476919     
 -0.18270684566101072       0.98165792240685623       -5.4460370219598597E-002
 -0.41360451222432959       0.75457428651491354      -0.50945947198789199     
   3.2127435819884212E-002  0.67353285641712468      -0.73845874576324511     
 -0.49310638222861897       0.30808694360363925      -0.81358990344421678     
 -0.49533899007670584      -0.12079907528414230      -0.86025976793075820     
 -0.14317173003838124      -0.34778460256380106      -0.92657850500503292     
 -0.36630844781209049      -0.10201148856093065      -0.92488473728518206     
 -0.59321836032300512      -0.55202260452415952      -0.58597186030563497     
 -0.22800395648583774      -0.39626126823405017      -0.88937686226050738     
 -0.34973678256010676      -0.39803395488808774      -0.84808793982737718     
  0.38351913895367185      -0.17618315497478720      -0.90657187578225862     
  0.25793884382654630       0.17807794453258818      -0.94960823422950191     
  0.66714423506237708       0.30554967428045654      -0.67938057535532503     
  0.49059594188071592      -0.55039393746346055      -0.67556060824595088     
  0.85051395334836466      -0.32893873128163947      -0.41039654752757349     
  0.79492478739234018      -0.45706081228988793      -0.39898621061151707     
  0.76081246583234974      -0.40053395354655486      -0.51062407296411272     
  0.94013149164864107       0.18401007620983773      -0.28686768773032278     
  0.44250410180885708       0.48943248386551835      -0.75142928051783775     
 -0.27473558510154611       0.11289399275705708      -0.95486926051595133     
  0.54137181913803445        3.5676750410020830E-003 -0.84077572820460222     
  0.99392345848608210        4.2361103531964997E-002  0.10159574586868192     
  0.12317194139993227      -0.82469399420411094       0.55200406590480910     
  -8.8042639568630496E-002 -0.99001106301629971       0.11012079151154019     
 -0.62127566448031324      -0.78355795283523044       -7.3132259102380026E-003
 -0.67131897761131798      -0.45725861677218671       0.58330556973722947     
 -0.18297159612412819      -0.96366945273745941       0.19458309503262605     
  0.11824820033508332      -0.90105808467362203      -0.41726693034772566     
 -0.51693090268207753      -0.50062497918902982      -0.69437531066727376     
 -0.53122228492268364      -0.46179405837181181      -0.71031621947835177     
 -0.13089000563028091      -0.22470863326631918      -0.96559506862953892     
  0.64721900329770710       -7.8160364832998597E-002 -0.75828656795402505     
  0.84358887925879511      -0.30284714501019860      -0.44344267899026013     
  0.89870392348678296      -0.39591036413673081      -0.18864315910889073     
  0.81293166168763742      -0.50159409016003920       0.29588085801939668     
  0.55212888487443346      -0.71795610625165529       0.42390178577504833     
  -2.3142495226295842E-002 -0.26521775671594716       0.96391076684372501     
 -0.84178290300601111      -0.34669407171623690       0.41376897520668510     
 -0.79967231874003553      -0.32839401534224238       0.50267440090810689     
 -0.84673850547601381      -0.43646858611105582       0.30418592453045717     
 -0.57734659937028243      -0.60091284922657817       0.55278807135280739     
 -0.21886334334433521      -0.95640652391755165       0.19335303966600495     
 -0.39188979345817787      -0.64570600483392282       0.65535192462120784     
 -0.39770250294821685      -0.88970131233380101       0.22419699815169136     
  -2.4762799032848309E-002 -0.90064666401506821       0.43384604456256948     
 -0.17490100375190629      -0.72352613942847166      -0.66777209020017636     
 -0.51863991274689603      -0.25465513521829103      -0.81618833795445145     
 -0.68359286210712822      -0.14660879659910714      -0.71498717445556670     
 -0.92320813573046223        2.5273442916765865E-002 -0.38346837053951055     
 -0.76588570969140635       0.60826200384671691      -0.20841404551247203     
 -0.89141637935331774       0.44786522688860803        6.9235663964750935E-002
 -0.97556350622945998      -0.20783646111101728       -7.1273071675993518E-002
 -0.78748604842504955      -0.49541561862945027       0.36664572594521955     
 -0.55607003904159358      -0.27071931773855579       0.78580987693172411     
 -0.79413786774422201       0.14676884004388932       0.58974906070873223     
 -0.55836320052548361        5.7053704097816210E-002  0.82763241306008384     
 -0.46803756977939437        3.5309095161252885E-002  0.88300288848558750     
  0.14511286400364978       0.12814688785787021       0.98108135841682287     
  0.52941860918237571      -0.15007419258442350       0.83498124108959804     
  0.71453177093399045      -0.14024976308003578       0.68540086977033043     
  0.29028779860316511      -0.66432943532947231       0.68876657536275887     
  0.29525435635318265      -0.56741367068477344       0.76867847073694506     
 -0.51516821682644964      -0.69237126254836379       0.50519673709261992     
  0.20237386728178589      -0.52265924658328144       0.82817397314960095     
  0.56176143052577832       0.22109086939913061       0.79720945970426071     
  0.70198161708246753        9.3501299969154461E-002  0.70603067651650386     
  0.75151863578623168      -0.17991754199080986       0.63470419736281825     
  0.71659817870050069      -0.14527546197126043       0.68218918961836028     
  0.29945343167524352      -0.17620506938171016       0.93769900062978562     
  0.89138689097182533      -0.12288833151612863       0.43626582330130070     
  0.90549902991065845       0.41892957691199861        6.7598198342754212E-002
  0.72810599554641342       0.37765584989086343       0.57204695462223554     
  0.25147778770217377       0.28316883385630537       0.92551301115914730     
  0.59957404479890031      -0.40922989023631229       0.68778038772609906     
  0.96829965211756719        6.8394397174461413E-002  0.24024568704587601     
  0.51293415825440980       0.35160037840384628      -0.78311922668397749     
  0.64774664607315791       0.29748991118754325      -0.70137296443661856     
  0.78680332674420961       0.31129995650704906      -0.53294733520579840     
  0.55778990813964302       0.78673360590435615      -0.26442513442995930     
   8.1926172824762639E-003  0.85456318910431150       0.51928281008515575     
  0.24118402927389976       0.78434364958580149      -0.57152016882838852     
  0.28849628634410251       0.75355086653881853      -0.59070380420669066     
 -0.57565790996058896       0.61242867188346817      -0.54180170962710128     
 -0.54138398083485817       0.80187778013023747      -0.25277541618757721     
 -0.81779368166222233       0.42671191924456520       0.38617409572363576     
 -0.87494644971577529       0.48317579140807942       -3.1778368852651284E-002
 -0.87276691596043365       0.47380475637826552      -0.11741789999077806     
