 -0.38593911158452610       0.74912510844835456      -0.53838886879428327     
 -0.64191608423936808       0.58496502488313640      -0.49574152585623332     
 -0.90656168447372432       0.40117695242360951       0.13116007429192184     
 -0.13985525163903612       0.96444044067769563       0.22426579091424462     
   1.5808742441716216E-002  0.90426319901541741       0.42668272822884556     
  0.24236751623302721       0.95170864695597979      -0.18843735931138950     
   5.6176280750246194E-002  0.56996555696773088       0.81974599075050791     
   9.7344588463222956E-002  0.45969143183940270       0.88272748829430114     
  -4.3313379126292871E-002  0.82076363450489054       0.56962356645681789     
 -0.68254131490924852       0.71808750959542944       0.13596941569702975     
 -0.81941433073383996       0.48362976064486646      -0.30767256817370936     
 -0.80443780981521007       0.57937372657127206      -0.13117124341343731     
 -0.98354160424646297        7.2008284722380800E-002 -0.16571276247662059     
 -0.83722550898814974      -0.21612019062955182      -0.50234003454012632     
 -0.97936344138414366        6.7674062159581216E-002  0.19044020318996141     
 -0.95425721814533981       0.25232803010025107       0.16038618033745203     
 -0.91296513230608167       0.40462904609185718        5.2630810863303588E-002
 -0.91314817554433569       0.35534232196119730      -0.19973042763502846     
 -0.99608788339447663        5.8551706934075236E-002   6.6186298958337053E-002
 -0.93334324829589932       0.29697011966332915      -0.20169067625351042     
 -0.30041315471229368       0.72529940814086102      -0.61942933820276480     
  -5.5361564722838277E-002  0.46422028323637721      -0.88398791042828806     
 -0.29622419595920146       0.35825914919513163      -0.88538218174204442     
 -0.78819683557905573      -0.29080719632850516      -0.54238079146178475     
 -0.82851526705009071       0.36809101229296881      -0.42198514065551573     
 -0.83007767798904863      -0.19394333574404260      -0.52283556786506213     
 -0.95625203587390162      -0.27547464360911134        9.8467073763012933E-002
 -0.81456525961680359      -0.38044945253608636       0.43788314867142425     
 -0.93403114546308597      -0.16496047223531754      -0.31681834212180487     
 -0.89587880750540216      -0.44223282115093770       -4.2793622884495008E-002
 -0.58181806366986000      -0.72412359757566491       0.37031440185540704     
 -0.34686658316076785      -0.93682783659500168       -4.5135109029531002E-002
 -0.52214889685070698      -0.80074609086797344       0.29354084464900604     
 -0.49889930915334352      -0.70050919357893293       0.51028065712675263     
 -0.44603086794742308      -0.89493621706477167       -1.2067817692755972E-002
 -0.95671271959765780      -0.26990202490883403       0.10887455676217500     
 -0.61705345516741039      -0.77662452732668685       0.12688332049786014     
 -0.23279373811037424      -0.72662194219033127       0.64639587608844884     
 -0.24486797861223975      -0.83185713967105124       0.49804956804384459     
  0.50150479426264460      -0.84133182391890327       0.20162763548896967     
  0.57337970142867145      -0.81928925375508233       -9.1469722200700210E-004
  0.79598416736663702      -0.46460840659944663       0.38800545591366264     
  0.10012309965779086      -0.79691175625165622       0.59574073023658436     
  0.19771123930323783      -0.95335410284691813       0.22809256988803517     
  0.18595277911733876      -0.96536464074565242      -0.18301003889555051     
  0.10849317847733780      -0.92979919401561106       0.35171393067634860     
  0.30992662439037783      -0.94827113802108132       -6.8755627334694355E-002
  0.29622703697351727      -0.95266318578365838        6.8428042631781885E-002
  0.73897783418999929      -0.36255766962599983       0.56785887046978645     
  0.20895281601906787      -0.73871843611949295       0.64080714166968145     
  -1.3207769973740138E-002 -0.98175157688363157      -0.18970871381890120     
  0.63282074120496967      -0.76912263228284672       -8.9377211922813837E-002
  0.34659913334293435      -0.52711981791790563       0.77589544290717261     
  0.16905587382126641      -0.82041229683372097       0.54620854509110150     
 -0.18326221088917644      -0.76638738350306435       0.61568282456743217     
 -0.51695373429340208      -0.69376122434387322       0.50145209162689741     
 -0.38888090699142225      -0.91853137008050900       -7.1216306809230939E-002
 -0.27375258884139414      -0.96179809810747841       -1.9845854654159181E-003
 -0.19050969317461464      -0.95079748550502330      -0.24431577592091605     
  0.62962428021123351      -0.77447172512386286       -6.1374365594765182E-002
  0.95065329093576911      -0.30605331139399405       -5.0889006845992929E-002
  0.59405306909073385      -0.30922914040207594      -0.74261584270070358     
  0.61559363368614772       0.32662452240863898      -0.71718958408946387     
  0.47602166235229648       0.65888722658454790      -0.58246974137295970     
  0.21132884929132345       0.28756706094607426      -0.93415486024323158     
  0.33213923603327500       0.92535284212447300      -0.18277211346207720     
  0.48070990753120163       0.87451017951561383        6.4419955952393415E-002
  0.91073627751609321       0.26715029800499857       0.31494467941524162     
  0.85978897638492380       0.32681475869142701      -0.39237103561353304     
  0.68937206486581859       -2.5768125374144449E-003 -0.72440286872691961     
  0.63914306598897830       0.14350553390104173      -0.75558077194830209     
  0.77839404442274240       0.54720880976477604      -0.30767715242282900     
  0.32599860205691639      -0.39170839124016177      -0.86040074830801161     
  0.50105132544770592       0.56742709202503527      -0.65343252482800784     
   8.3149960928605535E-002  0.79627400293746042      -0.59919428922806794     
   4.4386959477633173E-002  0.98352146444560273       0.17525788656466962     
  -1.0141097285362768E-002  0.91316226899847375       0.40747003401896326     
   9.5057822482741541E-002  0.86951093081037911       0.48468005074080867     
 -0.42568787922326284       0.87228422016148610       0.24064510952785584     
   4.2885676734214818E-002  0.77396022646231954       0.63178033095804043     
  0.72854759903370014       0.20762136787571306       0.65277236732543997     
  0.85700203605089176       -1.1494857451020836E-002  0.51518480029676395     
  0.67524370763424846       0.12128519707705765       0.72755469641143444     
  0.82237275434499812      -0.31487499604189090       0.47387423413670798     
  0.51034378198214125      -0.54244683874531918       0.66730851285397086     
  0.72476339018823310      -0.35300104200380772       0.59169949517224862     
  0.92236608612726467      -0.23829573218319339       0.30406569550930063     
  0.82663545725375887      -0.42311526059461080      -0.37100848651052887     
  0.98148063155883802      -0.18966599615572594        2.6880844055447502E-002
  0.98984421454073135       -8.4253438638266759E-002 -0.11449798695992575     
  0.76794786297581652       0.63882119160554118       -4.6514136631324789E-002
  0.73820755657074899       0.65249958735046842      -0.17115458489130569     
  0.91424129976137436       0.40437700911783736        2.5339303612176067E-002
  0.80797576736412735       0.58790069789240995        3.9343725928977301E-002
  0.26083334898803123       0.94030486877323383       0.21861545649163755     
  0.64681681827596660       0.76209458821902876        2.8980031101327595E-002
  0.43265705999754617       0.82857671485835693      -0.35534278665651442     
  0.74911686803948052        8.6550315130179620E-002 -0.65675943919336988     
 -0.48683651898538988       0.21253235848245972      -0.84724270453045114     
  -1.9155794117394428E-002  0.88383814825811213      -0.46740045275480374     
