   5.5998050092439661E-002  0.94659997134200946       0.31751017722451497     
  0.65102169922222042       0.69633609615501901      -0.30213703568645767     
  0.61153975937984839       0.68060845324333652      -0.40347398437985610     
  0.48762649571767008       0.73734633688663243      -0.46748345441733891     
  0.67093469390748406       0.67152459589431834      -0.31448585599394785     
  0.28681868127899224       0.82429637766916286      -0.48812961990733078     
  0.11040240577975995       0.79822918779262908       0.59214987338845360     
 -0.48423551650554036       0.66241336978902432       0.57159819110924570     
  0.13968724539176844       0.78527930003097035       0.60317816142307901     
 -0.56217627149091154       0.48158026407530657       0.67233792770134004     
   6.1007765877263767E-002  0.21848694591721141       0.97393095595449197     
  0.67790541612609467       0.50026438688600461       0.53868338567332030     
  0.92692782957150111       0.26901172636751058       0.26160559979219539     
  0.98702909616733203        2.8739423871119996E-003 -0.16051574307294278     
  0.86860238003407464       0.25505817241615358      -0.42482376826499957     
  0.45853558933450633       0.74691863713670004      -0.48151600473038386     
  0.21248942600459444       0.71098154879352093      -0.67033833331490600     
 -0.65194852982150631       0.62186600345191290      -0.43387300931761114     
 -0.46463725153327373       0.81985682821644101      -0.33458482588797478     
 -0.50691786032591402       0.43301621386851485      -0.74533968189650091     
 -0.50969967589979182       0.28883876110671558      -0.81041866369795867     
 -0.11757488171108461      -0.54029590663126437      -0.83322054731513329     
 -0.23874089957320421      -0.71290814127922963      -0.65936694258111672     
 -0.52825768435454601       -4.3694771566734153E-002 -0.84795907086256905     
 -0.17099094077498075      -0.51264722163399790      -0.84140057304700733     
  0.31176079410857332      -0.59221198188717550      -0.74302770861257206     
  0.67863686001283996      -0.55045603026027534      -0.48626142246944981     
  0.64608268093669852      -0.19620697366179071      -0.73761778237792297     
  0.96245000480823995      -0.24299320402244762      -0.12101359858922107     
  0.93859512377299770      -0.31897033646106870      -0.13151850853571137     
  0.30205829328583012       0.12771800178961942      -0.94469513573221575     
  0.41686569692416708       0.21657370389709313      -0.88279036101908837     
  0.42673518897538198        1.7250290486297629E-002 -0.90421209125308710     
   7.7751910511846489E-002 -0.38979674623176291      -0.91761273805396248     
  -6.6529145665073286E-002 -0.65469106710353153      -0.75296313285041061     
 -0.70712701599109706      -0.60465886363486798      -0.36655019012860274     
 -0.91432425275880735      -0.40162762300199933       -5.2023199236607032E-002
 -0.79209954842398733      -0.53523167897863566       0.29343714012413191     
 -0.57821060512924549      -0.54187797114828129       0.60995144110026067     
 -0.96652682694292935      -0.24151939444959350        8.6569480212907557E-002
 -0.60537332920912146      -0.73821415022640591      -0.29759536402262626     
 -0.87137089934287648      -0.47101497669888576      -0.13732314991918995     
 -0.98579915425909981       0.15106414607350310        7.3346105780246917E-002
 -0.50133226576309542      -0.34822419534283794      -0.79208955875119824     
  0.13117121860438111      -0.40717934666900685      -0.90388002027705117     
   1.6222676556938709E-002   9.4447811938989830E-003 -0.99982379491264595     
  0.25149544830181308      -0.30096656848297887      -0.91987453717289669     
  0.42109763233936309      -0.31728443550371987      -0.84971016883715578     
  0.91631566767865247      -0.40038428120450803        7.6173834731437101E-003
  0.83177583385760911      -0.21402219355123633       0.51219475092780509     
  0.19123211051360076      -0.63256348446178989       0.75052895882442328     
  -6.0718579517711348E-002 -0.81522408087051279       0.57595394960896862     
 -0.26513859165254638      -0.60762498742173099       0.74866107276739802     
 -0.39197099685558623      -0.81048159193303349       0.43529108279601159     
 -0.17994228294421630      -0.97136236304583268      -0.15516421773991373     
 -0.17668301852029833      -0.98263581503981856        5.6656561558132007E-002
 -0.37711618355399301      -0.90876217066769105      -0.17870282948239918     
  -5.2226443946123080E-002 -0.28406921139428642      -0.95738032238529736     
 -0.75401689746449840      -0.39245729516165251      -0.52672173850376147     
 -0.99007534901382033      -0.14011983408854620        1.0827528350096205E-002
 -0.78010380545465896       0.29328444425821659       0.55265023972791905     
 -0.89181337787711690        9.6563518930330897E-002  0.44197781149195869     
 -0.18594772259277476       0.20232408390778270       0.96150320308018444     
 -0.64876475134004186      -0.14876357918084535       0.74630670299013446     
 -0.60685312789261181      -0.75039404539158483       0.26198865969314500     
 -0.20199770419243712      -0.97857537314544940        3.9839259207855783E-002
   9.3225039369926793E-002 -0.93884418003026426       0.33148257519480806     
 -0.40040512430600050      -0.83507012609207820       0.37727128294910278     
 -0.58876872402086367      -0.69119606727814331       0.41904580441053885     
 -0.13643890829370073      -0.66657203080426930       0.73284797335675234     
 -0.38136143727297755      -0.22616508644971189       0.89633297821305580     
 -0.78070281410813458       0.21040266816620953       0.58841637746766873     
 -0.49049117646470752      -0.35732467475496671       0.79481915089001476     
  0.32288150483585271      -0.54010095181134887       0.77719913515610850     
  0.70713139325907248      -0.43372358329170252       0.55843445986443341     
  0.91516864513186647      -0.34274633996211851       0.21211152116296522     
  0.55695125580986005      -0.80651390693586555       0.19834469130998306     
  0.58414294301880909      -0.54316958704377583       0.60311178220294293     
  0.80349936233705754        1.8979173100168216E-002  0.59500299638940291     
  0.72320275040000448       0.51024940358251392       0.46542811255611616     
  0.86282805740911683       0.45118509108804344      -0.22794682916740727     
  0.33551617373152248       0.39713656532130187      -0.85423149418020772     
  0.44141652382366203       0.83846379044427854      -0.31957772858765293     
  0.56576914349783880       0.79813584055965203      -0.20708562547858095     
  0.36309843196196734       0.52529337464158254      -0.76956247261961319     
  0.22478758201058663        1.2376654634297537E-002 -0.97432918533413715     
  -8.7945063174321603E-002  0.25946319967704656      -0.96174035678898673     
  0.20826694963383974       0.91934232444945618      -0.33381816632126221     
 -0.13510505282460367       0.80617669829318461       0.57604318920576991     
 -0.73244773084539294       0.67450178072797962        9.2561705765517782E-002
 -0.43831689494637405       0.71075543066581626       0.55018634787099097     
 -0.30734905517291783       0.86989335335908213       0.38577469080540366     
  0.30318884071089636       0.79326000505103844       0.52802944165529941     
 -0.11656308962535668       0.80057671623742144       0.58778394632338438     
 -0.46393539937372164       0.36295245543428450       0.80810238231437248     
  -2.2193091441525814E-003  0.28939892919511956       0.95720600418490376     
  0.35765639854003978       0.24020034187193268       0.90243320880161104     
  0.69217007053030322       0.32781748359772822       0.64299011727220623     
  0.49144327816853806       0.54287894297506101       0.68100363994419200     
  -3.4272623646877338E-002  0.48060149481918008       0.87626913128668493     
