  0.22713745731731141      -0.51705470500991746      -0.82526541640283491     
 -0.42441947708999123       0.31602370660673273      -0.84852644291690316     
 -0.82692174873898183       0.18577081738259310      -0.53074440634967757     
 -0.59987100219684597       -2.3774085044843227E-002 -0.79974344236363260     
 -0.87851153916384395        7.2941109877549440E-002 -0.47211976239700770     
 -0.50694610628974734       0.26067129020302138      -0.82161799139353953     
  0.14290803531829696       0.66843020413006748      -0.72991667719548992     
  -1.6794588181340921E-002  0.54340444432881019      -0.83930301541905394     
  -2.5318864931902215E-002  0.88366577017575021      -0.46743316281395836     
 -0.65456807895475733       0.56357025240337266      -0.50391388214602850     
 -0.67189043740663001       0.70754019771312038      -0.21897513270143484     
  -7.4583402129596132E-002  0.91596626067772269      -0.39426276190740250     
 -0.57936999860451965       0.80945847364619927       -9.5432615804909318E-002
 -0.50795829912483093       0.81060827938212265      -0.29136331915216829     
 -0.99734151462690235        3.5032016830033753E-003  -7.2784825202027878E-002
 -0.90319729315532482      -0.37108130451750210       0.21571582017664498     
 -0.89183607446689073      -0.17126480301943764      -0.41868458716103191     
 -0.84234318500623440      -0.36345653277326750      -0.39794133670428083     
 -0.86135183717464847       0.20655312195323861      -0.46412155779194958     
 -0.96935329635572476       -3.1834156833656480E-002 -0.24359961679563502     
 -0.83115257699258960      -0.55536966452193548       -2.7384840466290333E-002
 -0.82229961259579387      -0.39188962859251053       0.41260861130910709     
 -0.78414610535778129       0.23521564340604778       0.57427213631630991     
 -0.87316104521412896       -6.6501206310787264E-004  0.48743137658497221     
 -0.72659218739985210      -0.17232229866994431       0.66510812548833831     
 -0.67855158695792939      -0.70060625233023499       0.22072295538221101     
 -0.67317239987309707      -0.52939351940311608       0.51631523477725239     
 -0.52954515395188428       0.31772565309932421       0.78653184251413910     
 -0.38356132627116191       0.14423582014123040       0.91218240345738799     
 -0.36198044109170707       0.78322291185092296       0.50550176124205015     
 -0.76828691119126669       0.57888038120792673      -0.27318990893652256     
 -0.77515575723775842       0.63050745813536346       -3.9923642830236389E-002
 -0.86608658756356061       0.19277002555276818       0.46123067991070416     
 -0.87391874101738376       0.12414797345629010       0.46995033225361760     
 -0.96336945019076314       0.24196384620222863       0.11564082138312098     
 -0.86679063810646750        4.5883379915031747E-002  0.49655684985563636     
 -0.95959290327464675      -0.26257606733147065       0.10116950553237000     
 -0.98395389074346495        9.7482545525446634E-002  0.14943859678368365     
 -0.75184287816815265       0.45532761621308249      -0.47687424805868517     
 -0.60332550779716487       0.63001311803329740      -0.48895991936687311     
  -8.6081243457448220E-002  0.27185992891611910      -0.95847910700992467     
 -0.15178488110507299       -9.8068101924014828E-004 -0.98841306554125297     
 -0.11059952161024642      -0.32180546539843990      -0.94032387413022711     
  0.56175146860953673      -0.16101778106684189      -0.81148540448694118     
  0.89501318040321420       0.10536367941260455      -0.43341654555998982     
  0.76480961758945498      -0.30126117493440435      -0.56948042400051813     
  0.64012906447075024      -0.75061900220478162      -0.16372505718089508     
  0.36150837074745967      -0.93138266345043719        4.2872276630400996E-002
   2.8657510605953004E-002 -0.58449870078446808       0.81088841147665092     
 -0.12244136008170049      -0.74523999264242469       0.65545821125960912     
 -0.16860660800912261      -0.95125887786656238       0.25822153089100119     
 -0.46122703805147736      -0.87766195459727281      -0.13030392481711631     
 -0.58050774306923958      -0.71941698930697617       0.38137901847522171     
 -0.32475501887080949      -0.54028163982673827       0.77629242388698494     
 -0.15667244785024689       -9.4882742295852862E-002  0.98308240208998787     
  0.13355522175102666       0.68327311514273859       0.71784458824048458     
  0.16317530446177803       0.63105366798006846       0.75838320665919834     
  0.29809610941773029       0.50623357821876647       0.80923808229335314     
 -0.20220529843723600      -0.11815395881711044       0.97218962106151852     
  0.17214127930291895        7.7578532445796267E-002  0.98201270422713904     
  0.77342749081950835      -0.55435339544178264       0.30741214908782633     
  0.53886913240171364      -0.72088259423879009       0.43583063622027929     
  0.75346672922063740      -0.60425427574939072       0.25916145198723295     
  0.64629011640267575      -0.76157625709545673       -4.8069637700771321E-002
   6.8598699610148209E-002 -0.96570128332963534      -0.25043012955171812     
  0.42011639386790689      -0.59696006909728450      -0.68347705997113617     
  0.82015073825936924        1.4480708747932905E-002 -0.57196422581029116     
  0.29903019673815495      -0.58679990675764926      -0.75249372812532289     
  0.54147504831835780      -0.67581874613782944      -0.50007378897250487     
  0.59614257186598751      -0.61803939410788389      -0.51248545475921548     
  0.47554766266559245      -0.55459071024980622      -0.68284959151917413     
  0.80062424003892096        7.9486656275711789E-002 -0.59387094367060111     
  0.91473315865302984       0.39974848200069546       -5.8859150510300440E-002
  0.95192324475203771       -4.7734383816039727E-002  0.30259472021575945     
  0.82909444829772516      -0.45615741922498693       0.32329986806042055     
  0.88456703169679407      -0.14832278717255376       0.44220076576198680     
  0.58268179094810801        7.2824860020927362E-002  0.80943095459739034     
  0.65105587179794788       0.40311921379202698       0.64313385175180926     
  0.38794285053854616       0.44396820736525033       0.80770822427713818     
 -0.40107940843724793       0.58446663064991355       0.70536094716419373     
 -0.30826895289848866       0.93081040536841708      -0.19637271179254870     
 -0.29612016874782948       0.93725823327754920       0.18401046115427669     
 -0.36756374526294611       0.81234654850093024       0.45275818966298625     
 -0.11723950234851407       0.79227710271919949       0.59879202699764411     
  0.46989418727874921       0.68460995607178243       0.55723303994742224     
  0.67535908799442634       0.48546701615671517       0.55516833346944572     
  0.65793663008439451       0.70512210535936859      -0.26442807590489037     
  0.61668252945364621       0.42066395548055591      -0.66539048266871981     
  0.89728850994063059        9.9130368726348797E-002 -0.43017031502034869     
  0.97950219092639590       -4.2108920422025721E-002 -0.19698298604520767     
  0.99406230287894359       -1.8549372593441922E-002  0.10721967529983491     
  0.81707267018741725      -0.34704748711024214       0.46038059616286725     
  0.98265059431378432      -0.18489916501444750        1.4495111994477217E-002
  0.87165200978779478      -0.48760583195908824       -4.9631909820108372E-002
  0.98113246016068867       0.16023831993425439      -0.10817937161808491     
  0.95899879220339457       0.16169910522214612       0.23275462599655583     
  0.92373367246186222        3.9298099921826167E-002  0.38101412270761781     
  0.94842247970310689      -0.30201233109551934        9.6350152361396699E-002
  0.49117698203636251      -0.75995147260999218      -0.42569816959385820     
  -3.0506095298978454E-002 -0.65279178579866470      -0.75692289075136865     
