0.01 1.6086 0.99846 69140 1.6082e+05 249 2.5662e-06 0.00031187
0.010234 1.6035 0.9984 66333 1.4731e+05 237.73 2.7066e-06 0.00033273
0.010474 1.5994 0.99833 63582 1.3577e+05 227.77 2.8501e-06 0.00035279
0.010719 1.6001 0.9983 60712 1.304e+05 223.35 2.974e-06 0.00035895
0.01097 1.6078 0.99831 57663 1.3304e+05 226.59 3.063e-06 0.00034377
0.011227 1.5961 0.99819 55613 1.152e+05 209.58 3.2949e-06 0.00038802
0.01149 1.5983 0.99817 53043 1.1203e+05 206.97 3.4303e-06 0.00038989
0.011758 1.5961 0.99811 50776 1.0507e+05 200.25 3.6034e-06 0.00040624
0.012034 1.597 0.99809 48599 1.0295e+05 198.38 3.7405e-06 0.00040512
0.012316 1.5832 0.998 47353 93225 187.38 3.966e-06 0.00043724
0.012604 1.5933 0.99801 44751 94852 190.12 4.0723e-06 0.0004199
0.012899 1.5792 0.99792 43582 85089 178.71 4.332e-06 0.00045746
0.013201 1.5861 0.99789 41241 83403 177.66 4.5086e-06 0.00045606
0.01351 1.586 0.99786 39548 81689 175.87 4.6938e-06 0.000455
0.013826 1.5854 0.99783 37921 79210 173.16 4.8956e-06 0.00045854
0.01415 1.5752 0.99772 36645 70804 162.82 5.2179e-06 0.00050135
0.014481 1.5825 0.99775 34884 73131 166.22 5.3402e-06 0.00047427
0.01482 1.5754 0.99762 33506 65262 156.42 5.6831e-06 0.00051942
0.015167 1.5772 0.99762 32104 65252 156.63 5.8677e-06 0.00050762
0.015522 1.569 0.99751 30977 59223 148.55 6.2172e-06 0.00054662
0.015886 1.5767 0.99756 29509 61942 152.66 6.3545e-06 0.00051063
0.016258 1.5654 0.9974 28489 53813 141.39 6.8515e-06 0.00057451
0.016638 1.566 0.99733 27186 51201 138.01 7.1824e-06 0.00059008
0.017028 1.5669 0.9973 26027 50175 136.74 7.4629e-06 0.0005884
0.017426 1.5692 0.9973 24920 50210 137.02 7.7073e-06 0.00057454
0.017834 1.5678 0.99723 23882 47845 133.69 8.0636e-06 0.00058923
0.018252 1.5621 0.9971 22917 43188 126.64 8.5574e-06 0.000638
0.018679 1.5623 0.99705 21950 41916 124.81 8.906e-06 0.00064239
0.019116 1.5617 0.997 21035 40394 122.53 9.3087e-06 0.00065141
0.019564 1.56 0.99692 20153 38240 119.14 9.7929e-06 0.00067247
0.020022 1.559 0.99685 19311 36556 116.46 1.0261e-05 0.00068746
0.020491 1.5602 0.99682 18492 36030 115.75 1.0649e-05 0.00068158
0.02097 1.5576 0.99672 17722 33626 111.69 1.1214e-05 0.00071374
0.021461 1.5554 0.99662 16982 31606 108.18 1.1778e-05 0.00074214
0.021964 1.5586 0.99662 16248 31867 108.89 1.2133e-05 0.00071923
0.022478 1.5517 0.99643 15605 28278 102.18 1.2939e-05 0.00079227
0.023004 1.5545 0.99641 14915 28094 102.07 1.3398e-05 0.00077925
0.023543 1.5547 0.99635 14283 27220 100.52 1.4005e-05 0.00078596
0.024094 1.5536 0.99626 13680 25867 97.97 1.4705e-05 0.00080831
0.024658 1.552 0.99615 13103 24400 95.105 1.5456e-05 0.00083747
0.025235 1.5511 0.99605 12546 23186 92.699 1.6196e-05 0.00086132
0.025826 1.5494 0.99594 12020 21842 89.916 1.7004e-05 0.00089362
0.026431 1.5479 0.99581 11507 20537 87.152 1.7852e-05 0.00092887
0.02705 1.5489 0.99576 11018 20073 86.258 1.8545e-05 0.00092871
0.027683 1.5494 0.99569 10547 19443 84.965 1.9318e-05 0.00093703
0.028331 1.5483 0.99557 10098 18392 82.622 2.0341e-05 0.00096815
0.028994 1.5445 0.99541 9694.6 17013 79.315 2.1533e-05 0.001023
0.029673 1.5464 0.99533 9258 16517 78.288 2.2442e-05 0.0010298
0.030368 1.531 0.99525 9149.6 15675 75.536 2.3591e-05 0.0010605
0.031079 1.5457 0.99511 8483.8 15035 74.744 2.4577e-05 0.0010806
0.031806 1.5408 0.99496 8180.6 14072 72.12 2.5853e-05 0.0011285
0.032551 1.5442 0.99485 7777.7 13545 70.961 2.6952e-05 0.0011458
0.033313 1.5279 0.9948 7719.8 13032 68.889 2.8218e-05 0.0011638
0.034093 1.5448 0.99463 7125.1 12495 68.265 2.9495e-05 0.0011865
0.034891 1.545 0.99452 6820.9 12000 66.953 3.0882e-05 0.0012074
0.035708 1.5435 0.99434 6530.8 11217 64.709 3.2551e-05 0.0012626
0.036544 1.5441 0.99422 6249.1 10780 63.503 3.4005e-05 0.001284
0.037399 1.5421 0.99405 5995.4 10145 61.565 3.5719e-05 0.0013336
0.038275 1.5434 0.99392 5728.6 9737.3 60.409 3.7283e-05 0.001358
0.039171 1.5438 0.99378 5481.9 9318.3 59.154 3.8947e-05 0.001387
0.040088 1.5443 0.99364 5246.7 8931.2 57.975 4.0673e-05 0.0014144
0.041027 1.5441 0.99347 5021.4 8461.1 56.465 4.2785e-05 0.0014594
0.041987 1.5366 0.99336 4889.5 8117.4 55.067 4.4887e-05 0.0014867
0.04297 1.524 0.99326 4815.1 7765.7 53.427 4.7125e-05 0.0015188
0.043976 1.5531 0.99352 4394.4 8749.7 57.903 4.6936e-05 0.0013165
0.045006 1.5392 0.99292 4247.4 7173.8 51.982 5.1259e-05 0.0015708
0.046059 1.5424 0.99272 4033.9 6821.8 50.845 5.362e-05 0.0016147
0.047138 1.5413 0.99259 3875.6 6569.6 49.899 5.594e-05 0.0016388
0.048241 1.5439 0.99243 3694.7 6333.8 49.126 5.8304e-05 0.0016614
0.04937 1.5425 0.9922 3540.8 5950.6 47.613 6.1397e-05 0.0017288
0.050526 1.5417 0.99196 3388.7 5587.5 46.156 6.473e-05 0.0017999
0.051709 1.5425 0.99178 3241.3 5358.4 45.268 6.7736e-05 0.0018346
0.05292 1.5424 0.99156 3101.9 5086.1 44.141 7.1026e-05 0.0018894
0.054159 1.5422 0.99134 2969.9 4832.1 43.06 7.44e-05 0.0019441
0.055427 1.5413 0.99109 2845.8 4556.6 41.828 7.8054e-05 0.0020155
0.056724 1.5429 0.99093 2721.3 4415.4 41.265 8.1245e-05 0.002033
0.058052 1.5427 0.99068 2605.1 4179.3 40.181 8.5111e-05 0.0020998
0.059411 1.5425 0.99042 2494 3957.2 39.135 8.9422e-05 0.002168
0.060802 1.5429 0.99021 2388.5 3797.2 38.389 9.3689e-05 0.0022087
0.062226 1.5423 0.9899 2285.7 3559.2 37.193 9.8692e-05 0.0023039
0.063682 1.5422 0.98965 2189.9 3389.4 36.332 0.00010339 0.0023652
0.065173 1.544 0.98948 2095.2 3298.3 35.931 0.00010756 0.0023757
0.066699 1.5436 0.98917 2006.1 3105.1 34.892 0.00011287 0.0024674
0.068261 1.5444 0.98895 1921.1 2988.8 34.294 0.00011769 0.0025059
0.069859 1.5432 0.98857 1840.7 2789.2 33.142 0.00012373 0.0026258
0.071494 1.5439 0.9883 1762.1 2669.4 32.48 0.00012954 0.0026823
0.073168 1.5444 0.98802 1687.3 2547.2 31.78 0.00013595 0.0027482
0.074881 1.5452 0.98775 1615.4 2441.3 31.174 0.0001423 0.0028033
0.076634 1.5446 0.98737 1547.6 2295.3 30.255 0.0001496 0.0029158
0.078428 1.5402 0.98712 1498.8 2196.9 29.543 0.00015654 0.0029781
0.080264 1.5461 0.98679 1419.3 2104.4 29.084 0.00016326 0.0030399
0.082143 1.5463 0.98644 1359.7 1998.4 28.386 0.00017081 0.0031302
0.084067 1.5462 0.98606 1303 1891.9 27.659 0.00017884 0.0032332
0.086035 1.5475 0.98579 1247.7 1823.1 27.218 0.00018665 0.0032804
0.088049 1.543 0.9854 1206.6 1718.6 26.378 0.00019682 0.0034029
0.09011 1.5482 0.98504 1145.2 1648.8 25.982 0.00020573 0.0034684
0.09222 1.5454 0.98463 1104 1557.2 25.236 0.00021615 0.0035913
0.094379 1.5488 0.98424 1051.6 1488.6 24.78 0.0002258 0.0036737
0.096588 1.5488 0.98378 1007.9 1405.1 24.115 0.00023668 0.0038065
0.09885 1.5451 0.98346 975.52 1346.8 23.583 0.00024724 0.003883
0.10116 1.5506 0.98305 925.72 1290.8 23.227 0.00025762 0.0039621
0.10353 1.5508 0.98258 887.33 1223.6 22.661 0.0002697 0.0040879
0.10596 1.5473 0.98215 857.77 1160.2 22.044 0.00028395 0.0042167
0.10844 1.5516 0.98166 815.6 1105 21.629 0.00029743 0.0043302
0.11098 1.5523 0.98121 781.99 1054.1 21.177 0.00031139 0.0044397
0.11357 1.5524 0.98066 749.84 995.23 20.62 0.00032656 0.0045997
0.11623 1.5533 0.98023 719.15 954.33 20.248 0.00034078 0.0046912
0.11895 1.5538 0.97972 689.74 907.9 19.798 0.00035617 0.0048233
0.12174 1.5541 0.97917 661.62 860.59 19.322 0.00037249 0.0049777
0.12459 1.5547 0.97863 634.68 818.78 18.896 0.00038914 0.0051178
0.12751 1.5552 0.97809 608.98 779.53 18.487 0.00040855 0.0052584
0.13049 1.5559 0.97755 584.33 743.34 18.104 0.0004283 0.0053942
0.13355 1.5559 0.97688 560.82 700.88 17.621 0.00044979 0.0055977
0.13667 1.5566 0.97633 538.32 669.3 17.271 0.00047018 0.0057343
0.13987 1.5569 0.97569 516.85 634.67 16.863 0.00049198 0.0059165
0.14315 1.5575 0.97506 496.18 603.71 16.496 0.00051401 0.0060855
0.1465 1.5585 0.9745 476.36 578.55 16.204 0.00053579 0.0062121
0.14993 1.5589 0.9738 457.5 548.19 15.818 0.00056001 0.0064153
0.15344 1.559 0.97308 439.55 518.93 15.434 0.00058781 0.006632
0.15703 1.56 0.97245 422.16 496.58 15.152 0.00061563 0.0067805
0.16071 1.5602 0.97167 405.65 469.37 14.774 0.00064602 0.0070209
0.16447 1.5612 0.97105 389.82 450.11 14.521 0.00067446 0.007163
0.16832 1.5615 0.97027 374.71 427.08 14.191 0.00070543 0.0073882
0.17226 1.562 0.9695 360.24 406.03 13.884 0.00073686 0.0076055
0.17629 1.5622 0.96876 346.75 387.08 13.599 0.00076888 0.0078074
0.18042 1.5628 0.96796 333.43 368.13 13.31 0.00080238 0.0080347
0.18464 1.5633 0.96712 320.66 349.8 13.022 0.00083883 0.0082767
0.18897 1.5639 0.96627 308.43 332.29 12.74 0.00088042 0.0085285
0.19339 1.5641 0.96531 296.82 314.04 12.428 0.0009239 0.0088353
0.19792 1.5641 0.96439 285.91 297.84 12.144 0.00096737 0.00912
0.20255 1.5647 0.96348 275.23 283.25 11.89 0.0010109 0.0093881
0.20729 1.5651 0.96256 265.09 269.55 11.644 0.0010553 0.0096582
0.21215 1.5651 0.9616 255.57 256.14 11.391 0.0011014 0.0099509
0.21711 1.5659 0.96061 246.02 243.47 11.155 0.0011486 0.010251
0.22219 1.5661 0.95959 237.17 231.26 10.915 0.0011981 0.010567
0.2274 1.5664 0.95855 228.67 219.65 10.681 0.0012564 0.010895
0.23272 1.5667 0.9575 220.54 208.87 10.459 0.0013165 0.01122
0.23817 1.567 0.95643 212.75 198.64 10.243 0.0013774 0.011553
0.24374 1.5664 0.95534 205.72 188.81 10.02 0.00144 0.011904
0.24945 1.5673 0.95417 198.25 179.25 9.8122 0.0015032 0.012282
0.25529 1.5675 0.95303 191.44 170.48 9.6109 0.0015678 0.012649
0.26127 1.5677 0.95185 184.92 162.13 9.414 0.0016343 0.013028
0.26738 1.5677 0.95063 178.7 154.03 9.2158 0.0017035 0.013434
0.27364 1.5676 0.94933 172.8 145.96 9.0088 0.0017798 0.01389
0.28005 1.5676 0.94807 167.11 138.8 8.8244 0.0018657 0.014311
0.28661 1.5677 0.94681 161.64 132.17 8.6507 0.001952 0.014725
0.29332 1.5674 0.94543 156.48 125.36 8.4609 0.0020415 0.015213
0.30018 1.5675 0.94415 151.47 119.54 8.3012 0.0021297 0.015631
0.30721 1.5673 0.94277 146.71 113.67 8.1312 0.0022211 0.016109
0.3144 1.567 0.94129 142.16 107.79 7.953 0.0023162 0.016651
0.32176 1.5667 0.93987 137.78 102.58 7.7937 0.0024122 0.017149
0.3293 1.5663 0.93838 133.63 97.486 7.6311 0.0025124 0.017688
0.33701 1.566 0.93688 129.62 92.693 7.4746 0.0026264 0.018236
0.3449 1.5654 0.93533 125.81 88.135 7.3201 0.002751 0.018802
0.35297 1.565 0.93379 122.13 83.902 7.174 0.0028762 0.019362
0.36123 1.5643 0.93212 118.63 79.605 7.0171 0.0030053 0.020012
0.36969 1.5638 0.93056 115.25 75.944 6.8841 0.0031329 0.020566
0.37835 1.5629 0.92885 112.05 72.139 6.7363 0.0032661 0.021233
0.3872 1.5621 0.92712 108.94 68.587 6.5953 0.0034019 0.021903
0.39627 1.5613 0.92545 105.97 65.412 6.4669 0.0035398 0.022522
0.40555 1.5603 0.92368 103.1 62.263 6.334 0.0036839 0.023209
0.41504 1.5593 0.92188 100.36 59.283 6.2034 0.0038533 0.023911
0.42476 1.5582 0.92012 97.7 56.588 6.0834 0.004031 0.024571
0.4347 1.5571 0.9183 95.145 53.976 5.9623 0.0042113 0.02527
0.44488 1.5557 0.91635 92.716 51.366 5.8344 0.0043964 0.026057
0.45529 1.5543 0.9144 90.353 48.944 5.7125 0.0045833 0.026835
0.46595 1.5529 0.91246 88.066 46.704 5.5963 0.0047728 0.027596
0.47686 1.5514 0.91054 85.839 44.659 5.4876 0.0049653 0.028318
0.48803 1.5498 0.90853 83.702 42.656 5.3758 0.0051649 0.029098
0.49945 1.5478 0.9065 81.697 40.762 5.2637 0.0053725 0.029888
0.51114 1.5462 0.90444 79.628 38.988 5.1594 0.0056155 0.030672
0.52311 1.5443 0.90237 77.669 37.329 5.0561 0.0058724 0.031446
0.53536 1.5421 0.90025 75.82 35.744 4.9512 0.0061335 0.03224
0.54789 1.54 0.89815 73.979 34.287 4.8525 0.0063955 0.032995
0.56072 1.5377 0.89596 72.187 32.871 4.7523 0.0066629 0.033794
0.57384 1.5354 0.89376 70.441 31.55 4.6547 0.006935 0.034573
0.58728 1.5329 0.8915 68.734 30.283 4.557 0.0072144 0.035375
0.60103 1.5305 0.8893 67.031 29.156 4.4673 0.0074986 0.036078
0.6151 1.5279 0.88695 65.388 28.014 4.3716 0.0077968 0.036885
0.6295 1.5254 0.88462 63.691 26.976 4.284 0.0081392 0.037626
0.64424 1.5226 0.88236 62.129 26.053 4.1969 0.0085083 0.038263
0.65932 1.5198 0.87994 60.536 25.119 4.1085 0.0088819 0.038991
0.67475 1.5169 0.87749 58.984 24.241 4.0204 0.0092608 0.0397
0.69055 1.514 0.87501 57.432 23.418 3.9347 0.0096442 0.040383
0.70672 1.5111 0.87263 55.876 22.711 3.8566 0.01003 0.04091
0.72326 1.5081 0.87013 54.356 22.004 3.7752 0.010428 0.041495
0.7402 1.5051 0.86764 52.837 21.363 3.6972 0.010836 0.042003
0.75753 1.5021 0.86509 51.334 20.755 3.6196 0.011258 0.042495
0.77526 1.499 0.86253 49.847 20.192 3.5436 0.011728 0.042933
0.79341 1.4959 0.85989 48.384 19.652 3.4668 0.012255 0.04337
0.81198 1.4929 0.85729 46.918 19.18 3.3946 0.012781 0.043684
0.83099 1.4898 0.85462 45.478 18.723 3.3213 0.013316 0.044
0.85045 1.4868 0.85198 44.047 18.327 3.2516 0.013854 0.044196
0.87036 1.4838 0.84932 42.635 17.965 3.1829 0.014402 0.044331
0.89074 1.4808 0.84661 41.243 17.626 3.1145 0.014962 0.044432
0.91159 1.4778 0.8438 39.886 17.296 3.0443 0.015542 0.044539
0.93293 1.4749 0.84108 38.535 17.035 2.9791 0.016134 0.044473
0.95477 1.4721 0.83838 37.205 16.816 2.9157 0.016747 0.044307
0.97712 1.4694 0.83564 35.902 16.622 2.8529 0.017466 0.044085
1 1.4668 0.83282 34.636 16.441 2.7888 0.018198 0.043845
1.1 1.4629 0.81564 28.596 14.231 2.598 0.021072 0.04801
1.2 1.4583 0.79876 24.149 12.536 2.4422 0.023861 0.052095
1.3 1.4531 0.78224 20.801 11.197 2.3122 0.026896 0.056137
1.4 1.4474 0.7662 18.223 10.127 2.2033 0.029827 0.060072
1.5 1.4413 0.75054 16.201 9.2355 2.1086 0.032651 0.064072
1.6 1.4348 0.73548 14.58 8.5081 2.0284 0.035419 0.067901
1.7 1.4281 0.72098 13.261 7.9009 1.9592 0.038434 0.071615
1.8 1.4212 0.70703 12.17 7.3879 1.8992 0.041304 0.075213
1.9 1.4141 0.69357 11.259 6.9434 1.8458 0.044055 0.078789
2 1.4069 0.68069 10.486 6.5649 1.7993 0.046712 0.082189
2.1 1.3996 0.66837 9.8242 6.24 1.7588 0.049306 0.085415
2.2 1.3922 0.65635 9.2549 5.939 1.7204 0.051887 0.08883
2.3 1.3847 0.64498 8.7564 5.6876 1.6881 0.05465 0.09188
2.4 1.3772 0.63392 8.3205 5.4538 1.6576 0.057303 0.095057
2.5 1.3697 0.62338 7.9341 5.2507 1.6309 0.05985 0.098019
2.6 1.3622 0.61322 7.5905 5.067 1.6065 0.062314 0.10093
2.7 1.3546 0.60337 7.284 4.8954 1.5835 0.064714 0.10391
2.8 1.3471 0.594 7.0071 4.7474 1.5637 0.06705 0.10661
2.9 1.3396 0.58494 6.7572 4.6099 1.5452 0.069343 0.10931
3 1.3321 0.57611 6.5312 4.4783 1.5273 0.071604 0.11213
3.1 1.3247 0.56768 6.3244 4.3623 1.5116 0.073833 0.11473
3.2 1.3172 0.55956 6.1351 4.2561 1.4973 0.076089 0.11725
3.3 1.3098 0.5517 5.9615 4.1568 1.4839 0.078421 0.11976
3.4 1.3025 0.54414 5.8013 4.0665 1.4718 0.080683 0.12214
3.5 1.2952 0.53686 5.6531 3.9837 1.4609 0.082882 0.12442
3.6 1.2879 0.52975 5.5162 3.9033 1.4501 0.085027 0.12679
3.7 1.2807 0.52293 5.3887 3.8306 1.4406 0.087122 0.12901
3.8 1.2735 0.51631 5.27 3.762 1.4317 0.089172 0.1312
3.9 1.2664 0.50991 5.1591 3.698 1.4234 0.091183 0.13334
4 1.2593 0.50371 5.0554 3.6378 1.4158 0.093159 0.13543
