0.010000000000000 1.608555139752246 0.998460883911706 69139.579047438950511 160816.697104431310436 248.998191323599400 0.000002566200000 0.000311870000000
0.010092715146306 1.606905844423090 0.998446494468108 68088.150540004236973 157594.304374426254071 246.297494410237988 0.000002612200000 0.000315330000000
0.010186289902447 1.610162998483974 0.998440029989758 66566.926093328249408 156836.341665493149776 246.148952671341306 0.000002648000000 0.000313950000000
0.010280732238309 1.612050628380841 0.998436073719438 65261.646134895774594 156372.465371289756149 246.050299363361603 0.000002683600000 0.000311990000000
0.010376050197669 1.613411135941267 0.998428634517171 64005.089734877408773 155132.028375941910781 245.269114818657584 0.000002723000000 0.000311600000000
0.010472251898884 1.615426928271805 0.998409764659999 62591.559559928959061 151783.677169038885040 242.885097047541677 0.000002771600000 0.000315560000000
0.010569345535580 1.616500765560648 0.998391767056271 61319.960512572943117 148570.453746835759375 240.456847404619026 0.000002821100000 0.000319440000000
0.010667339377349 1.616639954139595 0.998374841678688 60182.894279779022327 145518.823947452416178 238.013976986047481 0.000002871400000 0.000323150000000
0.010766241770455 1.615833744029455 0.998359316116110 59177.333069591164531 142671.043878941389266 235.596952186867981 0.000002922500000 0.000326590000000
0.010866061138546 1.614111467318379 0.998345183670677 58294.414466261412599 140012.467304421792505 233.204118420699984 0.000002977100000 0.000329740000000
0.010966805983369 1.608616548219525 0.998312916964164 57649.128632213156379 133941.216451620857697 227.455446381281831 0.000003056100000 0.000341540000000
0.011068484885494 1.610644773848986 0.998310362614099 56520.791196191094059 133841.988048570521642 227.636608185990752 0.000003099200000 0.000338660000000
0.011171106505048 1.612113313887687 0.998303768428046 55435.004281256908143 133024.949847245239653 227.138170053962341 0.000003146900000 0.000337610000000
0.011274679582449 1.613639183460944 0.998289341523961 54303.634398825284734 131004.493715937031084 225.609240992659579 0.000003202300000 0.000339680000000
0.011379212939153 1.615009404494569 0.998269404884072 53169.615840946389653 128184.133288116965559 223.349655532140389 0.000003263300000 0.000343980000000
0.011484715478403 1.615386856158173 0.998250981637199 52161.728460526835988 125551.391061378963059 221.109835597622975 0.000003324700000 0.000347980000000
0.011591196185989 1.614836246455732 0.998233806039841 51265.408383608904842 123060.675487330852775 218.864795203009180 0.000003386600000 0.000351770000000
0.011698664131013 1.613395255657266 0.998217795872256 50471.629431974572071 120693.084732814750168 216.607677426967598 0.000003449000000 0.000355390000000
0.011807128466662 1.607838282118298 0.998167713203548 49813.456806678652356 113507.128531137073878 209.466206309661345 0.000003550200000 0.000374450000000
0.011916598430986 1.601035392721168 0.998133155582453 49383.573876099908375 108565.869653582907631 204.131800359238412 0.000003639700000 0.000387920000000
0.012027083347685 1.598875012475588 0.998105746021244 48612.585303839150583 105205.880934686996625 200.733783092305544 0.000003716800000 0.000396660000000
0.012138592626906 1.596177168061380 0.998071058708794 47853.205137168486544 101159.266517858457519 196.566672799535098 0.000003802900000 0.000408760000000
0.012251135766041 1.592490813456662 0.998031252731300 47157.864994848867354 96718.773570679579279 191.835407328954886 0.000003896700000 0.000423640000000
0.012364722350537 1.593092887562781 0.998023304025061 46327.041936370980693 96019.628921531431843 191.223976554023864 0.000003953600000 0.000422810000000
0.012479362054713 1.596481392133924 0.998051591127024 45508.328622687185998 99234.986280627490487 194.781353493208002 0.000003970900000 0.000405330000000
0.012595064642584 1.591851547101487 0.997996122730511 44835.260795475689520 93331.031041634007124 188.438285584851855 0.000004085200000 0.000427060000000
0.012711839968690 1.590385950138625 0.997970793111660 44105.551078696335026 90874.209842572498019 185.810478239313937 0.000004165900000 0.000434600000000
0.012829697978941 1.588091986142369 0.997936185988506 43400.087372475056327 87630.062515315366909 182.250514596915650 0.000004258800000 0.000446580000000
0.012948648711459 1.590672751806448 0.997957712515129 42652.945249739299470 89775.780609510766226 184.753125638593986 0.000004287500000 0.000431880000000
0.013068702297433 1.588046976823061 0.997919911078293 41981.691193505095725 86290.317274923872901 180.886433235995241 0.000004397700000 0.000445230000000
0.013189868961987 1.584393793129580 0.997870728304001 41338.494033679271524 82009.709919610948418 176.001169723086349 0.000004524600000 0.000464210000000
0.013312159025043 1.585375569514294 0.997870960176925 40630.278206809256517 82135.736924339420511 176.252971809297662 0.000004585500000 0.000459240000000
0.013435582902208 1.585457280643920 0.997861493218383 39948.067930420300399 81431.284378553275019 175.523010255597654 0.000004659800000 0.000458970000000
0.013560151105656 1.588625519764148 0.997889255130558 39241.931826767300663 83918.748739333619596 178.520187201196592 0.000004684600000 0.000441250000000
0.013685874245025 1.583514690669353 0.997820936741566 38660.168203496250499 78275.034917114506243 171.938034371864546 0.000004839900000 0.000468780000000
0.013812763028320 1.584396053459411 0.997820633810360 38000.328143698949134 78349.113744391564978 172.124528763774833 0.000004903300000 0.000464030000000
0.013940828262826 1.582511172883378 0.997788485644213 37391.934869884084037 75929.610383853549138 169.284862749409257 0.000005011100000 0.000474450000000
0.014070080856027 1.579970222482995 0.997746656891026 36795.328227460166090 72925.554832053021528 165.681836289337923 0.000005133000000 0.000489500000000
0.014200531816537 1.575373332499779 0.997712102457814 36380.195959845470497 70379.574018222425366 162.354126733024174 0.000005252100000 0.000502580000000
0.014332192255036 1.570354435428867 0.997701252445692 36107.520523198676528 69340.814534455814282 160.701408320620743 0.000005345100000 0.000505440000000
0.014465073385216 1.578432226000074 0.997695826109491 35002.951507861616847 69650.598853104849695 161.833155579244902 0.000005401700000 0.000498570000000
0.014599186524740 1.581914814807947 0.997729387686404 34379.480738650316198 72043.091147165410803 164.936367074930985 0.000005422500000 0.000477560000000
0.014734543096198 1.577304047095403 0.997658655705402 33853.216322166852478 67387.658039842994185 159.117267695080443 0.000005590300000 0.000505930000000
0.014871154628090 1.580588553497707 0.997690204297066 33251.660653475824802 69533.164619653194677 161.954500935482429 0.000005615500000 0.000485780000000
0.015009032755797 1.573894090458102 0.997589207603899 32758.820511981564778 63317.339613379175717 153.970592370802450 0.000005829500000 0.000528680000000
0.015148189222583 1.580858457498752 0.997670061265192 32138.398148725878855 68384.614019204746000 160.675616344060614 0.000005786400000 0.000484930000000
0.015288635880587 1.573912994645204 0.997562494498502 31661.578150623230613 61958.997793520044070 152.349043677109989 0.000006013700000 0.000530420000000
0.015430384691836 1.569113602905893 0.997524678320536 31319.013770623936580 59756.209949747659266 149.215958161677918 0.000006151900000 0.000544960000000
0.015573447729261 1.570454191499020 0.997498268765578 30670.027195834078157 58592.183753972443810 147.890100640968058 0.000006262700000 0.000550710000000
0.015717837177732 1.570696183993893 0.997476934494202 30114.213879710136098 57626.904700223603868 146.706038263786496 0.000006382800000 0.000554810000000
0.015863565335086 1.578333679011281 0.997574139230604 29545.995352915404510 62948.007509142953495 154.030989805869524 0.000006311400000 0.000503150000000
0.016010644613183 1.573376687891267 0.997491630276719 29097.924047346059524 58522.815277437781333 148.111555599747390 0.000006535400000 0.000536310000000
0.016159087538959 1.571260551350801 0.997446768004992 28623.843767227212084 56344.633474761838443 145.168328753645540 0.000006698600000 0.000551980000000
0.016308906755493 1.568956938585448 0.997399710563613 28162.428116455103009 54176.777141058599227 142.174206618816498 0.000006866800000 0.000568840000000
0.016460115023086 1.565249892947584 0.997362284831815 27812.188745614235813 52428.969375971508271 139.573633044145083 0.000007027000000 0.000582450000000
0.016612725220343 1.567876282042362 0.997355442893490 27232.075036208570964 52326.053882325300947 139.672290714553782 0.000007122400000 0.000578240000000
0.016766750345277 1.568942995391489 0.997356278800888 26763.235531148817245 52439.358617569669150 139.930199116389531 0.000007212500000 0.000571690000000
0.016922203516410 1.569075723010508 0.997344922155715 26314.452760804448189 52011.005948615806119 139.387182499545276 0.000007324600000 0.000571120000000
0.017079097973894 1.572400206965463 0.997378384575807 25835.638527878301829 53582.715241840276576 141.773747521111460 0.000007360500000 0.000549240000000
0.017237447080636 1.567436558962184 0.997286344316060 25437.961443203577801 49703.260579297922959 136.164759957687181 0.000007611700000 0.000586780000000
0.017397264323438 1.562098319587317 0.997226210593274 25147.579782019140112 47273.384921811128152 132.390265250806863 0.000007819700000 0.000611340000000
0.017558563314145 1.566650113962624 0.997242505843083 24590.961091024393681 48105.266644826551783 133.932467106749925 0.000007879800000 0.000595230000000
0.017721357790804 1.566638865175961 0.997226921731854 24176.572504238967667 47574.857922158640577 133.209818294329494 0.000008005200000 0.000596360000000
0.017885661618835 1.566032221082412 0.997198339473926 23765.885925887832855 46580.539382500202919 131.781412440081539 0.000008154200000 0.000603530000000
0.018051488792211 1.557736322216604 0.997126099533893 23605.757413311115670 43835.845437934331130 127.220728269265265 0.000008400900000 0.000635520000000
0.018218853434652 1.562540328616981 0.997104226044725 22984.623581390260370 43420.878449992771493 127.003773797595642 0.000008523600000 0.000635720000000
0.018387769800823 1.562372624317362 0.997085249872171 22599.267456112371292 42856.557944473795942 126.181196473152568 0.000008663000000 0.000638200000000
0.018558252277555 1.561359594703321 0.997049281782575 22220.326997270822176 41770.487744330835994 124.514057982513194 0.000008834500000 0.000648830000000
0.018730315385064 1.565734518683159 0.997109206553416 21821.636128350794024 43779.112209512022673 127.827148990042971 0.000008837500000 0.000613300000000
0.018903973778192 1.561787164516504 0.997022037931467 21473.979685871781840 41048.794006387390255 123.501910276662528 0.000009106500000 0.000648200000000
0.019079242247653 1.562137317824876 0.997009325884432 21106.536749046383193 40726.984226988191949 123.061222137521597 0.000009258500000 0.000647330000000
0.019256135721292 1.561718961579151 0.996984447556724 20752.693724562705029 40044.020186264518998 122.012539220739171 0.000009436400000 0.000652360000000
0.019434669265360 1.560629289762603 0.996945598740760 20405.587508941855049 38983.322662937840505 120.324534212187928 0.000009643200000 0.000664000000000
0.019614858085794 1.554888031470523 0.996879695349754 20195.357628697725886 37098.213061407528585 116.985869316739823 0.000009922700000 0.000691430000000
0.019796717529513 1.558855427712053 0.996871948407351 19723.268273434816365 37095.702419836881745 117.284582489681497 0.000010052000000 0.000685130000000
0.019980263085726 1.558167560328520 0.996837013440325 19387.810096512781456 36253.970280665045721 115.915559853519625 0.000010254000000 0.000694650000000
0.020165510387247 1.548921273927204 0.996812329884638 19394.537734996218205 35317.134977883790270 113.773381335982975 0.000010483000000 0.000706560000000
0.020352475211836 1.556937439285306 0.996774304629000 18742.567414385848679 34815.001913059517392 113.541847792597167 0.000010650000000 0.000710220000000
0.020541173483531 1.557787789660669 0.996766729182024 18414.960562063020916 34697.238682180977776 113.426798363903046 0.000010799000000 0.000706090000000
0.020731621274012 1.557691761829461 0.996744097257901 18102.460275890018238 34219.037275755712471 112.653881009856860 0.000010983000000 0.000709420000000
0.020923834803970 1.556812366359249 0.996706539711188 17799.907501767120266 33410.550846542653744 111.272964766462181 0.000011199000000 0.000719960000000
0.021117830444482 1.551014929111999 0.996659542544229 17656.329012106540176 32257.064441043356055 108.960874671619720 0.000011462000000 0.000738930000000
0.021313624718414 1.555610976984846 0.996634013409605 17197.237250306727219 31945.798704464759794 108.761473745606466 0.000011632000000 0.000739310000000
0.021511234301822 1.555200504867716 0.996604034848606 16907.125354587973561 31373.322402621844958 107.773030577754412 0.000011839000000 0.000745930000000
0.021710676025373 1.556652099967091 0.996610605931875 16612.168501700569323 31563.357446672340302 108.213983017676853 0.000011971000000 0.000734620000000
0.021911966875781 1.555518446593888 0.996565929470006 16335.786394024322362 30706.828595148508612 106.678850166356682 0.000012216000000 0.000748240000000
0.022115123997255 1.549146804504440 0.996497504557150 16197.929133754027134 29292.931590769483591 103.798095632831121 0.000012539000000 0.000777260000000
0.022320164692952 1.553778548328715 0.996477882196002 15784.553393007157865 29132.170725178446446 103.830843141087144 0.000012710000000 0.000774400000000
0.022527106426460 1.553205147368823 0.996438297537979 15513.557728259778742 28470.772793017284130 102.626448386642210 0.000012953000000 0.000785170000000
0.022735966823277 1.554716804411193 0.996448569919837 15245.551008580237976 28701.520712770419777 103.156445463470021 0.000013091000000 0.000771690000000
0.022946763672319 1.552589542055420 0.996374949642906 14990.191281359502682 27472.120594188916584 100.806913177311330 0.000013435000000 0.000798930000000
0.023159514927432 1.557015103625879 0.996450532802551 14720.701947320954787 28837.042582421036059 103.583889707427787 0.000013433000000 0.000754010000000
0.023374238708918 1.554217546783367 0.996362298737809 14478.602527331724559 27354.436082103213266 100.728859611066341 0.000013835000000 0.000787720000000
0.023590953305086 1.551146285938860 0.996267875657413 14242.394459600558548 25883.012682235133980 97.811646549418754 0.000014256000000 0.000825010000000
0.023809677173804 1.548848342170006 0.996234205884834 14054.214331756535103 25356.990438215329050 96.689906269337243 0.000014542000000 0.000834440000000
0.024030428944070 1.549866867344670 0.996180690623635 13759.271421192106573 24679.927162613788823 95.469065550729525 0.000014849000000 0.000849550000000
0.024253227417604 1.552811707156908 0.996219953557181 13512.533788214135711 25303.515956402090524 96.864801323595572 0.000014939000000 0.000820940000000
0.024478091570444 1.548207282123940 0.996125011973708 13335.343169478417622 23938.368226890223013 93.959714557918375 0.000015384000000 0.000859940000000
0.024705040554568 1.551399505362663 0.996128388988440 13055.369559908636802 24082.506782625365304 94.450286769944199 0.000015555000000 0.000846940000000
0.024934093699519 1.544103851927451 0.996060129404320 12979.420312712025407 23051.309811237173562 91.995474823426520 0.000015968000000 0.000876820000000
0.025165270514054 1.549485642334143 0.996025395865612 12617.995305162432487 22798.735299872387259 91.822099912074933 0.000016210000000 0.000878450000000
0.025398590687807 1.552028731355168 0.996060243481720 12395.747727165713513 23292.437623048077512 92.978226034145152 0.000016322000000 0.000851870000000
0.025634074092965 1.546762873237777 0.995936045135801 12228.636506057027873 21739.909349244182522 89.543672140288081 0.000016856000000 0.000904550000000
0.025871740785959 1.549907713823261 0.995944416158659 11977.234796692171585 21923.451152209359861 90.118722134920688 0.000017027000000 0.000888720000000
0.026111611009175 1.551219364458389 0.995948333245023 11768.965623928403147 22011.723649179337372 90.392947842714406 0.000017227000000 0.000877020000000
0.026353705192674 1.550546828348585 0.995897651586698 11566.637133843520132 21454.579575203679269 89.221405520629119 0.000017570000000 0.000891620000000
0.026598043955938 1.545209682099631 0.995790560878718 11429.564347693967648 20238.160088432632620 86.377435847085337 0.000018087000000 0.000936730000000
0.026844648109620 1.543996725045653 0.995761960574261 11263.031562211826895 19941.741147446628020 85.692689074874366 0.000018396000000 0.000941970000000
0.027093538657321 1.549270708117583 0.995766244123539 10982.118340816154159 20118.800526123213785 86.381674709684830 0.000018575000000 0.000925100000000
0.027344736797376 1.548192449597723 0.995702739469128 10794.746384884116196 19502.053629411355359 85.006257119681678 0.000018973000000 0.000945710000000
0.027598263924662 1.547273668394867 0.995644585946911 10611.506712851807606 18963.610553287137009 83.792554458126105 0.000019371000000 0.000963740000000
0.027854141632418 1.548523033339161 0.995645814760309 10427.061016192688840 19012.635168595381401 83.985616029016597 0.000019632000000 0.000952420000000
0.028112391714085 1.547358815369098 0.995577125180916 10248.955053618854436 18399.097076476609800 82.575120696147863 0.000020104000000 0.000975270000000
0.028373036165162 1.546910407422434 0.995525421108680 10071.069780559973879 17967.661785373580642 81.595041383388207 0.000020526000000 0.000989620000000
0.028636097185081 1.547178397787456 0.995498415504284 9897.954002547568962 17763.422947499799193 81.161382317313738 0.000020878000000 0.000991860000000
0.028901597179095 1.546540179029157 0.995444896527147 9729.418628479032122 17336.030277002384537 80.163399449581718 0.000021312000000 0.001007100000000
0.029169558760188 1.546632241476799 0.995408389983377 9560.382627577459061 17066.819166177079751 79.560618833725357 0.000021696000000 0.001013600000000
0.029440004751000 1.545752251841229 0.995346921628221 9398.304607397487416 16601.126332715706667 78.440231828556776 0.000022160000000 0.001032600000000
0.029712958185773 1.546082680559589 0.995316542444014 9234.688554845421095 16397.340810705834883 77.991287333382189 0.000022531000000 0.001035900000000
0.029988442312310 1.547630471911164 0.995324092779603 9072.650101977556915 16491.125783927345765 78.309929041945168 0.000022789000000 0.001020600000000
0.030266480593957 1.546855458866785 0.995259433514507 8916.333777612144331 16028.875941158636124 77.183384147539996 0.000023271000000 0.001040500000000
0.030547096711600 1.548056500969396 0.995257611123683 8760.943828919245789 16048.484581932027140 77.308301200776938 0.000023565000000 0.001029700000000
0.030830314565683 1.545771372068463 0.995147606008420 8613.871554350109363 15280.387090902500859 75.341235677748784 0.000024197000000 0.001071700000000
0.031116158278244 1.546956026956502 0.995145489137604 8464.224030051589580 15297.256636021131271 75.458391389219585 0.000024500000000 0.001060700000000
0.031404652194968 1.545949672428475 0.995071249790069 8319.170366372462013 14820.460274432736696 74.241908680001629 0.000025032000000 0.001084900000000
0.031695820887261 1.543687906726641 0.994969198135510 8184.505491328344760 14181.859540116927747 72.534602261961894 0.000025662000000 0.001123600000000
0.031989689154345 1.546981109954602 0.995019935089115 8032.973255818806138 14544.835310536283941 73.632685300295208 0.000025808000000 0.001085400000000
0.032286282025367 1.545816820778164 0.994937763610348 7895.470410755073317 14054.526740039818833 72.343434132848699 0.000026383000000 0.001113100000000
0.032585624761532 1.546779686420008 0.994926514082909 7758.166581247503927 14015.443787648240686 72.305754118779774 0.000026741000000 0.001106000000000
0.032887742858255 1.545603652120998 0.994840677629802 7624.849129165351769 13531.310978229179455 71.008755010914143 0.000027344000000 0.001135200000000
0.033192662047332 1.546471420843965 0.994825073431000 7492.191030332644004 13470.159701197324466 70.905876548365086 0.000027730000000 0.001130000000000
0.033500408299131 1.545140781831396 0.994736788918471 7365.535481370700836 12998.696884624241648 69.610570844735022 0.000028386000000 0.001160400000000
0.033811007824807 1.545935956692786 0.994713312540297 7235.782642421546370 12901.024301872388605 69.402185070202393 0.000028853000000 0.001158500000000
0.034124487078529 1.544411689039406 0.994611619401289 7112.032369947727602 12392.135953496814182 67.968670396031854 0.000029608000000 0.001195200000000
0.034440872759738 1.536208105654355 0.994566910833771 7104.938095940656240 12071.579931698213841 66.735114699830234 0.000030294000000 0.001215800000000
0.034760191815420 1.544655785763732 0.994523640637754 6868.463727121879856 12006.166805779741480 66.946880459401129 0.000030709000000 0.001211300000000
0.035082471442398 1.544555167528149 0.994471805620602 6750.420667104646782 11782.592624347458695 66.333441652911702 0.000031293000000 0.001223100000000
0.035407739089653 1.544430781351796 0.994417398231400 6634.119775759211734 11554.018413668876747 65.698687253643698 0.000031890000000 0.001236000000000
0.035736022460658 1.544257100410277 0.994360704556567 6519.980569504062260 11322.000228035707551 65.045397075761969 0.000032501000000 0.001249800000000
0.036067349515740 1.544033802219330 0.994299294269576 6407.221207339180182 11077.452111053929912 64.346713865083103 0.000033132000000 0.001265800000000
0.036401748474461 1.543709693463016 0.994235016427544 6297.068142046740832 10828.393790103542415 63.622638566210668 0.000033780000000 0.001283200000000
0.036739247818021 1.543299496744355 0.994158286436658 6186.439162592851972 10540.266175455790290 62.770351598019268 0.000034475000000 0.001306400000000
0.037079876291682 1.544560135919531 0.994153093632115 6079.005555212558647 10544.004266201871360 62.851355315722529 0.000034915000000 0.001294000000000
0.037423662907220 1.542093655454050 0.994033437864491 5984.617233844767725 10091.303671809473599 61.403165024624343 0.000035801000000 0.001339900000000
0.037770636945394 1.544835667598798 0.994052123981252 5870.551013186881391 10196.872915005787945 61.853783802510840 0.000036148000000 0.001313800000000
0.038120827958439 1.544323263569194 0.993975810630222 5769.775903862874657 9933.965189525311871 61.047525368565736 0.000036873000000 0.001336400000000
0.038474265772585 1.542542232869743 0.993860416140899 5674.863026485235423 9540.296089852005025 59.771384827881207 0.000037761000000 0.001379100000000
0.038830980490596 1.544083662222851 0.993847098592171 5571.885894802658186 9522.030597232616856 59.792900498997582 0.000038258000000 0.001369100000000
0.039191002494334 1.541998912627786 0.993750619577644 5488.881380320853168 9205.701612082179054 58.726071233849801 0.000039112000000 0.001403400000000
0.039554362447347 1.543539971503709 0.993699900342589 5380.572596518656610 9077.043062493166872 58.391637590865919 0.000039753000000 0.001410300000000
0.039921091297481 1.543613360760917 0.993640484533412 5287.619703958927857 8910.556537917880632 57.873509150629260 0.000040464000000 0.001423700000000
0.040291220279513 1.545297330105461 0.993649670572108 5195.900459993346885 8961.555389685301634 58.121743255854547 0.000040921000000 0.001402500000000
0.040664780917819 1.544713331537397 0.993561438749991 5106.614479992792440 8710.854593570264115 57.297746354920534 0.000041854000000 0.001429900000000
0.041041805029047 1.543693548987433 0.993453466687135 5019.138977787168187 8413.548752463073470 56.289847769660071 0.000042881000000 0.001467100000000
0.041422324724839 1.543731438060485 0.993388923388818 4932.621373027192021 8251.689543430988124 55.764170369622420 0.000043724000000 0.001482400000000
0.041806372414558 1.551066291063631 0.993973750804759 4875.253624500195656 10090.818696083002578 61.987983316085241 0.000041898000000 0.001199600000000
0.042193980808050 1.534139781856677 0.993360898497045 4875.789372862232995 8097.809606328348309 54.914414065684888 0.000045268000000 0.001483000000000
0.042585182918434 1.529411673140828 0.993320158758301 4842.529138066885935 7955.915808980913425 54.268700783646239 0.000046154000000 0.001495700000000
0.042980012064908 1.545538802610902 0.993257764346338 4602.577407930348272 7966.022161361971484 54.925598005256866 0.000046610000000 0.001480300000000
0.043378501875590 1.552607262066364 0.993577869554746 4508.581945173104941 8892.474227565991896 58.325224193263367 0.000045809000000 0.001313000000000
0.043780686290382 1.544228347553460 0.993345435707673 4469.481005364303201 8186.957626682378759 55.667819778470943 0.000047534000000 0.001413700000000
0.044186599563859 1.537939704120487 0.993169044255133 4427.207091773907450 7703.695722571951592 53.785372109905069 0.000049017000000 0.001489100000000
0.044596276268191 1.545856716421197 0.993101060112756 4285.541588247798245 7626.169490843124549 53.821909960252171 0.000049724000000 0.001490700000000
0.045009751296080 1.535463571571127 0.992974204905752 4302.769278631539237 7257.954105624575277 52.150635487096260 0.000051145000000 0.001552300000000
0.045427059863740 1.542031533876028 0.992763787420542 4142.412400135460302 6889.437786583617708 51.056888175671844 0.000052462000000 0.001621000000000
0.045848237513891 1.542076723114119 0.992911796760150 4096.275772443808819 7197.185206238425053 52.203607371857885 0.000052539000000 0.001537000000000
0.046273320118787 1.540287046706544 0.992764745527597 4029.382048350932109 6888.784981974782568 51.027231623882962 0.000053853000000 0.001591500000000
0.046702343883273 1.542513107130430 0.992609740782690 3932.553066094337737 6616.457138141340693 50.102193446392590 0.000055104000000 0.001642300000000
0.047135345347869 1.531882061412599 0.992531679552325 3943.995482909533621 6396.629040023986818 48.916021356654852 0.000056430000000 0.001683400000000
0.047572361391879 1.541826554112206 0.992463805294846 3797.780276163881808 6360.103204907383770 49.132473510634973 0.000057133000000 0.001677700000000
0.048013429236535 1.540035205641805 0.992325826405730 3737.508053499297148 6117.800162888387604 48.144553550246506 0.000058480000000 0.001728600000000
0.048458586448165 1.530855461089225 0.992343253743458 3753.447582995550874 6083.335540789898005 47.716887162643445 0.000059442000000 0.001722400000000
0.048907870941396 1.543735093141371 0.992309283211553 3599.617609740497301 6128.497851300275215 48.344174359532651 0.000059987000000 0.001694100000000
0.049361320982379 1.533158082055671 0.992196928848831 3609.183128102773026 5876.466798630737685 47.007828321576412 0.000061725000000 0.001750900000000
0.049818975192052 1.541855782085327 0.992063735143370 3477.740111028214415 5739.484635590260950 46.757545854702819 0.000062897000000 0.001776700000000
0.050280872549425 1.543646593943740 0.992164413295128 3426.650810525542511 5911.570946019732219 47.529612075834393 0.000063235000000 0.001708800000000
0.050747052394905 1.541728839748594 0.991923832352595 3361.466855644331190 5544.468700789169816 45.985868188554839 0.000065290000000 0.001806100000000
0.051217554433642 1.539276304863050 0.991783910656669 3312.843713698536249 5339.570721301144658 45.067505157118013 0.000066911000000 0.001858700000000
0.051692418738916 1.541610493816784 0.991726792244632 3243.349046753357925 5283.023173835268608 44.918257435104096 0.000067981000000 0.001861600000000
0.052171685755543 1.540554932114625 0.991590499517032 3188.153048987623606 5105.210376935742715 44.139863347331570 0.000069553000000 0.001909200000000
0.052655396303328 1.542999763967693 0.991654104840737 3132.734016561093540 5206.362489028834716 44.668278508578204 0.000070070000000 0.001854700000000
0.053143591580532 1.532878451480376 0.991536113672951 3139.010779407579776 4999.732326843595729 43.477266450452177 0.000071928000000 0.001914100000000
0.053636313167392 1.541570680497210 0.991426588586694 3028.407939420054390 4924.434077761133267 43.432082513574187 0.000073034000000 0.001925900000000
0.054133603029654 1.531831654267625 0.991423677257821 3044.007969314503498 4867.543930919472587 42.898943815249908 0.000074369000000 0.001930500000000
0.054635503522149 1.540844752678776 0.991249463187188 2928.851563398657618 4724.509322627010988 42.552878095428348 0.000075789000000 0.001971400000000
0.055142057392403 1.541925661570242 0.991158543594392 2871.668804919380364 4634.595435157794782 42.194886277700441 0.000077143000000 0.001991500000000
0.055653307784276 1.542238176264479 0.991081347607238 2821.454010203221969 4557.723281952743491 41.869495726091799 0.000078479000000 0.002006800000000
0.056169298241638 1.542733739466938 0.991014860027861 2772.064869777575495 4494.943497486123306 41.611516895602435 0.000079773000000 0.002016400000000
0.056690072712074 1.541731214452904 0.990900703496845 2727.861630432746097 4377.488429530592839 41.051913044272403 0.000081377000000 0.002052000000000
0.057215675550633 1.541901822193224 0.990803955850912 2679.583992344041690 4287.338879303577414 40.648632678786655 0.000082870000000 0.002076300000000
0.057746151523598 1.541695702378837 0.990667193013369 2631.204176902400832 4160.737869267851238 40.054737174126586 0.000084596000000 0.002120400000000
0.058281545812308 1.541353286824727 0.990599387591362 2589.709260488144082 4100.924039233193980 39.772728361620317 0.000086022000000 0.002131900000000
0.058821904017000 1.541175983430050 0.990491057916981 2545.158542321203186 4007.424823864931113 39.328322580381268 0.000087759000000 0.002162000000000
0.059367272160691 1.540989189174013 0.990391443134328 2502.134517414137463 3924.472332912503589 38.930503070310380 0.000089561000000 0.002187900000000
0.059917696693106 1.542872492607826 0.990362324803907 2454.608746112762219 3912.633894715142105 38.940775361461036 0.000090876000000 0.002174500000000
0.060473224494626 1.542645121195926 0.990241641091856 2412.038359823077371 3815.346662856300100 38.464065496533777 0.000092811000000 0.002210000000000
0.061033902880286 1.541689297549365 0.990088474719862 2371.669544090332238 3693.051205449629833 37.833254827043369 0.000094976000000 0.002262900000000
0.061599779603802 1.542667383100027 0.990042287303577 2329.916238114945372 3665.523071668297234 37.735078862411271 0.000096457000000 0.002259200000000
0.062170902861638 1.542779300157828 0.989941587648865 2289.509753648638252 3593.639887104522131 37.382904867863886 0.000098298000000 0.002283600000000
0.062747321297116 1.542219345479819 0.989811475710276 2251.165029512885667 3499.888403113996901 36.893789496399961 0.000100350000000 0.002323900000000
0.063329084004551 1.542733007497105 0.989737601462111 2212.103895952202038 3453.298427103598442 36.677584336839473 0.000102050000000 0.002334000000000
0.063916240533440 1.543012841003959 0.989651407431168 2174.089920818738847 3398.294305352127594 36.408310801618825 0.000103840000000 0.002350400000000
0.064508840892677 1.542262218530756 0.989491326690036 2137.113034512896775 3291.650251045916775 35.829592430332575 0.000106110000000 0.002405000000000
0.065106935554815 1.542776103185189 0.989410183038912 2099.840223812715976 3244.679030852629239 35.602826175481319 0.000107900000000 0.002417800000000
0.065710575460363 1.543756034749185 0.989364579279012 2063.204246428033457 3222.976113426291704 35.525427351598395 0.000109470000000 0.002411900000000
0.066319812022127 1.544032893239020 0.989276233881383 2027.900630395437702 3172.268586482052342 35.268672594437398 0.000111340000000 0.002428400000000
0.066934697129587 1.544231802741676 0.989177177782602 1993.040539711996644 3116.054625697041047 34.976596128847333 0.000113300000000 0.002450000000000
0.067555283153316 1.542462206028916 0.988970999878265 1961.435259718841962 2992.411944913978004 34.248099399564083 0.000116020000000 0.002528800000000
0.068181622949445 1.543269371770059 0.988871957198822 1925.542428424002992 2943.073441965214442 34.001118952354780 0.000117990000000 0.002548100000000
0.068813769864157 1.543099116413840 0.988732294380686 1892.230236920210473 2869.870154026401906 33.587911665087631 0.000120290000000 0.002589900000000
0.069451777738237 1.543714240097166 0.988663445180919 1859.816949589468777 2838.796627853005702 33.437168201308154 0.000122170000000 0.002594500000000
0.070095700911656 1.543064005570162 0.988511730245044 1829.051987122363926 2761.837512754714226 32.981591405052320 0.000124640000000 0.002643100000000
0.070745594228199 1.544049071653958 0.988449237932952 1796.747631577500442 2736.980987996499607 32.873142642470249 0.000126520000000 0.002643000000000
0.071401513040134 1.543799887702625 0.988302342401790 1765.963296972962553 2667.715762439425816 32.465102103088299 0.000129310000000 0.002687500000000
0.072063513212931 1.544210730762533 0.988204713057312 1735.460336762963607 2625.967230625877164 32.236355533310622 0.000131730000000 0.002705600000000
0.072731651130015 1.544462515512418 0.988107062055886 1706.081655783295673 2584.753823815471605 32.004907592001672 0.000134180000000 0.002724100000000
0.073405983697572 1.544290623551815 0.987964950393304 1677.004387297628682 2523.578106251263307 31.636429576881916 0.000136960000000 0.002765300000000
0.074086568349396 1.544653552893241 0.987861296324881 1648.140671819325235 2482.578013394943810 31.403363974570656 0.000139470000000 0.002785700000000
0.074773463051776 1.544509102374040 0.987710248482469 1619.789728478637926 2421.406657484591960 31.027257054354227 0.000142340000000 0.002830700000000
0.075466726308439 1.543244395309075 0.987607234196867 1597.304035966553329 2378.614439158078767 30.739465843819378 0.000145000000000 0.002855800000000
0.076166417165529 1.545407143388815 0.987519593657241 1564.813229016792320 2352.537908964242888 30.636275969342854 0.000147300000000 0.002861400000000
0.076872595216637 1.545634454576035 0.987403341794716 1538.090997328151616 2310.575688979063671 30.383579335764441 0.000149970000000 0.002887300000000
0.077585320607878 1.545109960766305 0.987222893695991 1512.124656108107729 2243.825203530335784 29.946325691271468 0.000153140000000 0.002946900000000
0.078304654043012 1.545599679416401 0.987121701620608 1486.112214115207280 2210.913033458461541 29.753317186960569 0.000155730000000 0.002963900000000
0.079030656788613 1.545906770207401 0.987017893197853 1461.047339338834945 2177.381080668322284 29.550210600191509 0.000158380000000 0.002982600000000
0.079763390679293 1.546151317094173 0.986888997404859 1435.892065488279286 2135.850645814319705 29.289011007614931 0.000161220000000 0.003013400000000
0.080502918122960 1.545884709642368 0.986722838136726 1411.619373698600612 2081.896031369413322 28.927477752262533 0.000164390000000 0.003064100000000
0.081249302106141 1.546198387755553 0.986602072592192 1387.468816120874635 2045.908175036833654 28.699686850484159 0.000167250000000 0.003090200000000
0.082002606199341 1.545243321291752 0.986429682736086 1365.885254565018840 1991.794954510655089 28.313696681950340 0.000170590000000 0.003146000000000
0.082762894562463 1.545826596000780 0.986268494994762 1340.827689718139482 1946.637194589200817 28.019653449323044 0.000173770000000 0.003190500000000
0.083530231950268 1.545750550876322 0.986155288919863 1319.288458904036361 1915.518030653596270 27.809642488381545 0.000176730000000 0.003213300000000
0.084304683717890 1.545070055329021 0.986014222545028 1299.032241369440044 1875.905761077895477 27.522791726654752 0.000179980000000 0.003251900000000
0.085086315826406 1.546860115131123 0.985908781967062 1273.612726224166863 1852.723019790100807 27.405907724576096 0.000182800000000 0.003263100000000
0.085875194848452 1.546977717541974 0.985763057389056 1252.014903167422972 1815.537664086976065 27.148437994317749 0.000186340000000 0.003300300000000
0.086671387973892 1.547656347813901 0.985670760375323 1230.659423500187359 1794.747857956680491 27.023093989685112 0.000189620000000 0.003308500000000
0.087474963015544 1.547021367782455 0.985455462686730 1210.177803569852813 1740.051006319785984 26.611755222013169 0.000194010000000 0.003382600000000
0.088285988414951 1.547710474066986 0.985361458465113 1189.553774564750483 1720.222310830235529 26.490187423109351 0.000197320000000 0.003390800000000
0.089104533248215 1.548337421512311 0.985253430985444 1169.155793600085417 1697.231392119984093 26.341823231457280 0.000200770000000 0.003405900000000
0.089930667231876 1.547808475676474 0.985041818590738 1149.715746317501271 1648.010539586260393 25.963077399190905 0.000205180000000 0.003476900000000
0.090764460728854 1.547550736395137 0.984845549393310 1130.355308022630652 1604.839875843669688 25.632140473069207 0.000209460000000 0.003539000000000
0.091605984754437 1.548165783846880 0.984731270922541 1111.009027653959265 1582.826724568066538 25.484303860093089 0.000213020000000 0.003556100000000
0.092455310982336 1.548185176491764 0.984560072946621 1092.271559900906141 1548.036555595070922 25.219542817783214 0.000217120000000 0.003603900000000
0.093312511750783 1.548500968207258 0.984421403576288 1073.852447804323447 1521.652444600293393 25.026314122596517 0.000220960000000 0.003633700000000
0.094177660068695 1.548651926316869 0.984259188961714 1055.716132060714926 1490.933892312276839 24.791813395078321 0.000225040000000 0.003675700000000
0.095050829621895 1.549175188266856 0.984148026919268 1038.030132774170852 1471.826198631718853 24.659002856097739 0.000228700000000 0.003690100000000
0.095932094779382 1.548841566288278 0.983918709756904 1020.455488588687672 1429.076996103499368 24.308429238580079 0.000233440000000 0.003767300000000
0.096821530599671 1.549818690678366 0.983852030367535 1003.233457456202018 1420.247588400497079 24.268266073051940 0.000236770000000 0.003756400000000
0.097719212837180 1.549007414419435 0.983580610541234 986.641644348317982 1371.468601364614642 23.849235726637328 0.000241990000000 0.003856400000000
0.098625217948688 1.548981338556236 0.983422656234262 970.610543645508187 1345.742757233732846 23.640444528440010 0.000246270000000 0.003895300000000
0.099539623099842 1.550342389284481 0.983362229440524 953.651332179688552 1339.464555179401486 23.627008318650692 0.000249640000000 0.003878100000000
0.100462506171734 1.550269234953771 0.983159343700927 937.648996549800586 1307.153712011132939 23.355531544201142 0.000254380000000 0.003939100000000
0.101393945767529 1.550801589985889 0.983026993740593 921.829993193417749 1288.258686540439612 23.212441016407912 0.000258550000000 0.003961200000000
0.102334021219164 1.550190818609100 0.982758566769964 906.537623079591640 1246.854486267046696 22.841866989965403 0.000264030000000 0.004057300000000
0.103282812594103 1.550908191886114 0.982648721904186 891.285319950392136 1232.973376748806913 22.743807175378208 0.000268130000000 0.004066200000000
0.104240400702156 1.550354923866748 0.982397849515150 876.736113855547273 1196.823227771682923 22.414543432597846 0.000274310000000 0.004152700000000
0.105206867102362 1.550305114645381 0.982194363932586 862.201188899053818 1169.529007537508733 22.173007046963381 0.000280020000000 0.004212300000000
0.106182294109938 1.551210654147391 0.982080208165749 847.405051517053380 1156.661295423373303 22.083099395602282 0.000284770000000 0.004221000000000
0.107166764803286 1.550771952988686 0.981842145518424 833.677409989330954 1125.663190818665498 21.793976384256858 0.000290910000000 0.004299500000000
0.108160363031071 1.551484935450769 0.981707584656319 819.506533727402939 1110.673923292037216 21.677225549358575 0.000295930000000 0.004318700000000
0.109163173419361 1.551450423735573 0.981475099224709 805.716506108933800 1082.715348502876850 21.418494871573269 0.000302000000000 0.004391600000000
0.110175281378839 1.552277897586477 0.981375456748860 792.276840107726571 1073.073574197863081 21.353638912201205 0.000306730000000 0.004391200000000
0.111196773112070 1.551868281449581 0.981112578793169 779.293174560613011 1042.499971179030581 21.056757602250752 0.000313210000000 0.004480900000000
0.112227735620851 1.552422280352341 0.980959141945407 766.206178790239619 1026.874426665623787 20.924204805714368 0.000318550000000 0.004508700000000
0.113268256713615 1.552376567523387 0.980732674645441 753.547344156417580 1002.726897708958063 20.692414723566973 0.000324710000000 0.004577000000000
0.114318425012915 1.552944334691502 0.980591927572397 741.053096877951134 989.438675467357825 20.580840440021326 0.000330010000000 0.004597100000000
0.115378329962966 1.552933481491656 0.980358312055489 728.760344377292085 965.908652628064942 20.350956246552940 0.000336320000000 0.004668100000000
0.116448061837269 1.553114237762339 0.980160688088394 716.765791482117152 947.109380977953606 20.171390841779456 0.000342320000000 0.004718900000000
0.117527711746295 1.553478687985651 0.979986885926996 704.950310557244052 931.447061584164771 20.026379659944912 0.000348130000000 0.004755900000000
0.118617371645248 1.553711182169774 0.979787593411773 693.318539568691790 913.570588155772725 19.853571142347032 0.000354250000000 0.004806400000000
0.119717134341897 1.553761957214186 0.979563487069395 681.951197212273200 893.696683659645942 19.653749529819127 0.000360720000000 0.004870300000000
0.120827093504478 1.554240152689684 0.979381952118480 670.569497718980642 878.798584706416136 19.513448240300683 0.000366780000000 0.004909200000000
0.121947343669674 1.554513468571769 0.979192115138527 659.613212147501258 863.350569387100109 19.362094049277189 0.000373040000000 0.004953100000000
0.123077980250667 1.554615385272836 0.978958382424719 648.746227809392167 844.347386746968141 19.165963492595147 0.000379840000000 0.005020400000000
0.124219099545262 1.554715703719536 0.978724445697312 638.092209145090010 825.960131474574041 18.974209455465228 0.000386740000000 0.005087500000000
0.125370798744092 1.554786129026232 0.978478461207869 627.594828263963450 807.176653946624810 18.774787397951766 0.000394310000000 0.005160600000000
0.126533175938894 1.554681671486184 0.978229873892224 617.507919889274831 788.680723016305819 18.573239717264059 0.000402560000000 0.005235800000000
0.127706330130864 1.555317548407649 0.978061822879411 607.254597594291567 777.596954011753155 18.468573106996750 0.000409790000000 0.005263400000000
0.128890361239089 1.555342078087300 0.977817669755175 597.424762502724093 760.567514372183723 18.282061955669374 0.000418020000000 0.005334500000000
0.130085370109057 1.555596834030658 0.977588515741313 587.604875773422350 745.372419534271557 18.118856922281463 0.000426060000000 0.005395800000000
0.131291458521247 1.555666022610688 0.977340254360223 578.072662257162051 729.159023417651952 17.938194674417289 0.000434390000000 0.005467900000000
0.132508729199795 1.555908657032627 0.977117094665061 568.678440917241687 715.315391025629879 17.787184672830474 0.000442440000000 0.005525000000000
0.133737285821250 1.556266158294237 0.976903806102162 559.389059762448255 702.617722549866357 17.650421897675759 0.000450390000000 0.005575600000000
0.134977233023394 1.556627028551037 0.976695323553272 550.298896263554184 690.583777766683625 17.520487637748719 0.000458340000000 0.005623100000000
0.136228676414165 1.556554796813995 0.976408440503487 541.413682138420995 673.660025784744789 17.319847878648794 0.000467290000000 0.005714800000000
0.137491722580642 1.557217580095371 0.976249581713386 532.607055256619105 665.621947411274277 17.242505633857238 0.000474720000000 0.005732500000000
0.138766479098131 1.557394005351812 0.975999936643463 523.993724294754770 651.997291196418018 17.084231797126954 0.000483330000000 0.005801500000000
0.140053054539322 1.556751912920951 0.975666361757643 515.981614368932583 633.443755504368596 16.846484599725748 0.000493130000000 0.005920600000000
0.141351558483540 1.557346822189282 0.975414182345793 507.236960194035930 620.953114650664020 16.704560573092756 0.000501790000000 0.005987300000000
0.142662101526074 1.557375231240375 0.975162776262274 499.259304066969150 608.507668023850783 16.553122686998790 0.000510680000000 0.006056800000000
0.143984795287601 1.554663152065245 0.974985631258797 494.640201496555392 598.500293919792284 16.393871175175800 0.000519690000000 0.006103700000000
0.145319752423690 1.557987010918200 0.974663588780330 483.204988822411508 585.279604859527353 16.275446077247086 0.000528540000000 0.006188300000000
0.146667086634397 1.558291796470295 0.974414613062945 475.409953484333357 574.209541802242029 16.141526353266507 0.000537630000000 0.006252900000000
0.148026912673951 1.558016509357255 0.974138722569045 468.212394299915104 561.828578689024653 15.979083331789468 0.000547300000000 0.006335500000000
0.149399346360526 1.558777171618626 0.973901007199089 460.310934574979512 552.228722560797223 15.869042855578810 0.000556370000000 0.006389600000000
0.150784504586105 1.555981609705535 0.973677868298672 456.039671230954184 541.447036169998455 15.690716591365360 0.000566570000000 0.006459900000000
0.152182505326439 1.559230723684428 0.973372975402129 445.746836865759633 530.881809720250885 15.598284078724102 0.000576840000000 0.006532000000000
0.153593467651090 1.559524969945471 0.973127357465261 438.681174898902725 521.504300310159806 15.480421160623965 0.000587880000000 0.006591700000000
0.155017511733577 1.559700641528271 0.972839919310195 431.692544860736689 510.592055163130283 15.336462458566912 0.000599520000000 0.006674700000000
0.156454758861610 1.559781165863422 0.972537254107278 424.865992559629831 499.368831054111240 15.184494042893371 0.000611430000000 0.006766200000000
0.157905331447418 1.560083710399885 0.972281068388739 418.144184169588698 490.434656929831306 15.068589620502928 0.000622710000000 0.006829800000000
0.159369353038178 1.557508616272790 0.971997072625335 413.981442570690263 479.214055433218050 14.876785201419416 0.000635520000000 0.006929600000000
0.160846948326536 1.560636005300872 0.971737813842268 405.010308335281763 472.140550866924229 14.825034191713641 0.000645800000000 0.006972500000000
0.162338243161228 1.560713688680448 0.971422123038033 398.647775544702995 461.722123249350773 14.678031594943583 0.000658050000000 0.007068900000000
0.163843364557798 1.560980593968214 0.971146053123380 392.378460808231807 453.108188198391815 14.560462355612694 0.000669800000000 0.007141200000000
0.165362440709418 1.561084515519412 0.970830099495690 386.234069156229850 443.327732466677787 14.420260250151971 0.000682170000000 0.007236400000000
0.166895600997802 1.561050703179513 0.970474920763419 380.198321495051630 432.535415254463032 14.259588262302829 0.000695170000000 0.007354200000000
0.168442976004232 1.561448402798212 0.970288112788233 374.439317169094750 427.622563877346693 14.200031838305319 0.000705960000000 0.007373200000000
0.170004697520672 1.561863381090170 0.969975424696937 368.397050299718444 418.910384362700711 14.076499492441750 0.000718420000000 0.007462200000000
0.171580898561000 1.561945139710332 0.969634906684451 362.652546220594502 409.496393527444184 13.934923166354595 0.000731460000000 0.007568900000000
0.173171713372335 1.562180839408230 0.969334749243606 357.011136586167140 401.631822027808141 13.819932829029142 0.000744040000000 0.007651000000000
0.174777277446468 1.562331296659533 0.969045936528232 351.569950349150815 394.283631124034059 13.711298998740187 0.000756650000000 0.007726600000000
0.176397727531404 1.562228590254795 0.968738638826280 346.370273817769544 386.533889203113631 13.590990710373223 0.000769740000000 0.007814100000000
0.178033201643011 1.562431190651570 0.968418823572492 341.007937829663661 378.803504023759615 13.473393011377967 0.000783000000000 0.007905500000000
0.179683839076772 1.562609108577208 0.968104708219326 335.778274521365518 371.446865523556141 13.360589129907373 0.000796370000000 0.007993200000000
0.181349780419650 1.563068057888261 0.967769391365171 330.392752968892523 363.883554986486104 13.246077628886058 0.000810040000000 0.008090000000000
0.183031167562061 1.563228061480095 0.967438154439778 325.332475344031764 356.545154936213862 13.130258554898466 0.000824010000000 0.008186200000000
0.184728143709963 1.563344094123444 0.967106507058953 320.396857539900793 349.406697460849273 13.016011665918516 0.000839680000000 0.008282400000000
0.186440853397049 1.563554014980152 0.966769161873938 315.475671196810765 342.388408029616528 12.903642720193922 0.000856170000000 0.008380400000000
0.188169442497056 1.563848943514611 0.966409203110804 310.540715202942977 335.111820679950995 12.785836590639599 0.000872970000000 0.008490000000000
0.189914058236193 1.563988075996524 0.966057602039440 305.822382061635892 328.197699197338693 12.671347447846987 0.000889790000000 0.008595500000000
0.191674849205682 1.564211221290809 0.965727615643251 301.179964378808563 321.979665927221504 12.569866526412550 0.000906290000000 0.008686900000000
0.193451965374405 1.564340638826904 0.965369070427231 296.629106077918436 315.331556876132368 12.457379104461571 0.000923320000000 0.008795100000000
0.195245558101686 1.564274873128661 0.965046304492508 292.357853602425223 309.536486502734647 12.357945525485199 0.000940000000000 0.008883400000000
0.197055780150180 1.564256747045844 0.964573497508961 287.856577239199737 301.052133348747589 12.203471663570268 0.000958900000000 0.009058800000000
0.198882785698881 1.564403625172744 0.964205800094362 283.529777348653170 294.885817306641002 12.095884984887658 0.000976260000000 0.009170200000000
0.200726730356257 1.564798302328555 0.963965392641437 279.349790466529441 291.270788746903008 12.042606253386017 0.000991710000000 0.009203300000000
0.202587771173502 1.564544362934895 0.963463896134813 275.200473729511884 282.963762709028060 11.882845850502067 0.001011400000000 0.009396300000000
0.204466066657912 1.565034197821681 0.963124132032742 270.946424108519352 277.919011829199576 11.798545578972764 0.001028400000000 0.009485600000000
0.206361776786386 1.564986799254932 0.962725781259852 267.000958239511931 271.907664775219814 11.685921771639599 0.001046800000000 0.009614200000000
0.208275063019052 1.564923313986419 0.962371536110692 263.207428794073167 266.787083593662260 11.590833532500662 0.001064600000000 0.009715900000000
0.210206088313016 1.565101071482237 0.961979890472421 259.283427819132839 261.298088342005485 11.489276628518830 0.001083000000000 0.009836900000000
0.212155017136245 1.565659135479990 0.961622553466994 255.261324146381924 256.590625335475977 11.408109734810331 0.001100800000000 0.009932700000000
0.214122015481573 1.565625547746976 0.961187872109196 251.543682507471885 250.740936521058302 11.293131176601364 0.001120300000000 0.010080000000000
0.216107250880838 1.565903832568737 0.960826044297330 247.819764183635215 246.192190219536116 11.209687137084812 0.001138700000000 0.010180000000000
0.218110892419152 1.566057898937041 0.960440464881692 244.201100274613538 241.414302293772892 11.118384816245319 0.001157800000000 0.010294000000000
0.220133110749303 1.565791725026431 0.960021229504183 240.838398782342523 236.231791437055307 11.011478995845753 0.001177900000000 0.010432000000000
0.222174078106288 1.566251195396631 0.959621487412286 237.163168168876382 231.630290968067698 10.925187449546460 0.001197500000000 0.010551000000000
0.224233968321985 1.566318679214689 0.959210376586527 233.755068336762008 226.936802849712848 10.830872595205092 0.001219600000000 0.010679000000000
0.226312956839953 1.566514327523170 0.958814062132855 230.358212495141942 222.594927386403384 10.745169283639276 0.001243100000000 0.010796000000000
0.228411220730382 1.566651593507502 0.958404154894278 227.038269223962516 218.205946262492660 10.656435191817625 0.001266800000000 0.010922000000000
0.230528938705171 1.566412143935448 0.957936436292282 223.912083244520346 213.206442568927315 10.547014836293265 0.001291900000000 0.011086000000000
0.232666291133146 1.566804976877208 0.957533747431386 220.586327871204219 209.226230589957140 10.468678435660751 0.001315400000000 0.011202000000000
0.234823460055428 1.566931324911636 0.957117967212085 217.444123188365381 205.165776000151311 10.384135741116506 0.001339500000000 0.011329000000000
0.237000629200933 1.567042421907823 0.956694517684333 214.358538626051228 201.141027012410945 10.299130326422464 0.001363700000000 0.011460000000000
0.239197984002024 1.566800738511987 0.956210775237571 211.446536266750513 196.554351341324406 10.194336853120824 0.001389400000000 0.011631000000000
0.241415711610302 1.566922221862343 0.955762169341923 208.441602042764714 192.535295343739079 10.106952188646495 0.001414200000000 0.011776000000000
0.243654000912547 1.567232398848179 0.955348010731913 205.430651139525395 189.004373666225035 10.033354851961084 0.001438400000000 0.011896000000000
0.245913042546805 1.567176582730603 0.954856687108403 202.581850296319516 184.788226385541520 9.936178175218918 0.001464300000000 0.012068000000000
0.248193028918626 1.567284615768894 0.954425210987800 199.759713142277093 181.280659386765990 9.858607832999636 0.001489200000000 0.012200000000000
0.250494154217450 1.566984855184435 0.953946483808634 197.142950688422616 177.391526351281726 9.764868808588194 0.001515500000000 0.012365000000000
0.252816614433150 1.567290411438442 0.953479795179780 194.295768502599287 173.825518363651753 9.685530297282940 0.001541100000000 0.012515000000000
0.255160607372719 1.567541998250238 0.953067895744976 191.570070962621202 170.814009608393803 9.619990738177156 0.001566100000000 0.012629000000000
0.257526332677120 1.567584925645397 0.952583869991370 188.932091585498739 167.267418400100610 9.535986300265034 0.001592700000000 0.012792000000000
0.259913991838293 1.567571863986003 0.952104607357300 186.371302260330026 163.860174554341569 9.454104181073058 0.001619500000000 0.012951000000000
0.262323788216312 1.567674591911355 0.951648579908005 183.820561178552339 160.750594103086257 9.380979231375001 0.001646100000000 0.013093000000000
0.264755927056707 1.567558821332515 0.951117229380791 181.359608734792346 157.142719371911511 9.289662342885212 0.001674400000000 0.013285000000000
0.267210615507944 1.567690155206262 0.950665643981513 178.888309438815440 154.259724261559739 9.221317553839691 0.001701500000000 0.013422000000000
0.269688062639069 1.567656758831911 0.950153472304424 176.492237542359021 151.012382208031880 9.139164920163944 0.001730100000000 0.013599000000000
0.272188479457518 1.567625772086979 0.949618094736452 174.122798239936827 147.710865704025679 9.054117651055833 0.001759900000000 0.013791000000000
0.274712078927081 1.567778142028296 0.949183164927962 171.779854911280268 145.198329851314213 8.994204944137728 0.001792600000000 0.013913000000000
0.277259075986048 1.567787440086212 0.948685297513095 169.499589508643538 142.330482003668408 8.920776503051291 0.001826800000000 0.014078000000000
0.279829687565512 1.567696134577880 0.948154032997725 167.282526285476223 139.328302206791136 8.840892333711059 0.001861800000000 0.014265000000000
0.282424132607843 1.567555593641561 0.947614367892870 165.121055444298378 136.364233492514387 8.760464070335590 0.001897100000000 0.014458000000000
0.285042632085343 1.567604657815066 0.947103547044147 162.933638217802837 133.683966692733861 8.690101283734036 0.001931700000000 0.014628000000000
0.287685409019059 1.567702405770358 0.946616354673632 160.776346759827845 131.222565189523209 8.626411139743059 0.001965800000000 0.014781000000000
0.290352688497781 1.567654360935626 0.946088411545522 158.694833217225437 128.588538201180057 8.554464593051339 0.002001000000000 0.014962000000000
0.293044697697214 1.567227490361759 0.945491727080250 156.771426095782175 125.625570273301676 8.466217338699947 0.002038100000000 0.015193000000000
0.295761665899325 1.567517314894069 0.944981468380960 154.630123869781102 123.284817485283583 8.405618556743061 0.002072700000000 0.015356000000000
0.298503824511873 1.567349743610983 0.944466396059665 152.709590078898060 120.939797031440520 8.338959071900735 0.002108200000000 0.015527000000000
0.301271407088116 1.567415593002750 0.943932766254344 150.717679269183890 118.593475896507613 8.273846743004549 0.002143900000000 0.015706000000000
0.304064649346707 1.567456131348307 0.943415368672559 148.776703907873298 116.390914122816810 8.212544613522892 0.002179500000000 0.015874000000000
0.306883789191764 1.567332183067589 0.942846553114526 146.911070884946184 113.995506928110387 8.141667580749470 0.002216600000000 0.016078000000000
0.309729066733141 1.567046999903323 0.942220344520903 145.116986169460688 111.400606014033130 8.060729639407453 0.002255200000000 0.016323000000000
0.312600724306870 1.567078786456626 0.941689349633866 143.268155422852260 109.336270786494950 8.001358719477997 0.002291800000000 0.016497000000000
0.315499006495809 1.566714407265396 0.941040789670584 141.558252417955401 106.796639183090790 7.919198056582897 0.002331500000000 0.016757000000000
0.318424160150465 1.566866611880283 0.940539769864887 139.733418002476441 104.993321581384606 7.868939940275577 0.002368100000000 0.016906000000000
0.321376434410028 1.566633755351441 0.939897183859328 138.033582841514800 102.637161291946782 7.792817891449340 0.002408200000000 0.017159000000000
0.324356080723581 1.566564193573629 0.939341216823757 136.331083363620763 100.708216011035532 7.733646916628883 0.002446900000000 0.017347000000000
0.327363352871525 1.566497225032363 0.938790853934416 134.656576716316522 98.855479771650252 7.676590217965338 0.002486000000000 0.017531000000000
0.330398506987186 1.566324982981205 0.938190820411878 133.031690403942463 96.863398909665847 7.612082277606754 0.002526600000000 0.017750000000000
0.333461801578636 1.566120534718417 0.937581812684830 131.442285326912440 94.896998963857996 7.547256602679752 0.002569700000000 0.017974000000000
0.336553497550709 1.565851099640704 0.936939397054244 129.892423522792512 92.869837882135272 7.478282144063503 0.002620000000000 0.018223000000000
0.339673858227221 1.565850556201467 0.936380242382147 128.292275606903814 91.206070922652628 7.425952273166676 0.002668000000000 0.018407000000000
0.342823149373397 1.565642980367885 0.935749135726263 126.772208884290720 89.337428513077839 7.362162009285863 0.002718100000000 0.018644000000000
0.346001639218511 1.565384630042171 0.935113511784531 125.293664822675694 87.508430635270940 7.298479667418291 0.002768500000000 0.018885000000000
0.349209598478727 1.565132808713950 0.934492929682503 123.840018224293956 85.782473146510242 7.238233954104161 0.002818600000000 0.019113000000000
0.352447300380159 1.564942873633617 0.933880267596565 122.387948111102347 84.135354401023235 7.181121537396958 0.002868500000000 0.019334000000000
0.355715020682139 1.564740265753570 0.933213251499012 120.948315752739518 82.376123710292532 7.118173732729374 0.002919700000000 0.019593000000000
0.359013037700707 1.564376515249174 0.932592912508550 119.600966166210256 80.795423617308671 7.060265856041488 0.002970500000000 0.019819000000000
0.362341632332315 1.564086754489719 0.931893663684285 118.227998713301048 79.046711083035262 6.994894277408741 0.003022900000000 0.020102000000000
0.365701088077749 1.563943704181132 0.931278747840540 116.842356948618971 77.588218993470420 6.943074587892634 0.003073300000000 0.020318000000000
0.369091691066278 1.563783770372167 0.930656720842161 115.480665299901688 76.151318307835723 6.891280327237575 0.003124200000000 0.020539000000000
0.372513730080021 1.563433698229082 0.929956262538457 114.189320307517605 74.546023635219385 6.828916356016280 0.003177500000000 0.020820000000000
0.375967496578547 1.563111314497251 0.929273251142005 112.910687500179307 73.035820002466167 6.770285248729689 0.003230600000000 0.021086000000000
0.379453284723694 1.562852036744087 0.928640459936020 111.637731206818003 71.695208352465755 6.719400254377683 0.003282900000000 0.021312000000000
0.382971391404628 1.562471077312760 0.927934564130350 110.411105480476692 70.216047258331741 6.659861107457928 0.003337400000000 0.021594000000000
0.386522116263126 1.562252037799422 0.927307182924355 109.158902553752682 68.968221840154115 6.612292294781353 0.003390200000000 0.021812000000000
0.390105761719099 1.561762351256685 0.926564727739992 107.997753419143791 67.488717078761113 6.549799274744495 0.003446700000000 0.022121000000000
0.393722632996348 1.561590235055109 0.925959169094541 106.764693068788631 66.363874847076147 6.507267243168776 0.003500000000000 0.022318000000000
0.397373038148561 1.561222475252368 0.925262571615686 105.600071740848989 65.069585119002795 6.453562236701234 0.003556300000000 0.022587000000000
0.401057288085550 1.560840506274743 0.924560855243869 104.454614646684703 63.802935188808206 6.400280583609430 0.003613400000000 0.022859000000000
0.404775696599732 1.560245210147592 0.923802189582667 103.389261925429949 62.453416421605077 6.339607442836936 0.003673000000000 0.023176000000000
0.408528580392856 1.560102701979216 0.923181507709052 102.201095090445961 61.429115389886547 6.299783215358227 0.003729500000000 0.023378000000000
0.412316259102975 1.559570396331438 0.922425351483654 101.142020312318465 60.162999708499761 6.242478302774061 0.003801900000000 0.023689000000000
0.416139055331671 1.559225631001412 0.921718907811723 100.038311006452361 59.033703273492740 6.193600858845103 0.003872500000000 0.023957000000000
0.419997294671531 1.558785113550114 0.920988579159025 98.977108254751073 57.891772482289291 6.142251307310252 0.003944100000000 0.024244000000000
0.423891305733878 1.558220801804676 0.920232583717637 97.967419423768433 56.735858535102395 6.087987630816999 0.004016900000000 0.024551000000000
0.427821420176762 1.557842999123562 0.919520886921915 96.911001837102930 55.695637835446270 6.041321326774640 0.004087900000000 0.024818000000000
0.431787972733202 1.557382543334183 0.918844932251932 95.897497221025162 54.741802640181113 5.997772849131578 0.004158600000000 0.025055000000000
0.435791301239703 1.556907516295430 0.918045633887664 94.887133294658483 53.616250416758980 5.943955233890856 0.004232400000000 0.025390000000000
0.439831746665023 1.556448911015405 0.917344733109476 93.891384033414880 52.679852655335615 5.900104482804911 0.004304000000000 0.025643000000000
0.443909653139217 1.555890962435289 0.916548750020431 92.930402157474589 51.622862492918159 5.847677516922830 0.004378400000000 0.025973000000000
0.448025367982949 1.555331343871481 0.915764992990398 91.980995322741094 50.616894182103465 5.797376133775096 0.004452900000000 0.026291000000000
0.452179241737070 1.554839080574065 0.915048225058937 91.023637159036213 49.739510567078206 5.754567917851051 0.004525700000000 0.026550000000000
0.456371628192476 1.554179205231350 0.914205981999204 90.121694704356912 48.707415392705371 5.700176476261817 0.004602600000000 0.026913000000000
0.460602884420240 1.553663793802146 0.913465969999091 89.187505432901958 47.850735043268074 5.657040868533124 0.004676900000000 0.027188000000000
0.464873370802026 1.553082549412952 0.912694541832805 88.281082424647124 46.975512737260409 5.611435667198311 0.004752600000000 0.027486000000000
0.469183451060780 1.552523852638301 0.911953043302784 87.376556046715763 46.165384692717460 5.569391968785756 0.004828000000000 0.027757000000000
0.473533492291712 1.551813608500446 0.911090826427902 86.522795417054951 45.223096109378019 5.516935416801161 0.004907500000000 0.028128000000000
0.477923864993560 1.551276260153267 0.910362921260996 85.626000738502285 44.479116885226922 5.477992929246949 0.004983800000000 0.028381000000000
0.482354943100147 1.550506643318435 0.909546798343941 84.807941747277965 43.645993801538594 5.430226951285551 0.005063900000000 0.028708000000000
0.486827104012228 1.549522947278332 0.908790165703012 84.068946783321309 42.904584984706752 5.385001318123922 0.005144600000000 0.028984000000000
0.491340728629636 1.549202072234246 0.907882584624367 83.112352978222020 42.022379883813471 5.338258556800129 0.005226300000000 0.029380000000000
0.495896201383721 1.548240487119363 0.907145460534943 82.377624392268373 41.348826801690791 5.296444259892811 0.005308300000000 0.029632000000000
0.500493910270095 1.547649903369123 0.906304091018262 81.523270015696980 40.586039538214635 5.252856191614671 0.005391900000000 0.029967000000000
0.505134246881676 1.547127086302952 0.905430810176720 80.651535313699767 39.813605660325010 5.208871436900271 0.005486500000000 0.030326000000000
0.509817606442042 1.546357332574607 0.904606645534596 79.866284688324939 39.112879556758983 5.165984815175857 0.005588800000000 0.030642000000000
0.514544387839093 1.545628193322144 0.903840863835673 79.073077372244171 38.492377602595646 5.128390301097470 0.005689400000000 0.030902000000000
0.519314993659021 1.544907546712278 0.903044151119666 78.280417400863328 37.859093950926159 5.089581566092212 0.005790900000000 0.031185000000000
0.524129830220606 1.544024298491857 0.902179697553140 77.543269448859590 37.177474058760566 5.044985962922306 0.005895400000000 0.031526000000000
0.528989307609815 1.543294392153417 0.901369142605127 76.760564087546072 36.568841746048896 5.006735832029120 0.005997500000000 0.031813000000000
0.533893839714735 1.542408132120279 0.900542261918596 76.031205847882561 35.961739636479763 4.966152342123617 0.006101300000000 0.032112000000000
0.538843844260822 1.541571377466517 0.899669426591373 75.288865889231687 35.331879388328673 4.924115104012796 0.006206300000000 0.032447000000000
0.543839742846480 1.540791799184562 0.898824484928517 74.530944196301121 34.746172129811278 4.885384027374532 0.006310300000000 0.032752000000000
0.548881960978967 1.539967765811238 0.897953796159972 73.789985807385307 34.155651646993242 4.845272946397018 0.006415700000000 0.033077000000000
0.553970928110640 1.538938056955842 0.897110990210959 73.116620202557584 33.605305829003605 4.804896209554128 0.006522300000000 0.033372000000000
0.559107077675529 1.537996402405618 0.896213248500202 72.417829903790604 33.027069788801739 4.763173861153507 0.006630200000000 0.033712000000000
0.564290847126254 1.537126343455694 0.895361467694306 71.697376108135089 32.503849215104374 4.725880212810194 0.006736700000000 0.034004000000000
0.569522677971283 1.536169693276651 0.894507290243361 71.005982570490673 31.994113758809203 4.688006895919335 0.006844700000000 0.034294000000000
0.574803015812535 1.535234816863593 0.893630041984127 70.309509357731514 31.482160692256016 4.649822587246139 0.006953800000000 0.034600000000000
0.580132310383338 1.534267921878514 0.892738362874159 69.624763283256442 30.974942256435465 4.611126757558086 0.007064400000000 0.034913000000000
0.585511015586724 1.533370707394416 0.891832720582436 68.919557534758511 30.473281770319183 4.573336060112622 0.007175600000000 0.035233000000000
0.590939589534097 1.532317868729008 0.890951174139066 68.263578652655895 30.004145102043999 4.535480300983677 0.007288500000000 0.035525000000000
0.596418494584246 1.531321235304963 0.890045136401116 67.591407222785975 29.532325281496394 4.497758711694030 0.007402700000000 0.035834000000000
0.601948197382727 1.530384580844399 0.889089088708580 66.902980546554687 29.040878040377589 4.458929085503382 0.007518900000000 0.036184000000000
0.607529168901607 1.529177459751857 0.888181424435263 66.297953876805849 28.597485163908487 4.419666404763103 0.007637600000000 0.036481000000000
0.613161884479578 1.528282996344823 0.887301693335236 65.594309368126417 28.186350941195119 4.386799268129201 0.007754200000000 0.036746000000000
0.618846823862439 1.527245385656768 0.886384045224400 64.937190313553771 27.763408353947057 4.350671649590864 0.007874700000000 0.037040000000000
0.624584471243962 1.526144483970865 0.885432752262861 64.301433287666441 27.332553237242845 4.312646315215716 0.008016300000000 0.037358000000000
0.630375315307128 1.525219757779563 0.884530239790817 63.608917367192817 26.945374265287253 4.280166668960534 0.008160500000000 0.037624000000000
0.636219849265749 1.524251332978880 0.883579822330004 62.932493514476974 26.541194742568102 4.245376928792014 0.008306800000000 0.037927000000000
0.642118570906476 1.522938830142279 0.882685307977924 62.358940037766857 26.184068827513730 4.209076319123632 0.008455800000000 0.038169000000000
0.648071982631197 1.521842441173177 0.881730902674916 61.721816126326971 25.802717693997316 4.173552450292648 0.008604200000000 0.038460000000000
0.654080591499826 1.520733757173097 0.880783061958637 61.087953886750789 25.437456637684647 4.138791129474796 0.008752800000000 0.038737000000000
0.660144909273489 1.519624673735773 0.879847976108893 60.453260977960468 25.091165998091807 4.105219586190374 0.008901200000000 0.038994000000000
0.666265452458115 1.518490181464025 0.878857327898304 59.829403421632669 24.725463852646762 4.069336097707452 0.009052200000000 0.039295000000000
0.672442742348425 1.517317585782624 0.877810819011912 59.220473282793677 24.341755394858499 4.031027297453612 0.009206100000000 0.039642000000000
0.678677305072330 1.516211977561953 0.876923478184700 58.581060530141094 24.055037215731041 4.001403072936295 0.009354100000000 0.039827000000000
0.684969671635745 1.515063778344869 0.875960903115321 57.959045380043641 23.738610236144392 3.968356184759771 0.009506000000000 0.040075000000000
0.691320377967813 1.514084760956338 0.874941480563742 57.289967399635188 23.402509818610245 3.935920104014739 0.009657900000000 0.040371000000000
0.697729964966554 1.512710564748023 0.873966111338746 56.736244301522461 23.102150226286987 3.900089462401303 0.009815200000000 0.040611000000000
0.704198978544929 1.511573869722610 0.873001682162424 56.110541312777002 22.815960219756569 3.868782652669741 0.009969400000000 0.040832000000000
0.710727969677342 1.510359070759000 0.872000010081651 55.510676911789204 22.521813117399642 3.835261041235773 0.010127000000000 0.041080000000000
0.717317494446562 1.509183328239939 0.871025198165573 54.897336185738993 22.250332271741009 3.803960085432371 0.010285000000000 0.041291000000000
0.723968114091088 1.508003589173590 0.870046606066974 54.285580887862032 21.986455284105467 3.772935266814571 0.010444000000000 0.041496000000000
0.730680395052950 1.506816547494050 0.869037081878556 53.678502389219389 21.717433045423757 3.741039255572997 0.010606000000000 0.041721000000000
0.737454909025955 1.505613838211265 0.868047708806176 53.074880772006388 21.467155125643725 3.710187955077896 0.010769000000000 0.041915000000000
0.744292233004376 1.504390417118572 0.866973365184233 52.484202761640390 21.187663495506744 3.676147731029875 0.010937000000000 0.042182000000000
0.751192949332097 1.503184912258157 0.865984970325015 51.882391644841867 20.955949543399402 3.646222392640638 0.011104000000000 0.042354000000000
0.758157645752211 1.501976894519722 0.864986338059653 51.282828726441764 20.728219551717121 3.616291177729776 0.011274000000000 0.042524000000000
0.765186915457083 1.500747680934767 0.863955464611830 50.692773782762991 20.495154454014372 3.585217946712650 0.011447000000000 0.042714000000000
0.772281357138865 1.499545421509385 0.862918991851314 50.096508340731368 20.268023395108308 3.554804287542780 0.011643000000000 0.042899000000000
0.779441575040495 1.498340305432098 0.861925634621695 49.498935887963306 20.067407091412161 3.526351484753133 0.011849000000000 0.043028000000000
0.786668179007158 1.497099700049055 0.860878559527095 48.917142592489590 19.852667757670076 3.495713922950522 0.012059000000000 0.043199000000000
0.793961784538228 1.495864370196466 0.859827946367193 48.335741397901650 19.644606636830957 3.465421431671068 0.012270000000000 0.043361000000000
0.801323012839689 1.494646901850422 0.858803595432283 47.749022714564575 19.454962570357008 3.436739791480349 0.012479000000000 0.043485000000000
0.808752490877045 1.493410678378359 0.857723464115060 47.174104590683648 19.250898448198534 3.406105513641934 0.012691000000000 0.043652000000000
0.816250851428723 1.492192496786278 0.856672492637928 46.594056520435252 19.066061654682134 3.377157384434968 0.012903000000000 0.043778000000000
0.823818733139961 1.490975599537001 0.855643663345414 46.014369365703310 18.897322384545365 3.349312345599451 0.013114000000000 0.043868000000000
0.831456780577206 1.489771977994300 0.854609155500150 45.434236803713397 18.733420359925155 3.321797509012188 0.013326000000000 0.043952000000000
0.839165644283016 1.488537601074720 0.853508942253747 44.870886944504335 18.551986413361956 3.291775818180831 0.013542000000000 0.044088000000000
0.846945980831459 1.487323311878428 0.852477827547435 44.299657087777547 18.403789426669245 3.264713143906240 0.013756000000000 0.044141000000000
0.854798452884041 1.486140210768497 0.851322099533902 43.733527404467708 18.215668281077754 3.234352760553015 0.013976000000000 0.044307000000000
0.862723729246145 1.484916604016824 0.850326047173965 43.169295450435037 18.094427710282325 3.208720400878067 0.014192000000000 0.044298000000000
0.870722484923992 1.483699795681116 0.849221836661520 42.615961666527788 17.940000253257793 3.179868941418245 0.014414000000000 0.044384000000000
0.878795401182132 1.482538055493595 0.848186596458758 42.046616181388522 17.816771204816959 3.154506963689717 0.014633000000000 0.044388000000000
0.886943165601471 1.481311884845221 0.847076421146354 41.505173129848977 17.673936601268270 3.125621272615072 0.014860000000000 0.044452000000000
0.895166472137830 1.480122654384531 0.845967685489634 40.958599040122017 17.537924433599276 3.097666311875376 0.015088000000000 0.044502000000000
0.903466021181053 1.478956721983745 0.844921150344171 40.406131422406567 17.430182475010401 3.072247426184523 0.015314000000000 0.044476000000000
0.911842519614657 1.477791920252944 0.843834966423526 39.862044289841954 17.314785470278320 3.045696618753201 0.015546000000000 0.044475000000000
0.920296680876041 1.476636411299586 0.842749515348743 39.321296520025733 17.205879801572795 3.019422229444596 0.015780000000000 0.044460000000000
0.928829225017250 1.475494065422945 0.841649413813815 38.784379229450074 17.098013431784874 2.993018654490585 0.016017000000000 0.044445000000000
0.937440878766300 1.474361124120691 0.840532772754593 38.252732777292429 16.990617706248052 2.966332922144543 0.016259000000000 0.044433000000000
0.946132375589077 1.473239710307143 0.839466963281395 37.721039914820558 16.906674992363040 2.941394689507074 0.016502000000000 0.044356000000000
0.954904455751808 1.472124530968465 0.838324335719400 37.200632203424249 16.802594001087360 2.914255940671793 0.016752000000000 0.044341000000000
0.963757866384109 1.471035836867989 0.837248323784160 36.675839819109392 16.726852506553861 2.889607744784930 0.017037000000000 0.044247000000000
0.972693361542617 1.469965168356136 0.836177638453623 36.153862464608849 16.658614439078846 2.865409803118688 0.017323000000000 0.044132000000000
0.981711702275219 1.468890346717881 0.835008862563018 35.648248847337385 16.563499003336926 2.838099655432233 0.017618000000000 0.044101000000000
0.990813656685867 1.467842067458126 0.833962904940491 35.135488045743976 16.515124543317455 2.814763143718929 0.017904000000000 0.043934000000000
1.000000000000000 1.466820784229015 0.832859827470538 34.628709259001560 16.453151944585297 2.790238556000355 0.018194000000000 0.043810000000000
