   108.94076101046234        50.170136519739273        103.54418124608232        7.5397840715376516E-002
   104.39696548492410        56.916838213720943        79.804544312530879       0.26762029153152217     
   107.99335932557325        53.917555912652126        94.779612573852731       0.84188137348953151     
   127.72969505795017        39.071581432763445        104.34511079619321       0.16309546320559290     
   110.37721378266363        51.660885405060576        78.848080060250993       0.36664748201626840     
   88.874242484912997        50.025829378722747        81.638444065003895        1.5254375420710911E-002
   96.994542162690649        43.007161477275126        101.54230391798171        6.9938113014507653E-003
   99.161321321781401        44.942606485292067        79.525146698344486       0.44579821343169568     
   120.33526429586981        45.721261987057488        81.074836759406367        4.7584137764622918     
   126.93618229471120        54.676314531841562        70.325992524504983       0.34118803605934550     
   116.30579187318301        42.850778755103406        82.334520815979232       0.27051202213331255     
   98.480874686859678        42.690627660450176        94.785469983536117       0.29782126389505192     
   102.91035520801776        56.155111582403642        79.910156190450266        5.2205857255114327E-002
   85.276580238946053        47.063683655091161        88.939659603437605        9.1046277468659231E-002
   99.177829924091569        50.832734128618803        73.871535979636505        6.8771174653117384E-002
   106.88970693264662        48.181548481201524        83.692840030585970       0.56901002392934330     
   107.27783851692169        54.905083464275641        89.779242784714612        6.0721203196306549E-002
   120.89126006241644        46.967331912183177        96.763880725327866        1.6780207919709342E-002
   112.59013337459803        56.878787570039073        97.220223930607162       0.12194628630190482     
   97.883971962652396        58.181157031794719        85.923349243624443       0.12870559811874616     
