   128.70990299334693        92.834475727787407        76.998231060792335     
   126.18577771082826        100.47452644918953        73.150404470303926     
   118.96922107251690        105.39917891213062        69.704954292918700     
   113.02282778346576        108.44361429051742        65.730277451199797     
   110.10770873935763        111.98845834816875        57.201187023525435     
   105.37510642741383        121.41991012727759        52.631659245228704     
   102.80145510709076        125.04419028796998        45.962358733467141     
   97.493144970686117        125.54206103420856        38.323966513472598     
   93.423750591476221        131.96645349134414        33.738262377281870     
   88.854628628039535        136.85922361763397        29.263713856571087     
   86.296252998055095        131.05800937305142        21.022605124853033     
   85.308074512796594        125.93977854495078        14.937902111617934     
   88.283908829929317        119.43692026534603        12.408517324531235     
   91.810041737991995        112.91647667441104        10.321002922389759     
   92.057152075884900        102.15146796214952        13.705304439894514     
   93.881668366765012        92.051460405139636        13.089929564987674     
   93.480186985038216        83.608490129784940        10.953642575171621     
   95.941709051553730        75.036782326494304        6.8326272665073668     
   102.41098009105471        66.995055855481567        5.9951157888594064     
   108.97265730739456        64.114086681035388        9.0832035236763389     
   117.91095946994702        56.791977160877096        15.143762448040784     
   121.93952760924319        50.218972778591116        25.112624143256454     
   120.05847709051281        47.364153857721995        32.967343918120207     
   119.88357487291708        50.790986119254612        40.183110506396730     
   118.24854670495881        57.161065771241034        48.965260734013626     
   121.99522392287216        66.545985951440528        50.589245709460556     
   123.43037539914458        75.752791398543039        54.513273614452771     
   124.87198758263000        81.962332667765196        61.454481536976488     
   122.05903551883554        89.742302659604064        68.178789395471071     
   119.46672372951009        99.262172319288155        73.547376472356390     
   116.96623965150734        104.06920944158774        78.387751778211680     
   115.84345282110661        110.86612652035038        81.813955635741408     
   111.06051642799935        119.14628276394997        87.332524001155917     
   105.05142423969811        122.39724558419660        92.728906566766995     
   95.842880506593573        126.07939867877987        96.384949112725593     
   88.932151357999260        126.47368580628047        97.296958955563483     
   82.027827401209123        120.54322149276160        100.42346686466000     
   73.320955463918139        116.05757043492325        104.51005987449555     
   66.702090527836674        110.70038611620571        108.90920709212993     
   56.170678922542976        105.61773697375118        114.49907381651380     
   46.173771846124275        104.68691654707490        118.92231374423937     
   36.229293788585515        102.93826334192852        115.72675392766666     
   29.367290346828632        100.62004150398147        116.65129607996674     
   20.877087753471809        94.081531565152559        119.21529318567531     
   18.670480851249422        86.422333470113102        118.71795998854078     
   18.556326958925052        77.704518616876769        119.92633791012631     
   16.967292191489708        69.928067279350302        122.91026491940157     
   17.071060520220140        60.347351859151274        124.33621639418743     
   21.372843611748578        53.160261174401569        125.44792382717783     
   28.436150950828697        47.761517965355701        131.44228669164653     
   38.407840211489550        46.596230911781383        134.11211790143983     
   46.440677155292761        48.858698183284730        139.79639439253907     
   53.775840986650934        51.453960710698802        145.16329120834808     
   58.244419177737498        57.958566989945396        152.60175944980494     
   61.478564252309965        64.425923705281278        159.03468712776012     
   61.388901268196442        70.240341227236641        165.48274616837008     
   55.844625892441783        74.444548452234713        172.37032522490517     
   54.905674757601432        80.700949157961503        176.15648154656859     
   54.594370991602119        84.235061567101980        182.91598796181708     
   58.871784132062629        89.898033151568654        189.47235344189241     
   61.900841837186633        90.497093274057576        198.24640593872994     
   61.913784150599511        91.233263972918721        209.04963986653502     
   59.618560183250978        91.097274674262792        218.63786947492557     
   62.522444173382979        94.866675257420795        229.31222961187504     
   72.904612726149622        95.871445509022678        231.27883383181526     
   82.956268415561510        97.598019488944900        226.54625054123167     
   91.418170816918561        101.13416372619835        228.97006935321156     
   98.753624215540015        99.283896909576569        228.60388257123145     
   104.77246413496962        98.600626338121629        223.43911872384885     
   111.27868971590057        98.999309757875352        221.25656245753811     
   119.68833005954278        101.66621600137344        229.18467472727832     
   127.46019014332751        103.23923078618471        229.33961675335681     
   138.81090725346402        106.17742271248459        229.72183567327011     
   148.07067924693058        105.49156538148002        232.60836360163231     
   149.98717613544562        95.215662914528011        229.39235081159782     
   149.96018369699459        86.449577032281368        232.28339523380217     
   153.31301555322028        76.021233202878889        234.35845314191064     
   147.52342429938699        67.955848948202288        234.32232373425219     
   146.51857546369047        58.028739124843668        234.54714316410750     
   140.82938957138811        52.614865941140486        230.12520172729745     
   136.75566736960130        51.223340560027701        221.79287053084218     
   134.61701182012246        48.785520075994754        212.32542677021692     
   133.47714166794901        45.590379732868143        202.93212824319846     
   135.26483295819921        46.264367681296164        195.82504751753601     
   138.32479034710559        49.884751608159505        188.70993771331717     
   139.32004475280647        52.854396573222978        178.34902590216817     
   132.81640949997202        58.902614080709043        172.27960004083428     
   127.69285308461238        65.686556441081336        167.61278609572236     
   122.29350925305157        71.686316639633048        162.93101665458647     
   115.76848422891072        80.132874213105367        163.47189042840134     
   111.75219148142514        88.645594433225881        158.98560636101629     
   107.97674340687664        90.951821064700979        150.85546212492150     
   107.23091462909306        91.160678962703656        142.41255572167935     
   109.25143735990952        87.098372309748669        131.06513580518725     
   110.37875609933938        80.669465420303737        125.65934219152844     
   112.80073663808184        76.638388730626644        116.65769536384609     
   113.70588819657831        75.609789757905631        109.07046764583204     
   118.60289223286344        78.513448963783645        99.749501672848780     
   121.06288095402316        81.137735130049819        91.645914451079761     
   127.13283661783419        86.718874218429335        83.690897968668878     
