   22.670626768784071        66.732289556997770        56.660651714972005     
   18.666771857273229        67.744705322296085        47.281793805217141     
   16.109100161185840        69.280553164475364        35.075182329867609     
   23.794287076132701        72.216336396550972        22.334741798625178     
   36.600719954119803        69.466369073602593        14.877196849871625     
   48.864281335839223        72.853411582399261        11.148632976903253     
   61.698932651709853        78.129265276565320        12.981191338368543     
   67.503245414223130        84.219564899404688       -1.0999913048507843     
   68.405591039203003        80.927964110791351       -11.399537681889308     
   61.865491816342313        71.403406931644000       -22.113432749424586     
   55.613166818246306        66.635596694662311       -15.078212011692163     
   53.650305113074488        67.328581071708427       -3.0282574087128178     
   46.018704066033784        73.534774628629677        5.7153249431268751     
   36.588643055435774        72.526569559581759        19.515921881280740     
   30.256840200677214        64.836592420562013        31.127741709893129     
   27.519663746867504        53.686073671995835        33.152660996214387     
   21.709124521089443        41.270252813554322        39.149878291123507     
   15.998594879906451        32.896248453095509        45.856256308348073     
   9.8514514000613609        26.732783980052851        55.109278449170489     
   11.061526485795978        26.078372897210205        65.787868153112854     
   17.125240701573315        30.384670368989738        75.248992478906857     
   21.344065248257536        35.511735247854844        81.172092299408277     
   23.603013368314439        52.291209424859154        79.920425640646727     
   20.620188015013419        62.670079490618349        77.989916376060492     
   22.153994220995791        66.501643987772468        69.751282264769188     
