   61.680744352643771       -32.081539154193436        102.09615688899387     
   56.235275245571316       -40.220135797888027        104.85007118442883     
   45.810832400967342       -49.727545833137775        97.564589598438474     
   43.911602728678659       -53.108689421604730        84.317752396564231     
   52.482104468888316       -58.598825893375903        74.832261682171250     
   58.583224474895466       -57.756066216413835        63.927277567686630     
   60.670146165157497       -67.451522514219064        56.788357804786607     
   59.471978989885436       -73.647273838269257        47.720642412110877     
   57.398086388114415       -82.679668272941285        36.463238652567540     
   55.395185896650339       -91.280483694073126        28.264587819148346     
   62.046528648609183       -99.575417490955473        25.528536669651132     
   76.140271496221459       -101.75463446483690        27.784982413902007     
   84.129128255426636       -94.205362493987167        36.512726474526147     
   80.659573300840364       -85.834188143042695        50.001481476391334     
   72.700636569962114       -82.731108291534284        48.354072063285692     
   64.177767166400557       -82.999926590806922        48.501317029262665     
   52.712575335386887       -85.486720865453051        50.363969484652543     
   40.476653465894472       -85.828079632031674        60.279024368118741     
   33.895898075188690       -80.261862484424640        69.897702582142657     
   33.766516512232599       -65.695597004373269        72.036969644099202     
   45.243598654106037       -62.599726378061256        62.621405342822968     
   55.587231511604912       -53.535002575447756        61.664974561381641     
   64.885424931546638       -43.920239555062516        59.986810262802813     
   67.420482506811922       -37.502697447062943        75.162880500210960     
   66.077745555616346       -32.181227276658888        90.647080563315257     
