   127.63222354415115        170.03931066198555       -248.56103391774292     
   126.41948618476464        179.29416616400985       -249.19938817649606     
   118.51990271015983        188.15215216740876       -245.63760772200416     
   112.46891243603893        195.52063943336867       -244.85030977804283     
   105.30949287067884        199.30549482663946       -243.75070847359103     
   98.421484045838426        198.13365451354053       -241.45693015972168     
   91.858262249600401        197.92704281926999       -235.52949542350080     
   89.411205041637942        202.63775999595387       -227.22375400333502     
   93.391301681892458        207.47514448904698       -219.74911882801104     
   100.18711097124108        210.26056460563183       -212.07190271307445     
   106.01231430032273        206.83410168406110       -205.12538861066776     
   107.51994501901606        204.27924104818950       -194.52420382612925     
   105.39399380735732        202.54543212847975       -186.56438107767923     
   99.887633326565094        201.72990612478486       -177.93069038159257     
   95.572308840279646        201.78649678497845       -170.06619908040892     
   90.236467261199650        201.73243129535280       -157.94241578215343     
   85.542418053316666        199.19259769769693       -149.21739384394414     
   76.631005869993373        199.83806703101192       -147.54867586488788     
   68.913441783010470        197.63777125932899       -152.23901307084995     
   68.232146131090786        199.72962845619296       -162.10411153056509     
   68.966104268072513        195.64488021054237       -170.97222926135333     
   69.404359994243649        192.66971936712144       -180.23274960069406     
   63.244674308077443        183.08474687337807       -184.73089689232972     
   67.199911965053076        174.90966524720886       -193.40126848006292     
   73.827209351235169        164.76820385501577       -197.68408894957460     
   76.304208927992960        155.50494034481068       -200.33179134257873     
   85.996764604509522        151.40744215631941       -200.40132468253580     
   94.746738610707936        146.17488158813683       -197.00390948895375     
   98.450192176356182        138.95282761545789       -195.33842385879700     
   99.617888459192002        129.04150010724598       -195.35007297522279     
   97.297287709262434        121.35430164655916       -195.41751665224479     
   94.283552487658994        112.69525259674721       -193.23954253456927     
   91.577608646907365        104.35672908447870       -190.26237115797417     
   88.689146676233193        98.978074777750948       -181.40334197226716     
   82.125768086200964        93.216375808493098       -176.23769945211944     
   72.917142996433981        92.982543375019674       -171.26675116617136     
   64.161123076553793        92.469991915046066       -170.09187634220450     
   55.852912102316282        94.277318321613407       -173.95069498625031     
   49.031263009158224        96.894626287126286       -177.50271329476624     
   42.718146796463095        96.443584151680227       -186.84981725571271     
   39.606638053142177        97.025790568287420       -196.41180540157220     
   40.407152961146039        92.262094001347918       -203.96435526852554     
   43.014752851650350        92.863853091339067       -213.31771022463349     
   48.636899745593546        96.265682436810494       -219.31089564027513     
   55.483029289862735        99.924973146613041       -220.71235555201375     
   63.704752353224727        102.25281007181229       -218.05890240020312     
   71.982965385366157        99.741013149894570       -219.58520130233609     
   79.720075566626107        103.16598086741429       -221.06424158018828     
   85.616473803449622        104.43517190323226       -230.33948788908700     
   95.576127951736254        105.15008606407311       -232.09822416888048     
   100.75429775365444        104.81034809078970       -238.50321664103066     
   102.26882950465054        96.152282853139155       -247.07064999148125     
   98.302040653115910        91.069313110828062       -249.99306345855891     
   95.800496519033914        82.806558520424716       -253.52780851693660     
   87.234257061735150        78.567413495335146       -254.76201381218607     
   77.188779726479723        75.078211636228048       -254.96341006348115     
   65.997302829344534        73.211656134088514       -253.75783283085690     
   59.335828208280205        67.037142352269598       -254.63219478673929     
   53.678526366840885        63.832038478856248       -262.76879377145082     
   46.910197965670989        58.173275140873969       -269.75641093165154     
   45.839594255477621        50.988683016934289       -275.13907693619984     
   42.011023918198063        45.298290031404896       -284.36655835071008     
   34.421664304479172        42.309864892681261       -291.28447887424096     
   28.789227451082539        41.216232902003171       -296.53334936073708     
   25.795923761900660        43.041274465446556       -306.16461570311850     
   22.601026554902383        41.235744090030074       -315.10117287661382     
   20.684080133589681        36.297495279913107       -320.36994838721233     
   19.688029286188542        31.796223422948678       -329.89851828562348     
   17.460414321389834        31.947701239868071       -336.28530395923985     
   13.052391365267743        33.918909768937603       -343.11007297801524     
   13.434610392667601        36.353519047061020       -350.25299488835282     
   15.525935232572499        39.360990380482463       -357.53509748945510     
   22.390610955274795        42.882411160891721       -364.85944033325563     
   23.783750687897612        49.500043568560827       -368.46105610373206     
   25.707582952695098        55.998342375164796       -371.53298503746345     
   25.489384907945016        67.521197071006924       -371.18656738011879     
   29.020737940715271        73.325516248700396       -370.04260758168726     
   37.323689087044151        76.411346719780255       -365.85032425414710     
   47.237905252382475        77.729210780978150       -361.72307209904943     
   55.083375403323842        76.326268008774690       -357.95940473045368     
   64.316911323562337        75.626798039352863       -352.89980590086873     
   75.956403521995682        75.845008200230154       -349.24986706669182     
   82.533811433923475        82.921893281748254       -348.23944648605544     
   86.675628846932540        92.744457530216224       -352.25246836860367     
   90.760182431104681        103.81414404436767       -356.64911509066047     
   94.252753896344686        111.28351747047846       -352.53148104797060     
   98.700593376450456        115.16004107618399       -345.09119933260536     
   101.19883999286927        116.34704072604895       -335.58150141401222     
   102.46907739023501        119.93084964218465       -328.16212106439224     
   103.42253461846354        122.07578532830675       -319.47109570253184     
   104.05283123655305        121.64050270222391       -310.77979666269556     
   108.95488783308997        123.49851302199917       -304.18233548499296     
   114.09726628254134        127.33494714026568       -297.85607887447384     
   119.15855677229005        129.76159120141583       -292.08376133797196     
   124.80794341944326        138.11100231645869       -285.76127941813905     
   125.86322004731329        146.02013593438747       -280.04048072310184     
   122.20787019538896        149.49079266506271       -270.74906263170453     
   117.97468342168180        153.33383327276630       -264.16808854068671     
   119.39360268054895        158.94397499483978       -258.05716652724527     
   125.50108137413415        163.72598600356159       -252.93768462659631     
