  -2.6018704139095661        51.459829780383984       -43.493976672245850     
  -4.4217565578465496        48.288213308555122       -55.638358281306047     
 -0.85818792787261100        40.257024486740349       -66.647147985600171     
   6.4980653483887902        33.725439897744209       -70.114263357564766     
   7.0230481997963476        20.401438435163740       -68.895526115453919     
  0.64737544034422001        10.757943814053338       -66.606459418878813     
   7.6327703137155520       -1.3937581660250693       -59.581942927291479     
   14.591457911600191       -10.255019783762465       -54.304829075742809     
   27.533356005605157       -15.913576061427969       -51.623577981739395     
   42.616004062466061       -8.9613885069331261       -57.749621176922226     
   39.482681600477513       -4.1207314491930340       -69.151596629854737     
   33.428912510387384        2.7791386226638544       -71.800867798273117     
   22.293311278120751        8.1417529347053925       -68.102888524373384     
   14.019701898068346        14.520495799096343       -67.358440576120969     
   11.028534689800422        27.194444406475910       -63.461455274821489     
   2.6161473851538553        35.751532638166282       -61.313971416028188     
  -13.162343019913791        43.004966120408604       -57.394123231180849     
  -23.396629860271617        49.253284631779742       -47.065093901563962     
  -30.280358794457886        57.665507237026453       -37.964326330858086     
  -38.290556865757246        59.825961545390555       -29.701397857600149     
  -43.968487052161748        61.554389790623269       -16.996838399173637     
  -37.425119050804867        55.099634373552050       -10.290196842992676     
  -23.268854214348661        55.694443629069490       -15.492221344533425     
  -15.756002614074834        53.176419600449066       -22.641098538204009     
  -9.3510773873404922        52.561167495858108       -31.716273085698294     
