  -3.8376885953549569        52.244959709358596       -29.820211042053003     
  -5.8028639988804125        46.439802008767238       -44.912856665202852     
  -12.100232523448557        39.473504917173919       -52.901466151123877     
  -4.4889961470963904        31.122064825559480       -64.242512063709000     
   3.7581624721917422        21.230497029607466       -62.156959930512954     
   12.022195488032374        10.660973092695061       -60.815706138997172     
   18.172643040865271       0.54101495209225803       -55.027760230262501     
   29.697813676950460       -1.9621608612018708       -56.133955665449562     
   34.697397039861002       -9.8831315244086113       -62.815509639879252     
   33.504496862485937       -15.816352207015601       -72.612183791201545     
   30.072344514393123       -7.7492523541104665       -81.620124010431425     
   23.194573815024022        4.5470274827250279       -83.414954191624105     
   14.522901554738027        16.114147896186800       -73.595296449621642     
   6.5598457407395152        21.589284211875515       -59.171848738823854     
   4.1800129108931667        30.879396898130750       -53.372031801482663     
   1.6332990316465699        38.060049395157186       -43.185298082865891     
  -5.7936407048755783        46.509156099362286       -33.334265147889838     
  -18.742816679942507        48.764266210241594       -22.087660194458515     
  -31.341460372824564        50.497479235242615       -18.677958321974426     
  -41.924470724163307        60.453900389518743       -15.319749933276270     
  -39.120317538325864        70.869427623032237       -5.9566135035729513     
  -28.399084668843589        69.009612605799802        3.4088950147245778E-002
  -15.814411934428859        65.748586374912989        1.6279903902648727     
  -8.7241753758789642        57.843011683123528       -7.4094866871586547     
  -1.3177120345797788        59.144455731219729       -18.622439136692204     
