   335.17098267066888       -122.68288329043347        167.20248219204714     
   332.17866123937563       -127.97138384205698        156.05887358772608     
   324.80867786561373       -133.56332651339233        152.66550235127056     
   318.87813022900548       -139.75631763742871        151.95947310048987     
   310.72237225915842       -145.11770406038815        148.94466592341189     
   305.68123652829530       -143.47815905798660        142.39178455927618     
   304.37895185847873       -145.35613548353837        130.43446824175095     
   304.46601930500418       -146.02069963285095        122.30402041422715     
   302.48957215764187       -147.70785697917373        117.81227547438363     
   297.36918415166838       -152.82703659505140        112.99240966919288     
   295.42653345759913       -161.08869503922901        105.42182160793580     
   296.57140296625988       -167.99949616173851        101.45398921255418     
   295.85793792027971       -174.05405685094928        94.357475528116950     
   299.09342317088596       -184.15042013041045        91.737410078988489     
   302.18271417267283       -193.41598733022630        91.640824466348818     
   310.23860417539811       -197.74022590480683        93.482755057521842     
   315.23929602266855       -207.46689576357406        98.238938860018550     
   310.15807738618599       -212.78401747889660        102.73960423055033     
   300.74594190310216       -215.88554594623525        104.75679450957296     
   291.94088889541564       -212.11067857195317        106.68013086419268     
   285.17294148985951       -206.12929500032848        104.97380058731336     
   280.84056470666138       -200.30410552428270        99.262159374888853     
   269.44246792817023       -196.86026551804159        97.866906205681545     
   260.62554622293823       -197.01180111490956        92.431490865540411     
   254.69533569252712       -189.17788082860525        87.393761459214119     
   247.11165206569339       -184.53912797851549        82.806319830618406     
   242.35266018981858       -181.32914184098888        75.683279688060338     
   236.18846760149603       -176.77429289489331        73.519551930671412     
   229.65101280084858       -172.98744259575713        70.575438487822623     
   226.31004111691590       -168.00527755899518        63.303577610542028     
   223.07652581470711       -164.08552871011085        53.866716503009826     
   219.80413164908677       -156.18213054511273        49.627661517981437     
   211.32763774222568       -149.02049350479206        53.379165555628852     
   203.94653798615286       -143.27875998811228        54.885929390799866     
   201.35944663952895       -135.82232000811948        57.464793225446861     
   205.18445051628751       -127.00664496654971        62.082514878077980     
   205.64129403362858       -121.57084230353577        70.145959697587884     
   210.30376976998298       -114.28011895660237        76.702064312035517     
   217.47338364911244       -116.81550401457713        84.783496498762091     
   217.70760957300269       -121.15533889004597        90.879063177399445     
   214.55914888102228       -126.78825816359607        97.657761291815063     
   215.06151350651572       -134.88251095562100        105.23586412140421     
   217.31712979365898       -138.29197085221054        113.56467512133742     
   221.48008366141786       -130.77603507597982        120.79101880318447     
   229.89895329948689       -125.31596432270679        123.26467466026195     
   235.38427854344806       -120.03233114273563        124.04475367179886     
   239.75923273294984       -113.69277917862843        126.43428671463897     
   243.39366660424014       -108.53191380275283        130.66010197516104     
   252.72882470515648       -104.50721705677508        136.51864419945784     
   257.63955180446976       -104.60158220262245        145.45957217626585     
   262.08597398976616       -107.23636354160185        149.65767133085544     
   269.41619391940924       -111.19196428477544        155.33542403869814     
   278.88506139902739       -113.28870713711038        151.19677085095805     
   288.27562750881930       -112.55350343656312        149.91249667020395     
   298.22662710621432       -111.52083931063670        150.30402263282932     
   306.79962538382597       -111.21851085943443        153.16514010022951     
   314.32428546887206       -112.18314111514994        155.13258402113740     
   320.30696789724215       -109.31639553513929        152.65087529806863     
   326.35388692888262       -107.12426191826853        147.11767349536032     
   332.27670769848703       -106.82414913569582        140.33736824694202     
   336.17166365214939       -98.627634641593033        135.09997627982028     
   345.00163037018382       -93.270953607921427        132.09071184966183     
   348.92708429843185       -86.252672071977315        136.28691539738367     
   353.67664436294029       -80.568099036492200        143.69603076316253     
   357.50527430095053       -79.978061734404235        151.83136562442323     
   358.62530210269858       -74.729805073537747        158.27206870496275     
   361.56907492427825       -70.274097197332210        169.06520474696839     
   365.17578287024060       -68.839357491515642        179.68482786847409     
   358.69090621180226       -67.578553944507746        187.47019332268573     
   353.68654298094873       -71.708596526347975        192.31338176150152     
   348.30457412852519       -71.573917154154771        199.10916761037646     
   341.72980253726496       -74.428251028058995        207.09469429705192     
   334.72403661919265       -73.993798220565310        211.86979233679733     
   330.45837389082840       -75.191885884070160        220.88235455030750     
   323.29773179019941       -77.141481106247454        225.84271356498368     
   317.27674447337364       -78.654132725150419        232.24070914075767     
   313.49866855999772       -85.631060192249308        231.50392646162615     
   312.22374554711917       -94.813806205612408        235.72278259463229     
   307.76283798822618       -101.41414333390570        241.29813366301101     
   298.77057912001828       -103.26991612273518        239.79638025044414     
   291.03712874464327       -111.10437031984894        236.83913423012862     
   282.34532744581759       -113.09147668154363        232.39769375887585     
   273.98625157463846       -110.53106996937218        224.51267496016501     
   271.16181808822773       -99.843504278497605        224.34456150076389     
   272.00380926385230       -90.371889798141112        229.48686510147115     
   275.55282736983435       -81.314569745057980        230.69235361020841     
   279.87220116651304       -75.499802910155793        228.16831994725243     
   284.95975888223273       -71.505221585857058        220.44495537462473     
   289.59569782197917       -72.588691146406205        214.77246297481446     
   297.08041969915189       -72.086577009807883        208.09276985792849     
   306.58892665018118       -74.396548741536648        205.99732874188851     
   315.01096754983132       -80.772849170189232        203.64801218115662     
   322.93516929239797       -86.217385734005759        197.26641269811222     
   331.20908666940716       -88.620223690136740        196.82852157798001     
   341.17296540105036       -88.036520311552181        196.14698418894309     
   346.53425754691347       -92.898827924648245        192.17664304006163     
   349.97779205792108       -100.36979118995248        187.07954762338298     
   351.60871672122789       -110.08364855320372        181.37116592545823     
   342.80824245353978       -114.95485099384712        177.37438951661932     
   337.47274026459212       -116.68122617431757        172.88882585326286     
