   18.929440370009811        50.926074367644397       -43.470428422626902     
   23.134753487104021        53.695581731599219       -56.740061805979657     
   18.842167469569443        46.582343100191686       -64.433292567077260     
   21.532809679864901        32.611485663279041       -65.198952006427334     
   20.168853846778443        18.183832327172574       -59.437882125136042     
   18.254418995754115        10.157215820765895       -48.362419092250256     
   14.085423571598945        4.1452941199610915       -39.126165427964388     
   10.312239059361975       -7.5428455882169967       -29.174517694583272     
   17.773950644428805       -21.539162738715984       -35.023642055273356     
   26.530112608281762       -17.386133581930768       -45.820189444079432     
   27.183476788552330       -8.7509287716497450       -52.827197770913457     
   22.414848014553169        1.9483907126015583       -55.617258010810367     
   22.033838293320485        14.362222219438122       -53.447666497330019     
   16.220550276691913        24.495302755279660       -51.132879912812108     
   6.6577986914590523        30.230030015845035       -45.592209260940209     
  -2.4529338048642315        39.407007905420777       -35.405681977959347     
  -9.3013478370938802        38.499604024808704       -28.722071337977678     
  -15.117511963255472        40.037753695250906       -16.339025353088029     
  -24.458868188895199        39.897675921708590       -9.2743358795954212     
  -22.892367088341874        31.266932910871557       -1.8441112766582137     
  -17.841290561664149        24.286035379309663        2.4531755762975904     
  -3.1146218873684335        21.050765688026601       -3.2524018924141238     
   5.1927412712697518E-002   35.111565159550132       -13.818450484161742     
   2.3854536210133062        46.648673375587776       -20.405178265258172     
   12.193109255054356        48.994331378127399       -31.193559974129194     
