   270.74762663534568       -105.42626091258043        137.30998754812350     
   266.67249110527501       -110.85725459812700        132.45150684299696     
   263.99211339975778       -119.84032497648788        125.47586978150481     
   263.12450518653901       -131.16206808183597        124.85394909348680     
   265.81949834084963       -139.35135884253208        128.29864796480192     
   270.91451173019118       -144.68578792795796        133.57971240876572     
   270.07899070641690       -152.22794774984152        138.94105529763189     
   270.50869234950676       -162.78619210131097        139.76768204674266     
   273.64065966077521       -172.09217420586606        142.81190850026431     
   274.29614501923839       -179.25810018313481        148.37132464332117     
   276.77266328322764       -188.78982297095723        151.57792689126794     
   278.12654644459025       -191.34232843175056        159.65867302349278     
   278.02010573982585       -190.29938735741715        169.70863338824512     
   274.80769936957790       -194.07701715567200        177.98544626746144     
   272.31538743317719       -194.64265250733055        188.79158823576478     
   265.72463794182437       -198.63524720721568        194.63958731720740     
   257.62939469517863       -203.88205624984897        191.96133645174601     
   250.18881415207292       -207.42445681276834        184.18528513161641     
   248.16048022342773       -207.72248470643305        175.20535328258794     
   247.99575476655741       -203.66313369322751        165.00871651449643     
   241.24875452608700       -196.78120078669687        162.13815018000577     
   238.96110085318884       -189.07054530220390        159.36646785427547     
   240.40597879142547       -183.31047145910222        152.74349243603180     
   242.67316791917699       -180.14809455623526        145.56674909753872     
   240.13461347448273       -180.56158931764253        134.89915112212898     
   237.27545367276667       -184.71009868019468        125.89865622076491     
   241.56067582009445       -189.43465126773057        118.26384074281401     
   250.84769034460675       -192.39671945913599        114.77219004059167     
   254.95318078101508       -186.18092102834552        116.05200031331776     
   260.36961127182013       -178.54919185168825        117.74219977428939     
   266.99990170069890       -174.63807752084745        116.46848853969281     
   271.36130297807108       -175.67926136813941        107.62325245585029     
   275.47113194377181       -174.62987814257181        94.261658053524457     
   274.98831721066171       -173.34010444994558        87.340811792835567     
   272.26519943436000       -177.51277841405260        79.855842353774392     
   266.56391693679217       -188.10639319389648        76.341156746144719     
   261.58695640956284       -196.82802109099859        74.847531016819119     
   261.76000943651383       -207.09847887961584        76.664010160440469     
   265.42093516279743       -213.06474509723404        84.054035709093867     
   269.53821301780215       -208.68403568743202        95.685351148913256     
   273.49094219411018       -205.63310317443609        104.50563570967429     
   275.11181658190850       -199.69410551828429        107.86174432787108     
   273.67313222651848       -192.02115583050499        111.07988639725880     
   265.29943495532609       -185.00694370599089        112.83512864655633     
   260.76182143925035       -179.98919780261329        109.66498756915884     
   257.63166182732971       -173.12597443634596        108.62814093067195     
   258.55067687070334       -163.47924188050465        111.70421036807399     
   262.68842185174191       -155.03733096811015        116.22021885613582     
   270.70454810142763       -147.33240191543359        117.51126106126283     
   276.73684150254405       -139.35951303226230        115.35718187364914     
   275.57715172300061       -131.78343867307677        114.15348419228864     
   280.33307860168037       -122.36843799663379        111.10023561582690     
   274.53864743776921       -113.46393679381171        110.98599474611609     
   264.77817272490734       -111.09136851418678        107.18647436389924     
   259.32696678170254       -103.70862561623440        104.40801903051963     
   253.94365263885805       -98.990162666251592        100.07866382059404     
   249.78654966427607       -89.189103436267459        100.65019412375366     
   251.04399710139967       -78.954140155190842        104.09564651300261     
   251.60648292933953       -70.313925007530102        109.21271258565912     
   249.10530446719591       -68.499036301528946        117.90438413748012     
   245.58854232134638       -60.712023328460269        122.09474589001518     
   242.15432510927289       -53.303960316936013        124.38147121291679     
   236.14579360224747       -46.430167861640534        125.93709468677439     
   231.36628209612380       -38.955490994287921        127.09321623793043     
   231.30103105630994       -31.022816456461115        129.88064263008525     
   234.70833013395975       -21.724051191752185        135.63823097063096     
   236.04528564092172       -16.136862022447158        144.81557065869882     
   237.05382711512854       -11.418679466283891        152.71406405588223     
   243.57044099822087       -7.1068212891378026        156.10411751319501     
   248.93374388511032       -4.6907637718591424        160.96869389734559     
   253.56955010290321       -1.7825852133188147        164.70472204970116     
   261.73750485946732       0.97310682853790775        172.06616791634542     
   266.61091165213992        1.5680140997541119        178.41757745941348     
   270.66963323533139      -0.92943959527725950        183.01564940778800     
   280.95721030097167       -3.3563017483446065        186.95740095037104     
   289.09083467174037       -4.0121851267753676        192.08548180021057     
   295.80819299177386       0.43997900150172387        196.64670040519627     
   303.51263132404443        4.8153720754784670        200.17544509818015     
   311.37997969673222        6.7317399546720855        205.30729091787893     
   319.70780042166535        12.919793610557047        211.30266447154852     
   324.66659093025584        11.813561652175958        217.73380428174269     
   328.44938901783729        4.0906264535495716        221.57734689850216     
   323.18627398516287       -2.1200365001509915        224.30682494232514     
   312.19991106902012      -0.92935565379578478        224.90161250690647     
   303.40579918020120       -2.0894329884729324        223.01709496909865     
   297.33018592743321       -9.7538572763209892        220.51839102677189     
   298.08508383559081       -18.377685886032484        213.11980322514330     
   299.40852238280530       -24.369027287917856        211.16094964165592     
   303.26450873034173       -33.035036746175010        208.15560394308028     
   305.85724609255874       -42.044116975975115        203.39353548072393     
   308.65126242906871       -51.063620305323738        196.17806370353776     
   306.44243375055385       -57.505151280642352        186.49127117677460     
   303.49861556778700       -56.381362346615148        177.92921028328433     
   302.87919823257579       -60.832164681696661        168.80715294790960     
   302.34794282649079       -70.823883811067773        163.58302534449979     
   301.10649377670921       -79.878360280350350        162.48896623478004     
   297.41431869040775       -86.299881125078599        156.97611950693997     
   292.73452682501397       -93.546399100027983        149.12647378872225     
   288.75516920013808       -97.159927076434656        141.37468686906055     
   280.17998102463991       -101.86066666558645        138.36364462113218     
