   133.20180414725093        165.50856285666910       -48.882587490453218     
   123.30297874778073        167.02487944285861       -46.333814689374300     
   116.22845427452040        167.90678495647734       -49.198214832554470     
   104.16947074769301        170.35364942969630       -50.601449404503924     
   98.226773961829082        162.20986939738646       -51.367565738563350     
   89.425144623257964        155.66141175478685       -55.595455303066259     
   83.246883075816186        149.50266904087258       -54.001527620629489     
   75.609280888737899        146.59054435314772       -58.449984003646591     
   68.757265600851213        138.81591551654455       -62.901860803925004     
   61.097148230614707        133.53052947583117       -67.714901121293622     
   55.130295194107859        126.12038934938442       -73.144564250145379     
   52.403029606926417        121.61190134794228       -79.331012182705877     
   47.681430313362569        117.41670039164805       -86.990721718093354     
   41.568096117720053        111.31209077241681       -92.325464648096457     
   34.066064303331878        106.01696580307798       -97.052575728467644     
   30.031118959007198        100.54994608377964       -102.26833701146502     
   27.173750473204379        94.432736953322902       -108.80960523661294     
   28.340819500730422        84.283650144604621       -112.13247059334691     
   30.974659483642068        77.891761073665265       -120.92141874339126     
   32.767729880899488        73.436742195878011       -126.60189505433485     
   33.798641441446456        69.011066410233184       -135.56668082572813     
   39.542475819747324        65.436245542476314       -139.60096914340625     
   46.320896132426910        67.889924285024250       -141.09095752978527     
   51.919094790245254        75.672026651814392       -138.12241899512128     
   50.951202741828737        81.445753385809311       -131.60426157175019     
   50.344148228139474        89.796044603434495       -128.55835337102664     
   48.204163167970066        98.726855583343763       -123.14766538248723     
   46.957829938257056        107.23800972532730       -116.26306354008726     
   42.567866901302608        111.19630725922165       -108.80173787945436     
   41.750989708982196        111.07972374020190       -99.989249308520471     
   39.464006796047919        107.49240831992806       -92.852602631882021     
   34.597150615599354        107.67124515117989       -84.746111772946094     
   26.081881352197303        105.12271932530183       -81.326985202980083     
   16.685218396004540        105.24379262708973       -78.596206108890172     
   7.7694887996327529        103.91091503613374       -76.252560818576129     
  -1.3309501567818358        103.75159082278439       -72.340554844798007     
  -9.7669099759089129        103.79063406060078       -72.755299632357662     
  -22.672961273177300        103.68401925253741       -71.990455169181516     
  -30.985910908330176        106.31691640490180       -76.154552998110489     
  -37.041588846280582        113.21539155584614       -81.963762268789992     
  -42.539533985389490        121.40793647896000       -88.399552827564051     
  -45.785166767080341        123.00989048703001       -99.805375440811318     
  -47.967205059090475        121.05404404149749       -108.91421103195897     
  -48.972615124300660        120.19575928773519       -117.42886447359420     
  -50.159145392726778        119.36252520859821       -124.81854620343933     
  -57.487252768253413        119.88806416916653       -130.28798558503101     
  -64.702089606642545        118.13903812729829       -133.40705514012109     
  -73.402667651660721        118.25339670217397       -135.82595070346662     
  -83.246659158680032        114.95654779996427       -135.72842357049487     
  -94.769172782270203        116.53394763873744       -137.91040618073961     
  -103.00669169085290        119.65574516718881       -142.11806513352198     
  -108.41916791942000        126.30992642962971       -142.13617582745141     
  -111.38587333616206        134.07575667211916       -138.76296266715178     
  -109.80056419893916        142.62846432496895       -141.79671804223869     
  -106.03032844495556        146.23904762137479       -149.95742935400614     
  -100.48194447551509        145.43518557276178       -157.65290954232219     
  -92.586339779583199        144.65676731443472       -161.03429560890899     
  -87.280471480705955        138.95376364810107       -164.25223228515537     
  -84.610265810252912        129.31540680921015       -166.97562315251190     
  -76.212245182913776        124.15148412510136       -167.82786419921894     
  -70.285003915731551        121.37231541408322       -167.51919888946495     
  -62.318764730512825        116.24599715372850       -167.24413327448349     
  -55.958046489329519        118.03807785645759       -171.21244659243490     
  -49.683404083010792        124.20325363255226       -178.88494374581666     
  -43.753796844327077        131.04587578281973       -182.17509701581116     
  -36.011794760814539        137.81719770627817       -180.71751603403649     
  -25.069021059471567        139.91451568993494       -181.15038455824114     
  -17.356885979826504        139.55712955151924       -185.64103557143076     
  -11.200772325439576        132.56714318789602       -193.67055732876335     
  -4.8027301174392827        127.48562899595787       -194.67534213663271     
   4.2055723846163442        122.43874839001609       -192.67393034768466     
   12.592719596631238        118.71686861255228       -198.12319647868304     
   17.820200800387898        109.45711392522161       -197.55038712008545     
   20.566978815543493        100.84027333608383       -196.68551453245669     
   31.680201651045998        96.830863919984921       -193.01291840686116     
   37.710465322704415        95.214711084447671       -187.41958631295822     
   40.527976048448409        96.496648794772128       -180.53202580311046     
   42.434731835542586        97.681701380272528       -171.32071432756666     
   46.415234228034812        100.91756697723974       -161.73621544861743     
   51.470776926806188        105.76371320983111       -156.03117330089043     
   59.928944276444170        113.44517031041245       -149.55838543003603     
   62.222385464251403        116.35567456151816       -144.03149260662516     
   70.044510298882003        118.25058125671474       -134.75855215936195     
   74.028703658255935        112.89222634682388       -127.81014271188066     
   73.273268483428097        110.25826966019024       -118.03219439804373     
   69.921811488198415        108.40022148691331       -107.85313547100149     
   63.823434612010715        107.18259975638574       -98.814350674776350     
   64.960805900930481        110.54677947570099       -91.073334244284283     
   65.412311771981791        110.85270638053022       -80.519317439763384     
   69.072148308853713        110.72386105309377       -68.333062190636241     
   78.150915397619514        111.56266558540348       -66.710552606809372     
   85.374172025895518        113.77107502694584       -73.035320946133922     
   93.084422694846623        119.66445349839870       -77.445288814868775     
   101.10125860684700        124.92602684609432       -77.632139014182883     
   110.70338434544888        131.25636770480656       -75.245965328195638     
   117.46835906146984        132.94960699241091       -74.415671603621377     
   126.99544903546428        138.06812383478567       -73.150291693888093     
   132.05451983361735        143.99887849835176       -68.818370341046474     
   137.00704451978194        153.05321783072691       -63.104454261322140     
   136.81109675416602        159.96369225252599       -56.617922403868469     
