   172.57749330878340       -96.015085883644673        172.51354849796303     
   178.09224508042746       -100.42397452850814        166.89763658608331     
   181.25456959928982       -107.93216199398306        161.95539993779678     
   184.20429041696389       -117.76404508577831        160.35188254249474     
   187.46275580870247       -126.30611055163112        158.06155593129694     
   189.89668460648204       -137.16069994736628        158.63138259702282     
   195.96816663106739       -144.36693008351762        152.79907006913533     
   202.70764479346525       -148.11220927203516        151.94641407998233     
   211.44194505175216       -153.90920035672059        148.18816719898325     
   220.32073710628183       -160.38901184690033        149.52821216490921     
   222.80273082543610       -168.18493416345657        159.50207563699396     
   228.13593825583351       -174.19874058356856        164.30800345379089     
   234.01354726034469       -181.08188303764385        169.51392016951314     
   234.37793316677065       -188.20500939751011        174.46249114971255     
   226.68023341791198       -194.67711687691286        179.58655778894402     
   219.55984299142406       -195.99153954479252        182.93035483661694     
   211.79745150293917       -201.25266171819527        178.35394349503736     
   208.56949842947188       -208.38092859855300        174.39179890271737     
   206.47877562914269       -211.32630217784484        167.00443517529789     
   201.95405216244828       -216.17979134764684        157.74199419903110     
   202.12346436978589       -213.74930056461233        149.67291636764435     
   203.98560644047200       -217.54339440310906        142.04458742841109     
   207.28073333293560       -217.37855862580781        133.51367120755819     
   215.15881193415137       -216.21554541541931        124.30975206739994     
   217.11595331230745       -218.83426004329957        113.90529736335941     
   218.41516333554415       -220.90436067603676        104.53644218759275     
   220.85457897061028       -227.28882330050399        97.193028077232640     
   221.44662430268261       -233.30548248081661        89.391992339984483     
   220.72467829509495       -235.26673708749061        78.071042264671760     
   223.20329258366340       -233.10525878824066        69.708352831111455     
   222.83302601585706       -225.78816140012901        64.043609892609680     
   226.10919982963711       -219.94922278088518        57.285356961718136     
   230.88803371317127       -216.06483391658608        50.901115165151730     
   235.25849779369730       -207.70994217028621        42.535457102313558     
   240.86532057255550       -202.87373691116193        38.532515581705304     
   250.47445433249732       -204.55370996495714        34.808873336662401     
   257.53185178294768       -205.09555071213373        31.837766624614083     
   265.76752377137228       -199.42106028733440        35.254969698920874     
   271.39520919682525       -192.54570660649938        39.609363195211479     
   272.41292741521409       -184.72376195388753        45.312817030870605     
   273.74005514972492       -177.49019880113107        49.577240136488271     
   276.91923719338104       -167.67016960397365        57.807307590727042     
   274.44249197003120       -160.64680183476486        63.259284555476057     
   271.55438856157230       -148.83752069487943        66.915027645097069     
   263.95257639082064       -141.92964100961620        70.037490679518086     
   255.62276489028375       -134.04136723084349        71.152486617309989     
   250.12458732650580       -126.90985751563176        71.825585882961022     
   248.04898586852914       -115.42561124597739        68.165930550980519     
   253.82269368968664       -110.54994149644776        63.135447359223932     
   263.22568610230462       -104.29285487282810        62.137693141877207     
   269.89494487054429       -101.71396201884727        65.505848428771486     
   273.96250542320985       -97.182708512658010        70.501258307725578     
   277.05974541175499       -90.320385567823138        75.554443879167493     
   278.15506970205934       -81.152816670563155        79.918131712569490     
   280.79724228825938       -73.155970977198265        80.417522392768021     
   283.84013059371216       -64.259394168187825        81.261821273249851     
   288.89766518735433       -54.090080802566661        81.130427925504577     
   292.96494140651220       -48.305875470459121        88.206494248614078     
   295.74584001403633       -40.297879442371766        95.648656073552118     
   295.86511880087590       -26.593812637330618        100.66153282321963     
   296.98662741285915       -19.281388604351793        109.50677080557131     
   298.95300521835094       -16.162676902993454        119.16962700098588     
   297.98103305542048       -15.953148385402731        127.05191380612078     
   300.81347295600580       -16.618408442935870        135.31249650622891     
   311.48607750545722       -13.207711287517487        135.34196693150517     
   317.64344543443190       -11.109069696721624        134.45098857919047     
   325.94379115396714       -3.8134790256854716        135.33497424264763     
   331.90107755818860        4.4880245415102538        135.31011338076425     
   337.76802733495015        10.983685802663365        141.30144370046892     
   336.23870978121306        16.956341954672290        143.80346459935501     
   327.03158276989973        21.298257544233138        143.52597840187417     
   315.15289956139793        20.620388816453758        143.92814039571056     
   306.04737109107532        18.297554914660033        148.20777407994623     
   297.55271246036784        15.384115121998626        154.79314753880274     
   294.89917765982062        6.8881431495989922        158.94144104234996     
   293.56883450636349       -1.7018567119001031        162.02131137746142     
   293.03043463518082       -11.848864637872978        161.81606683607021     
   293.02588311144541       -19.024224710953817        164.40010329369920     
   291.46779598957482       -26.778420392772542        167.39022176892186     
   290.27339681301731       -35.315803028210546        170.97343843444312     
   291.85755699275143       -35.348993045069520        180.78926105701291     
   285.15600645380971       -34.429358750521168        188.37836907871741     
   276.95060909888605       -31.495673234109532        192.74200117840223     
   270.16608064489077       -27.835619936874039        197.24968927054763     
   265.13000689566030       -26.911435038105765        203.80841455971589     
   257.38811998999950       -31.525746154961681        209.04371907689679     
   246.83371831569750       -32.817983723561056        210.16831298673975     
   238.82539272339997       -30.398453961831017        206.27119444635468     
   231.03858610446318       -25.430296927349886        201.70259139183781     
   220.75377294893471       -27.589668474965464        198.26206592007824     
   212.22450330320208       -29.700320108252669        197.03971181143723     
   200.72205410985057       -30.388404663511480        196.87445579823958     
   191.65244354152486       -33.392924037506589        197.67801545467566     
   185.70398743306876       -39.894043581969726        197.31113095293381     
   183.39480447970666       -47.090296866232983        197.86430648492922     
   180.77709057166976       -56.644759935728956        195.78099704034102     
   180.46110856131628       -65.484602813750811        193.45776866764092     
   179.72369265677111       -76.570542065604045        192.73319007709611     
   175.71740012273756       -84.698431272779800        187.35892908794938     
   174.87581383799571       -91.558948420181125        181.13860205579599     
