   10.265869419778971        57.871752597602224       -42.716233565283829     
   10.191569672159403        58.294372213861912       -58.039270050084745     
   14.065058020276929        45.694355827028538       -60.529401469557790     
   16.217581152334496        33.939425575625819       -58.756362498950139     
   15.508870972160134        25.634501739532702       -53.313740653143590     
   8.7959382681954636        12.617935900089137       -48.875379274194856     
   8.6590101342036707      -0.55912680788267588       -46.766383685291565     
   20.282118210674668       -8.8913072124899681       -45.510358134056574     
   31.864433402878465       -12.402291566234711       -46.377765115547071     
   41.040251726173395       -8.7614312943950878       -47.664687639711545     
   42.652596185184834        3.4630423573270006       -40.770773871367922     
   37.136561143409793        15.373625786792463       -37.826419917891769     
   31.504020933664375        30.062832177140344       -39.898137406312500     
   27.313202543420552        41.075742753865036       -39.967140651234963     
   14.530908304362072        46.203572840706997       -43.117993277088246     
   3.4735517541659795        47.117425910642496       -40.522382144680542     
  -7.8335890028334871        41.062843500528679       -35.612186970209272     
  -10.853211388963938        36.394273646077217       -25.769543413092464     
  -13.998390737029375        28.039765124010913       -19.228234561893277     
  -17.508321989932888        15.602262357474839       -15.311220741861746     
  -9.1026610175551905        9.0196138550610083       -20.027518245204924     
 -0.29177037489554181        11.807777507343504       -30.376792191681307     
   4.3590170216102759        21.358862154620471       -39.834469400646633     
   4.8255003024706395        31.016958282522509       -36.830894764631800     
   6.2503417462797861        47.434535184235301       -38.730661528107028     
