   16.064590492509943        51.102134017396061       -45.848563815075579     
   9.1830206664635519        52.072698366287952       -61.406504786070727     
   7.8215661851161311        40.181301094781475       -60.260424287174104     
   12.394667102866617        31.940540350745028       -51.018305260496952     
   11.127704974895460        20.528275685878221       -45.322907491515494     
   12.561663692892349        10.960067546223028       -38.584680920376137     
   11.857134914283609       -2.7474378469542211       -35.506822711705695     
   16.773125197890899       -15.844682813730072       -37.525410682231673     
   27.491890426086279       -20.379345970379109       -33.967602969350381     
   36.299244663512738       -13.311406526992187       -34.594414878402560     
   32.498631731562291      -0.11937007427275415       -41.635691376269939     
   24.903692033192140        7.8550219564921786       -44.650631030799133     
   20.397054664545060        20.469812184210788       -44.482751451232453     
   18.146718092174073        31.023867207301741       -40.888100829956045     
   10.906889839727004        44.342288431290640       -38.942911410283060     
  0.51316589715924987        56.383893023967644       -37.534029280540729     
  -13.793012017203919        53.772315375816213       -30.390584739103659     
  -23.011711031067986        45.798905072916284       -22.189191287662617     
  -23.973871455258550        36.758216098116684       -11.362594362333118     
  -20.821251962740558        31.702686104094703       -2.5107882437532343     
  -9.8956248859174583        32.459858099103535        5.7780566657957388     
   2.7856861471631631        30.998522189192101        2.0995512224782278     
   7.8904885417608135        32.945366282939155       -10.311286185801617     
   11.066938773928532        37.408823144186449       -20.454071468305930     
   15.499180618824093        45.370933819636321       -31.268342461216324     
