   46.608401950773782       -14.887698655219934        75.288040586389400     
   38.717275556165859       -9.2427894964682977        87.805130610878848     
   33.237349766956875       -18.023196228465864        98.472615900335313     
   37.320536503925581       -31.323257752868219        99.150289265957753     
   40.763599465934895       -41.063369259708097        94.507608370655348     
   37.784794088785759       -47.819562768360534        84.965695972550890     
   35.218976834176338       -50.284467978323207        71.505254428872163     
   33.394197670587737       -57.563552665344467        60.171693615739834     
   32.655325404762486       -62.802920632064954        47.645195145847119     
   27.183784854164642       -68.912097316305065        42.402162988645699     
   20.337895634515334       -78.539704814934183        35.780675984501777     
   15.486908531339214       -91.950821572837000        29.306225449959779     
   8.8981147714108104       -104.49936178414724        24.203275451040078     
   2.7014620737434090       -118.75318264846698        27.716714393926871     
   14.252110459133608       -123.25945997141881        21.359413206673977     
   20.773688605269161       -115.79340849233438        29.155380846443315     
   25.434379739180752       -104.97933080574217        32.484678467772810     
   24.905842278229869       -92.163176307157769        32.525899770481800     
   23.582623400724181       -80.191646963540947        38.244282082705112     
   27.249399939771724       -70.401142814963706        45.677307444764331     
   29.412151435553344       -60.812021606716861        53.236283474991275     
   36.087119452754138       -50.585820248309595        63.006711816385426     
   33.378238133783427       -40.559823334959908        66.409646977976877     
   36.142983094989539       -28.298818888248224        58.734594706913732     
   43.471104570647881       -16.415170627582416        63.168467210661625     
