   18.744847426786087        58.605058284630594       -51.216133414501442     
   8.7451774669390616        49.131424970814010       -56.990003939249128     
  0.97410998174484842        39.296168995720826       -53.124093795414296     
  -7.6162415172946751E-002   33.190917341691687       -42.137719734451665     
   12.534882803581432        24.860412786965554       -33.554800897294228     
   24.313688865657465        24.238018925450454       -29.339239226822322     
   34.292271115526205        17.018542226029556       -33.661445993253778     
   36.566061510421072        5.1331773800403973       -38.179334182495751     
   32.821589842239568       -4.0034502590103385       -41.789638438849032     
   21.150321906065461       -8.4465826442982248       -44.467068347400797     
   13.348356079831822       -2.2049769797339733       -46.920745944405539     
   6.5781825886457872        7.6821696268004986       -53.395677898321175     
   1.3405890943861047        23.324040658999234       -57.033250165625411     
   5.2345006193578465        36.237533268356643       -47.670655265900002     
 -0.70649990933325280        48.794035045909233       -43.303934490378253     
  -12.909082993188550        50.531663207571789       -42.287407329628032     
  -19.442601999265129        49.083820795310956       -28.644159388428022     
  -25.532973662579025        44.426883075287442       -18.530593331859691     
  -27.039259749192507        34.272108971443224       -6.1694672768694261     
  -17.159007371024533        23.203940872604779       -12.243507267122087     
  -5.4638735444014808        21.526627058547493       -20.336567032335150     
   7.8920273943513592        26.046509491322805       -27.990470826981959     
   15.593342150164588        38.183977174038972       -28.588971874615329     
   16.426533290975527        49.833761680522699       -33.185363125503592     
   22.398111141178461        57.047901208644355       -38.358408137448308     
