  -11.123414282160169        65.131637961273796       -36.369692503860520     
  -7.8738645962702805        59.662791054917278       -44.837847987165055     
  -1.2497182994885963        50.804315174644302       -49.969640631768947     
   6.9789706243180891        41.348065268992485       -47.365867311952833     
   10.954080992650736        32.484879111115028       -37.307828157335116     
   18.672901846975833        25.973006657856278       -26.953179577215998     
   19.698959106309879        18.461655368374707       -15.005459283289317     
   16.062548351632600        3.4456649217212965       -12.764256226040729     
   13.335395672790343       -6.7392580043940447       -16.439898797347198     
   15.196109860478261       -7.7094381543432737       -31.303363099292891     
   16.819735578254228      -0.45183893907881156       -42.321516983708769     
   16.381122358482376        10.900839227958555       -45.597044593022297     
   16.434251496985702        26.407250496133418       -40.945140414025438     
   11.273598727253148        41.068301450954010       -37.716523005734139     
   3.6082697956405179        48.741060921511689       -39.500917375274447     
  -10.368107231625787        51.019952502565033       -35.566304691021699     
  -20.899074577026081        49.359912645472335       -26.888388429212231     
  -24.085001206839316        49.193280814293622       -13.002141276358699     
  -24.855028210278249        40.280246840131120      -0.64331095057530763     
  -19.929567814879768        30.567220402371195        4.5669214612934663     
  -9.0063076556250774        22.947149435300854       -4.4542866267171668     
   1.2084038260426255        27.270747965254234       -10.390492463094372     
   3.3090294526898063        37.207808967890770       -18.840966436234449     
  -6.1267531534130999        44.449848956523915       -25.174233130807437     
  -12.633466614220517        53.874361517367340       -28.079914737093173     
