  -2.8599512640349323E-002   61.401440544451241       -45.472623892708732     
   2.5079337950407110        54.291646593522451       -51.851187530575601     
   4.2286230567387122        41.356464317177384       -56.729823064252223     
   8.6101384653631836        29.257467823809019       -53.484679156765949     
   7.6069617913684437        19.570873283144206       -42.165492336714770     
   5.4307101016956043        16.275550613379796       -28.471148525659636     
  -1.4617564277052009        13.789631863169504       -18.506864425189487     
  -6.3726091809791070        4.7201024469063544       -19.950926574631612     
  -5.8306539958203469       -8.6193302202281341       -27.174164816178738     
   6.4074352435705917       -10.955171485880305       -33.365158507129500     
   10.932316225816029      -0.67208590320756589       -34.900972824544432     
   15.815170210924784        12.505453393399881       -35.199844259030463     
   15.232063680557999        24.575148837320238       -36.156926268394912     
   10.041011290946400        37.329023479167667       -37.859580494474400     
   1.5691427326506675        47.832058695958089       -45.773440152595740     
  -8.3989183918399988        49.405017068839626       -35.502056479010797     
  -12.592504569694906        44.193894914061111       -23.883259115900827     
  -16.947642311994308        48.778252915382950       -13.306071724938446     
  -14.719943729460793        49.270434703048558        1.5033341790228254     
  -7.2845789636831402        40.186521527254868        4.8622247287533717     
   2.7590260317798911        33.974150531507789        1.6962907459626304     
   6.8320117161567007        32.899036948856740       -7.6714770172875628     
   7.3674372708226663        37.707677081675399       -18.193627247316346     
   1.9599125106873834        50.009477489397831       -23.302162948905600     
  -1.7394659014957585        59.124162138381621       -32.761331101447176     
