   5.2136169831230301        58.929475953272210       -52.348421545587520     
   10.835118569363328        49.840551354900121       -57.955595527680885     
   3.7842645200301623        37.568931698167184       -56.603594888276099     
  -7.0141372971970206E-002   24.766956840910716       -52.447412684291933     
   1.7146299793765660        20.575249411624135       -42.126009480168868     
   5.2710681046267336        20.297578005697680       -32.568116166834642     
   12.499241358126888        23.789628620090465       -24.018029638345915     
   10.142997912754819        12.150341051782101       -13.224037600991162     
   10.939363869678287       0.53497074141512180       -12.561743892667817     
   17.508366361752994       -6.2975045998995132       -23.337360774455398     
   24.056540294192686      -0.15180536183713411       -32.795316452784604     
   23.640081831683954        13.507032308164781       -33.944706261147317     
   19.338209291586139        24.203083549469664       -29.471828832216641     
   17.055465264257013        37.039095524474234       -30.029166946369845     
   11.746987614707495        42.046019142406053       -32.655015726197142     
   1.9938023240851197        47.965898785580457       -27.549685009664991     
  -5.3882445561462751        48.197258077616461       -18.509628054766853     
  -5.9454388653901811        56.907586465825702       -4.8012443408115768     
 -0.36540417752296450        61.183991272715097        4.7674307839040964     
   6.0853521439344540        63.183779254349666       0.81606512948125154     
   22.315133892763885        66.796094961295537       -3.8362586214380374     
   22.766878430706203        64.034120044913465       -14.720077664221444     
   15.977440512780204        59.173405033519963       -26.464117323328114     
   4.8698606631741743        61.683931393326496       -32.246293222973200     
   2.2746467698272195        65.061185396844678       -43.287555231302157     
