   6.4447847570850012        50.648726189653750       -62.809062227201977     
   18.014256902428674        47.109262306008816       -69.148522122663408     
   16.338906648517820        33.853286947826319       -65.498172772193101     
   13.494195762275352        28.864242481927878       -54.161257798199749     
   12.280365830395843        28.939064554158424       -40.432333410501364     
   7.3379628786305986        32.756316568677192       -29.789218597689221     
   7.2880770986207768        33.973132686109530       -17.404968235977776     
   8.3700152723617585        23.251814471486984       -8.9805966430736266     
   15.802612590258869        10.694232302669819       -3.4872983210784678     
   20.848137929306485        3.6301943096780964       -9.9915250757518788     
   28.015010969534561        10.366746383396327       -21.691281091932087     
   27.407053051993795        20.051182622508776       -28.496801070720185     
   25.988624866767928        35.016599884264743       -32.006699469620123     
   16.178452790190352        44.185314576881908       -36.614179070078798     
   3.5620858137211480        42.247421481862965       -34.880808552855633     
  -7.8483704480279135        48.451426513474622       -29.189164788677019     
  -15.804978882273019        52.278447387605333       -21.774343635175860     
  -12.933269485242478        54.539643948046958       -10.147599065935816     
  -5.2899064953209969        59.023496068576065        2.2600878842303991     
   9.6489194601717401        64.030023241839814       -2.3783373817310784     
   12.787831178360603        65.155441688741050       -10.223402933849696     
   15.981126158699325        71.050276424236870       -20.473415997641091     
   14.207678334121264        68.678385727518133       -30.747501354061775     
   5.4885846266510239        63.097893263752105       -39.984177368253476     
   3.1567748249990024        54.779670851980306       -51.430916170263508     
