   6.8301500877559214        34.526514923396533       -56.815327378629412     
   12.926721821576155        28.544443776405100       -66.955207694055957     
   24.697541438551713        20.079424521636426       -62.483423678646730     
   26.971022271894924        16.613286155953297       -52.125664522495072     
   21.582702410525076        18.519578382670201       -39.602201979654929     
   12.596412062622676        26.036389191920644       -28.915665310073845     
  -1.0637369295444015        20.135931540024348       -26.088033540446666     
  -2.8028663538639447        9.0214204477786186       -17.520967910421025     
 -0.37528975199849801        2.6444840477324330       -6.8164468325746004     
   8.8398178024370733        7.1423708851984840       -7.0803255317072864     
   14.161695200910104        13.041250832452869       -14.777236203809888     
   21.615562648704898        18.503042038410555       -21.688036090814695     
   19.608006389184201        28.140857673735400       -29.324916999186474     
   7.4561651985792512        29.524427097605603       -31.542304316325389     
  -3.9779314310276179        32.292238848093405       -35.038878628557640     
  -16.151067064921591        38.417232336947677       -31.951680904529677     
  -23.708297453607436        40.313175772795972       -16.921563721820537     
  -17.252396394221499        43.324492476642803       -5.8107790944931859     
  -10.303821924800298        50.698521510269444        1.9631934073467596     
   1.2425230881510938        59.252773528065305       0.16014618603646802     
   12.762174390757695        56.660006648772907       -9.3073113419572682     
   18.855107338800135        55.185095126211074       -21.890807989950929     
   9.4602098603708402        55.431005505352040       -36.514608755066213     
   4.1934265750497159        50.898309645528428       -42.712412545157427     
   1.6605953335968491        38.056228205345811       -49.831711113908497     
