   158.61573048907724        67.111740314237124        76.677472464229083     
   164.75916720849492        74.992889048254298        73.930370263313662     
   167.99136750850653        79.694101655456990        68.334722627991226     
   167.05168684227559        86.771532296370211        62.451532342011291     
   168.61733381063840        97.364221723186688        55.171426518493782     
   167.50681095542342        107.34355575478733        49.501492820846480     
   169.15626121651940        115.31770245523231        43.627251185624758     
   173.52810351294602        119.30858023349404        39.939612312528595     
   172.13257336806998        124.38100206759401        29.948504344958337     
   168.62669190575022        128.08768246556343        20.115294716655804     
   166.33193113003114        129.41168831883851        12.132940649217026     
   163.44689862382074        134.15207348862924        4.3231492274361099     
   158.63786356199410        143.11517416166834      -0.86894333276026414     
   155.68064162837197        145.52494358401151       -3.9259433201192517     
   147.20110984845780        153.14285327485467       -8.8091889861593717     
   142.00817507090449        153.48399547606374       -14.376890985328686     
   136.78005572437920        151.14900029804642       -18.284280109855228     
   127.05196710480624        147.86705757729428       -23.036594231152534     
   122.81242192073015        150.56040794996849       -31.458803711961160     
   119.58858306456676        152.78050208009498       -39.161130504281566     
   111.26261581642606        154.65202847453546       -44.922350845266593     
   103.61117649357617        151.90931463185231       -48.814165335385852     
   96.166550894017178        149.58533317868836       -42.579300339816093     
   91.392035313221925        146.66498427118904       -39.007433480184993     
   81.368542813334486        141.69136449985010       -37.366622021654038     
   73.490044625624066        140.12019555740133       -31.153535987139016     
   67.069018068760016        144.01110792668314       -25.008169783164789     
   65.774125056020480        147.55043260082138       -17.726012322288629     
   64.475052844794462        149.22055219696040       -8.3583159103199485     
   59.754706934997458        150.48972434387818        1.6488792076158516     
   52.934990067021502        147.32320214188167        5.6369661815589343     
   50.780972079040609        140.93899307295771        11.827493462970589     
   48.109977917244272        136.67128331793523        19.778946479173154     
   45.645152587116840        132.35769789036758        28.819275841154010     
   39.161115707938372        133.34934296519000        34.193594697644428     
   34.909660749488886        132.62989094650828        42.935236370513643     
   29.528550194770069        132.25323969375512        51.920952506999861     
   22.920712104090647        133.54484481504221        57.551501838821530     
   14.688414322110575        133.64447654481214        63.505877532805663     
   7.3024018471333791        132.12660489796056        70.422582274615635     
   1.0107548700733400        130.65555978454196        77.537010445395040     
 -0.90372242066716102        135.90409532531865        87.193756470438331     
  -4.7497382633507312        142.63844966913913        94.814526298413384     
  -2.1245272714459764        147.95740501762660        100.76320133381076     
   5.0244538423764116        153.82747374514213        97.763750759399713     
   11.989076776610428        156.97214967112262        96.808885583687299     
   16.900129897557463        158.63970373895677        103.78833048676270     
   23.027346619061241        160.05915133249641        111.67820053437579     
   32.614788197095358        159.00431120504899        118.00547013871305     
   38.807579919189699        160.50758171710271        124.11430657295755     
   45.270859670164171        163.54331711603709        128.67422310093119     
   48.712807996759580        165.39711756513219        140.02724841982445     
   47.790285258037642        160.77292573594275        151.06277951914367     
   46.319854775543625        151.46988907324865        153.75251109935556     
   46.167329092837811        144.87888935016704        159.92226740625784     
   41.343922697133927        142.36039083293844        168.00865744612040     
   42.232103864208490        140.83512854557765        175.51002363812438     
   36.715410718881394        139.21251014032279        183.97262927590197     
   33.726882623929768        131.94076031400931        186.85319401550103     
   31.652082848215052        123.30493743318019        190.30013417832473     
   32.249636822279840        113.99747530438108        191.99092650641410     
   37.173793099627929        108.30675891685523        199.18508954264513     
   40.557694858636346        105.10332296898767        206.69290377237951     
   42.140296080497322        102.44298928823972        215.10854456408248     
   45.538072994665285        101.58815066740551        222.11696295148298     
   51.954958250244488        99.532554837793555        228.51727694055461     
   57.271574720229175        91.060012620908566        233.87189446422218     
   63.198152976549267        84.352363239433018        237.30732983251937     
   69.508640056661733        78.518263689832011        239.41374708896132     
   74.414753947217278        70.777609148334648        239.57270891754541     
   77.621469941342923        59.653814453852767        237.00854977286343     
   85.866543515005844        54.646986568486000        238.05658331375378     
   93.568646285816968        49.265598264216322        239.09465203174790     
   99.413537132017666        44.036890577032018        241.46309337508546     
   105.46139318906735        38.186163191402152        240.59347785333887     
   113.11437953911071        34.198012903080077        234.25148705102598     
   120.94410779267487        30.681468883368741        224.91798028020480     
   127.10244552628293        31.614664636956498        217.95267987772081     
   137.47175733619500        34.220896650851785        214.85105330702802     
   145.25176908526595        34.961775341608494        216.04364320023097     
   153.24566157399059        37.921537764414502        214.09188280962204     
   159.81408218942215        43.580402192774180        208.49360504705305     
   164.03829736419200        47.578164577841768        199.82837350573652     
   163.37867263191254        46.700208182466220        190.54653978628983     
   163.71605581312681        43.096579747394856        180.43403244697726     
   166.49795409156690        34.941256941942179        176.18514182610238     
   167.20957527524808        26.804482878020423        168.64525859392921     
   159.83900219286514        21.787770732494625        162.99482795508524     
   154.25340347448534        23.873441500763764        158.56807200647549     
   150.93043110953150        29.497028290825416        153.22270308934213     
   145.58878122590656        32.180320402312930        144.32686201612827     
   143.25315846188934        33.339980409237718        133.75879841713856     
   142.36379806205028        31.718956698876944        124.26448590371093     
   141.10028863878057        31.364647326752763        116.89279744448729     
   140.20149267570662        32.590779335283699        107.87788883268342     
   141.91196165359318        34.609654612347327        100.91223585654892     
   145.85969242790858        39.124015443776031        92.792087385875604     
   148.90856929362374        43.230785636879943        85.142936747071843     
   151.64923513648372        50.760650399720362        76.403904554368069     
   154.89009024981655        59.172586418369377        77.914843104691556     
