   11.251408181132556        43.887499560156130       -84.346126231829501     
   1.2336787493222108        29.820668743519551       -82.315144440765934     
  -2.7625516071503782        23.561034615274231       -75.443537668943804     
  -3.5088398283580693        22.301241899296187       -59.874559692798947     
  0.87528409455148681        26.597861732077401       -48.192142933189750     
   13.987442591697629        27.450341992270740       -40.742416516995739     
   22.207015028574816        31.479490541336752       -32.329589343923573     
   32.425244611274678        25.541103839644677       -26.397293585262076     
   38.123609163895019        25.890877725363126       -17.562066222716652     
   25.382153268176356        30.182941223623732       -21.729731550496219     
   21.501148133539928        27.602548520656065       -36.627983476287909     
   20.007610100179257        28.847096458885208       -51.305055877692247     
   13.501883019804776        37.355286060145573       -51.638118620639823     
   3.0392361554019960        45.757293124929312       -50.632191825367784     
  -9.3305743524916043        45.987221855564989       -43.969861997428715     
  -18.054102541143592        58.496966215995677       -38.925848059693365     
  -23.227213043050099        66.005944364577772       -37.540742861661009     
  -28.051998737450479        77.008833639721516       -31.655405064537902     
  -13.639314623469255        85.154954041178371       -24.085601055304124     
 -0.25219507620289283        87.146784598881624       -23.478484903637977     
   1.1572716327420172        83.654982711804934       -34.859546458161660     
   2.4833187836129262        80.916022412345782       -45.746128476501504     
   7.5139646298903102        79.298696541229347       -56.949927133420900     
   12.565719172222220        69.713335090725863       -66.633883074526125     
   14.190231634799856        56.403547098562854       -75.674481787172056     
