   58.554176664358096       -20.374850958899415        75.201739118109430     
   67.927281160279904       -20.833339816679967        78.149111858388395     
   79.893272846242539       -23.495081082509756        77.412369611691290     
   79.793071326545672       -28.835996943673322        70.340382315121275     
   72.021933327085222       -33.583715988081856        62.468880746092594     
   57.558438456036370       -35.978958813167111        55.967073079162539     
   46.064313243579122       -36.931414575762709        54.426008338240941     
   33.210839563569230       -39.413298543979465        61.936803191195295     
   20.258798333790629       -41.654340091891612        67.746212510193146     
   11.788041929897526       -55.531908905933903        67.437736514594448     
  0.74815325256061205       -64.211090164254585        68.296710036944845     
  -5.0511975240005178       -72.655401853767671        63.025191212797914     
  -7.2159428971804616       -84.662011623090038        54.821679915468856     
  -10.870042557455106       -89.032895064558005        44.497386521765783     
  -9.1208569008839770       -93.880204952553001        31.452498549188949     
 -0.88529554699635493       -89.375435621088755        19.773508689849194     
   6.4422969485732011       -81.042015922034835        18.450706458375510     
   10.543718490955923       -69.305392473273983        25.961837140681364     
   22.814267067913928       -69.039322257716563        32.357557122277832     
   28.003785280024502       -64.247199874731322        43.654536207279136     
   36.033464810379762       -53.957903300142682        45.330650150613046     
   39.790047939481269       -48.721328525111126        57.867412249793986     
   43.136064701632300       -46.976225338076425        68.384860867333458     
   46.415750929378532       -42.468503967157211        73.869833426726856     
   53.543983642222642       -29.661200867906327        78.928383442492176     
