   67.668934573439472       -27.066722216682507        83.558298096373818     
   80.209155179655141       -34.257805390091484        90.777772162821549     
   86.087795949930182       -42.447078768664973        83.099965671348016     
   79.854253116830975       -40.949196333532399        73.320991565603990     
   75.452397669496264       -35.600666538812035        65.243924568471016     
   63.027130003514948       -32.311470778703772        63.555914986870889     
   51.137990427750822       -31.156223254908852        66.004292333359075     
   40.571930330880235       -36.025032755128137        60.391811300052439     
   35.034562299577907       -45.210795679658503        62.123839384229356     
   27.943015959340812       -54.983972806731863        63.582714680784960     
   21.447298621391848       -72.603772094697092        69.337106341892564     
   20.660230434342054       -83.694753538372808        59.247515157627227     
   21.227441891036616       -83.075478495629483        43.402106417426339     
   21.639821116638892       -91.058869827993135        31.358305940801515     
   7.8947460062439649       -92.199503884667664        22.928915828033666     
  -2.8868442350680055       -83.053666614519543        15.130905267673809     
 -0.60137868452200260       -73.313430825858447        16.223433504656899     
   11.723719995102870       -75.681121424780670        16.545644559831217     
   25.789224325668457       -72.807607806241833        27.168058404147903     
   28.008036369343628       -62.839308560594858        36.363571936782705     
   35.085530704645151       -51.755326304269616        45.650276650374515     
   41.595207539428088       -48.743385557696882        56.798882231878260     
   47.754896574958813       -45.177740485426369        65.284846368215398     
   56.717367282521529       -40.761369465354896        70.237543039326056     
   62.358848826742552       -33.098378960203156        78.800205703641183     
