   57.841118022235520       -26.499545417474483        92.491650689416304     
   70.539321617626214       -21.895500003772248        94.517750728629636     
   80.219541396497561       -19.411333248997636        87.255349665951584     
   77.165035275486204       -24.072282083041010        74.663731496856599     
   72.777381933944511       -28.351897082212382        66.980619877337148     
   64.515710289853601       -24.874999503999234        58.055925672147154     
   53.008719234918033       -30.162314785922149        51.041377465838607     
   48.735301079155647       -36.859925572713813        56.360411256396134     
   44.218470572604815       -45.661376199441477        64.621233611241934     
   37.065127152602230       -56.247605211000177        69.504437019114945     
   32.373950465428351       -68.061469633953223        59.656608168381254     
   26.173891708524046       -76.967170399678622        51.052572462108422     
   23.862156368911887       -82.753299459252858        41.530409435857926     
   22.065250304026570       -85.497271955492238        28.367842524098087     
   18.818161575958690       -82.439849279793179        16.963146614861667     
   10.083509247791977       -75.819249875548707        10.360425636775481     
   12.894381246365965       -67.356680127854275        12.219096441904020     
   19.894710695878256       -63.204136492488622        16.223552248982646     
   24.588721106502391       -61.715018796710623        25.433000672423141     
   33.397292000893131       -59.681030931267998        37.244600117279496     
   38.560520345012563       -59.738035960220344        46.150378552662396     
   45.499663265980274       -51.327003472561742        55.351303720869808     
   51.718537599943524       -45.171193301378416        62.591305911535976     
   50.986550758784126       -38.029508835534550        71.034498225085969     
   53.992437391372796       -32.212453990959716        80.977272242051868     
