   52.061173290542570       -16.953645786417887        83.655310241535901     
   60.414628722102940       -14.936111895270123        96.899074327989013     
   72.733956533894599       -21.995651960659654        95.223811324903608     
   77.471168511184544       -23.997470615791865        82.230477145066516     
   73.678464724925092       -23.643710926554665        71.982025309756906     
   63.871755691120889       -24.929500827909933        62.502583729745758     
   53.715022293681500       -27.529421342124778        58.284700567314530     
   44.514034900190893       -38.951580780507015        59.610984096629544     
   33.551128510601792       -46.175664488659805        57.180574501584260     
   22.980296524234955       -57.138504334528768        58.224749004670571     
   13.982531769491134       -66.405620767039622        55.777727396517335     
   17.107019233749089       -71.790621713189168        46.141686063080854     
   17.759656596158536       -84.043784572869995        37.201083870533722     
   12.749690326096763       -86.363120476159622        23.090423240985171     
   13.436840889645506       -86.984183684190398        10.940921562304103     
   5.6006472887193803       -79.103308671303566       0.59323287217114729     
   3.8902145620094997       -72.302429327547941        9.7112415723931438     
   9.7140827436623365       -74.289746543468723        25.049727319594023     
   16.095354039629804       -69.620409677176539        32.101427181878080     
   24.734559915796275       -67.685991809965316        38.358077919251841     
   32.462894275860272       -59.361732864203610        47.882943507882906     
   35.229810037376062       -53.762686777661656        59.582948160502866     
   38.344454924202438       -46.324250513403882        62.920351939885542     
   40.205220351009253       -35.453587686870065        71.367572729000727     
   43.927360346833311       -26.914185483861914        77.925528069024651     
