   60.527874673752535       -27.487608741914514        84.741132279710925     
   69.002030825336973       -23.990171971991209        95.057831524424984     
   79.759002345939365       -21.550076077529837        89.601681062720019     
   81.950256645459390       -29.907341549042052        79.309838127792418     
   77.621749907497019       -29.917126957677215        71.315509278664052     
   69.090459449945712       -27.796110731080841        65.311981910473918     
   58.457239056723566       -27.120936622254753        63.126112167843530     
   49.340956526474315       -31.997780875674668        57.985061751972118     
   38.234631563701839       -39.356067575683689        59.391096440876012     
   26.754137662545055       -44.215982409744797        58.183229602240665     
   15.610135760472058       -55.233138166614907        52.266879620196981     
   15.691559856279927       -65.263451374118745        45.956688757678883     
   23.014682800739294       -74.723080919804602        37.749161089482165     
   33.055230262211090       -82.565446089337115        34.808412258180113     
   38.899947466242608       -74.586172148665810        27.336634861915229     
   37.825825720455342       -67.124543304784410        15.071412179933542     
   27.674444517201671       -67.647210457195740        9.8902976055343306     
   16.644289730124374       -70.860513452708389        18.406080120341375     
   20.559068101992832       -74.319908029622027        29.228581296250667     
   27.247498663340107       -74.530911124564824        40.270023825643989     
   31.944312706408326       -68.867140974244151        50.416733107720127     
   39.547732762922998       -61.361042294011554        58.777940763711321     
   45.771635775216190       -57.118751145079344        68.031241076690378     
   50.123497655349709       -45.908062279903419        69.843994240624923     
   52.092964179813407       -34.116571179093825        78.456906618137097     
