   59.509315561337871       -36.102627084103055        98.101348511151542     
   61.790788285410358       -27.901009158901580        105.75371143829970     
   71.416162494530155       -23.939020841729061        100.21582534913126     
   77.230516168684900       -26.059130354340176        87.264050334202608     
   80.491573150717727       -29.175480287522223        76.991640462564050     
   75.250117926156221       -35.189544183150133        64.725191978947450     
   63.664530738755268       -37.597001641632239        60.110875183924726     
   55.534016967567887       -44.224918418463645        56.765545627526528     
   44.986298833753608       -52.661277083916815        62.515377948780134     
   41.160674461601239       -64.906629878890328        65.750771863248403     
   30.836179667305498       -74.273153976004934        66.668465499318060     
   21.425131471868298       -77.964506179597734        58.126985309615321     
   22.276455150565983       -77.874879678703380        47.072940193588551     
   35.188597929286978       -81.255850538142809        38.058669330239944     
   35.955976575049590       -72.284264112614480        27.216827844806684     
   31.641110053371762       -64.129114724411764        19.159361450741418     
   23.755761472595260       -53.760252854622053        8.8236185058185512     
   17.240238745598475       -52.382098946171361        18.165394854458619     
   22.304390340111393       -58.851097854284326        25.465070038459903     
   29.844342494871750       -63.206168278892967        36.577817852016643     
   35.146995161123066       -69.825043735625854        46.742006074989369     
   45.473523411287871       -67.026948385788572        53.093985067350751     
   51.474890642263183       -59.185542101983891        66.097246961802611     
   54.180252679039491       -53.279255571238160        76.993576403787316     
   59.871184994898449       -45.969107171372571        87.396643166634746     
