   51.123430815822509       -36.290000109844627        96.303553714217443     
   56.845933012777458       -21.614952707599844        101.54052703457992     
   71.115382982243162       -18.258870122997500        94.162748297632660     
   72.193907180333085       -17.494828828411581        81.001751831436479     
   66.679350116352566       -14.077910336723575        69.950524892869723     
   56.372497829867342       -18.675773952975540        59.727637190064293     
   56.331475380470955       -31.309796543105346        54.173329403657128     
   52.661417591884607       -43.433668482955966        56.340842760980443     
   51.838224426785665       -51.312918299954816        65.899846500022107     
   39.293062991414210       -53.514532899090902        70.374240770763535     
   31.305874648310017       -63.906528633463296        62.407572491058616     
   31.395525177304531       -71.198919843399040        50.805168505783080     
   35.025014415703481       -78.011511040482176        41.284280204818238     
   35.143442583180551       -85.574213215669033        30.330238107507324     
   22.915507625731301       -87.952469937156394        20.439907698084262     
   10.577625783129912       -88.759060211123938        15.853064208880667     
   1.0340277920577008       -84.276904029228788        18.661596374397849     
   9.7905341167629487       -74.280348116270957        22.381009942161960     
   18.633236344774200       -66.462883295685771        27.331537349792644     
   31.828377791900913       -66.912492581905354        32.380409724782744     
   39.592576696570632       -67.954634097600945        40.172913068936907     
   48.224206213086958       -63.681423392751263        51.899012503238502     
   55.046718943693094       -56.731056790762288        64.388129086695912     
   55.733875787630282       -50.052981157210965        75.178896686207366     
   50.818878321796781       -47.285142316727075        86.474275904964585     
