   104.06304143330838        112.20879805275558       -138.72251250288227     
   99.454613241521216        106.96976206022430       -129.54799355462902     
   97.042093950355451        97.645114046935817       -123.04005314257255     
   94.420232549914004        89.666860077879974       -117.71545885984898     
   100.97582341700986        84.144161234844162       -113.16138076605095     
   104.60421080932488        74.972536031451710       -116.20820431282340     
   110.69916782538770        69.708839129008339       -116.19143326704649     
   118.45302890256595        68.627591489246399       -114.74046794509705     
   129.57480945947327        70.728797939836511       -113.42541301269191     
   136.31318569698183        75.601890110028876       -109.85065060298736     
   142.11397340288084        80.982665421819974       -104.20123843996682     
   140.07611643376762        86.629954900871809       -97.694307140137184     
   143.63508292903822        92.046416042886477       -91.896377635957307     
   144.54645301864568        101.86502758573462       -89.855905741908259     
   145.19901099355295        108.59718900857253       -87.671392928983536     
   151.65338596846277        115.37515434051288       -86.189022602195351     
   155.00396646804381        119.46559184097235       -94.112095983651088     
   154.18939204404774        119.97366154692496       -103.66391563448744     
   148.40955577471033        120.32158409091414       -110.46337760614168     
   142.63541796752310        118.21350914929040       -119.22001265656399     
   136.10045223740883        118.00215479723055       -126.27715097089926     
   126.76345482847793        115.17640004112896       -130.98470554087731     
   123.08614421948121        110.44917130501079       -140.21400878561883     
   125.25957802657022        108.53805139755637       -147.97434757752478     
   128.33514466508569        106.72967836338472       -157.26347554465690     
   137.43803192159314        103.30470377485743       -160.90601759283228     
   143.99161651627631        99.239007702223574       -167.92719505411623     
   145.78401112832520        91.552066104238307       -175.41018172120602     
   140.76735931682435        85.333705306836478       -177.37287343438604     
   132.76343925468223        78.570194368931396       -179.09647245331703     
   131.12817154638574        67.775286107078671       -182.79589898660512     
   131.95959021802085        57.167271322021513       -183.19151362557278     
   134.88091291395608        52.678335905277216       -190.56375501107192     
   142.20973752666941        48.552339034832478       -194.06197389869322     
   150.76098559180122        47.479298576876900       -198.19330662681276     
   157.44749900620852        41.723027952317096       -202.76796674792860     
   161.63875912148964        34.411300475200747       -202.21736702101504     
   157.84858039895562        24.943729422768481       -203.70175613551999     
   155.03897948232017        16.806656734244456       -205.48448551011532     
   149.03398397225328        12.353639899662621       -202.49111018772717     
   143.22196701379144        13.148936879882513       -194.85636274900051     
   140.08896276349353        8.3295417085610026       -184.91244044251141     
   135.16335729017905        6.1747695405102725       -175.55382106129639     
   130.34075382433539        12.541063063975308       -164.87142532288931     
   125.88140239062542        16.794528266119180       -158.06104345949581     
   123.68062193240704        23.932180689768995       -151.36161510615435     
   124.04913414201121        32.817886477767026       -152.69137073133467     
   124.38827555441623        40.522013401129676       -157.28730727192684     
   126.70927384634710        43.465758999170092       -166.95660184543550     
   126.39594364841140        49.015638301401381       -174.91908616406343     
   125.46134774683263        49.969640657626137       -184.74389953926425     
   119.12298502826266        48.675247419515628       -192.12761260111307     
   111.46209686569311        49.221411249131130       -202.14885950346257     
   107.17788984381446        51.162044695798528       -210.38188526210362     
   105.05673353483898        52.133743197570830       -220.69414734802007     
   104.77940725425084        53.161168809898754       -228.81984493563223     
   108.61493515478455        53.235723725484483       -238.96238119836420     
   112.55130168306309        53.827305280863236       -247.46319875324215     
   113.54960831836105        52.147824409710658       -257.62847561429305     
   112.37932182911861        44.060914010818955       -263.11134031193848     
   111.43238055964781        33.437148064340157       -263.65114372611544     
   107.68309784216216        24.724237859738103       -267.96986707348424     
   105.93841904276420        14.113974670518402       -269.65808584120521     
   100.47640174331400        6.8564863888884915       -270.16156251103888     
   94.140201573202916       0.89662171433660376       -270.88036320421480     
   83.562078609169220       -1.1500440396798908       -272.96080861718752     
   75.625358696932750       -3.1896799957608977       -265.27331724383731     
   68.685220475452923       -4.5583497915879718       -259.86390043977053     
   61.120553708669370       -9.4920773817551183       -259.38949166956212     
   53.725908393516612       -12.135240082330812       -259.01967604188445     
   46.989957002902820       -16.542937747679616       -255.57909036985288     
   53.936932833088001       -21.353211262004997       -249.05702879678998     
   57.607853393594525       -21.007915691102468       -240.52173259316686     
   62.218972413871057       -14.728965954157577       -235.04621281340090     
   63.203319859534304       -7.2741815061447612       -228.13133236609474     
   64.055743540123885       -2.4734695463237388       -218.75835331475375     
   63.626013112100161        5.3922036605405124       -215.32785481928673     
   59.574751014372211        15.329727645820473       -213.73609949900043     
   55.089695035290958        24.931022073508398       -211.53524272373886     
   56.010883242916123        31.100294117046197       -204.91630477302300     
   51.725085024756972        39.813070711330433       -201.99226365948766     
   53.530614871196249        46.383561357548572       -196.56604844943337     
   54.344582625685049        48.995780961951375       -188.18983473425624     
   52.756962977280253        53.516244833793074       -180.26654168876283     
   50.070048665660508        53.970067529607171       -170.16537305014623     
   53.786438088005461        55.370167403978876       -158.77594308859182     
   56.092505995036433        54.724656266069708       -152.68011574507904     
   61.681279059884098        48.159507502784130       -147.62981485761432     
   70.701435662527516        41.628099593338675       -142.78799235348390     
   78.844410231727622        45.144977949518029       -135.65980514783638     
   81.286048554100077        49.460835886877028       -128.70241166254522     
   88.193178440072316        59.480829512063487       -126.77980015330400     
   94.114989556625673        66.145124964443085       -130.72067162208836     
   98.618532573062268        73.526119531447947       -134.55895990312439     
   104.36811014563412        79.517653371964911       -136.15694947389923     
   109.96700956660699        85.335886387811485       -141.35042193097362     
   115.30639699599892        92.179581136546176       -145.97441787930799     
   114.91433239985491        102.93388250295148       -148.70441917394911     
   110.81872504158063        111.01892224227613       -150.50727671323500     
   109.47809033981090        118.16606026059746       -143.72837893808369     
