   48.056147974627962       -30.102781238865905        92.574489014165863     
   55.338757362148307       -22.344992104794599        93.212799294995676     
   59.461757629975793       -14.076256017168875        87.595810050404666     
   62.474319183867145       -11.745587390415885        74.109990071852991     
   64.237598726610827       -20.091870716775674        61.348100803387382     
   55.678843259279056       -23.759142943875673        51.890941450788091     
   48.956027134405296       -34.995145413277122        48.084506849235552     
   45.154113833289024       -43.595667222683012        52.156585955749016     
   43.767647669946534       -51.560077990831459        56.863290468419137     
   37.703618645949597       -65.097659235165125        55.465676962702837     
   33.923151850719201       -69.386470497756505        42.671932737406308     
   38.781576359024186       -72.749940430429007        32.686206491036884     
   42.140979199066734       -71.346894896162908        22.826411281670740     
   44.766045589088868       -68.456783414291039        11.969199819481222     
   34.826064071706661       -65.395330761721823        3.9403196275762262     
   22.331495329393018       -68.671337517406258       -2.9424985687413026     
   9.9620954684952512       -72.838591189047904        7.2683041218172981     
   13.630835197340700       -70.874800486191035        17.449944663431467     
   25.529102438490256       -62.551224074250321        23.386435569445837     
   28.767203755983680       -62.775577623262301        34.101630192200524     
   39.289628376197157       -62.477523577921616        45.410205426563778     
   46.104582696120893       -55.978897951799794        57.795307790178818     
   49.629857900075841       -50.047735267188685        70.071751248123746     
   43.964036985915115       -43.938712918892719        80.189379162225322     
   46.556700466557452       -41.611465635882723        88.080208052800316     
