   40.505749706285599       -24.435977183018046        92.409868163025166     
   46.471358316664393       -15.358407008747113        89.288140367701033     
   52.755466266535841       -7.0523185815394269        78.362479810802384     
   61.338136523945352       -9.9870243298324830        64.310386894788991     
   65.141156135082895       -17.514403267230279        53.640930083072554     
   62.587078863134771       -30.791992065629707        47.326313189039496     
   54.383352397655308       -39.376996792864766        39.345944020895530     
   40.948620472354989       -41.181486481584528        39.020090611223971     
   27.585827480862534       -40.929967448195811        42.427164962183461     
   23.491558460843873       -52.988639117575381        42.778351952917347     
   20.648105109951256       -63.297319807179925        42.690755418525121     
   24.073695713936111       -71.171181544759619        33.234412988894810     
   20.789498307416032       -75.453115334132235        21.510535675174975     
   19.623976941965495       -77.161194695013265        9.6789795239964818     
   19.933891721933183       -67.187630476087179        5.3695976254170210     
   13.811577901395991       -55.445731747335330        4.4087136746496389     
   7.9927405990120599       -48.940552625938750        15.698538232710522     
   8.4599751168334762       -57.970813105073397        28.607244671997400     
   17.524648129808913       -64.982809307032369        25.568746413355161     
   26.698405475238886       -64.054389534631127        29.210822608693881     
   33.778441589315094       -55.990344317796300        36.190038503088658     
   35.091426513631056       -48.657958794127460        47.115124361226648     
   34.682036050436380       -40.244063242510094        58.079813640822977     
   33.009034768663803       -32.401496373695259        67.716772780238742     
   33.937992948797323       -29.250388294482217        82.436187136810034     
