   40.297206048239794       -25.381148987695202        87.531351559297008     
   47.161979489548209       -16.591504860916835        82.248943718705490     
   57.127271544906442       -9.0705129379345735        68.173806520401968     
   65.001554898937783       -13.032965927652510        57.791173833671216     
   68.056540485772985       -27.325082496520160        56.802857884981648     
   61.135742695862596       -37.448834518658728        51.009829153992662     
   51.266999381562414       -40.856788009791622        40.368687927760682     
   44.161321669630745       -32.600482015096709        35.845076218266868     
   32.700610745446539       -33.294088257941183        36.338516926852513     
   29.002960997721846       -45.853701414229917        38.504730541376581     
   35.495239843876931       -57.238395828768702        38.451480355856987     
   37.446298868086735       -66.130087228590511        29.289852160941734     
   38.996883470134698       -67.777469025891335        16.576042542178477     
   43.024826769846428       -64.923686631879534        5.4877636816086675     
   39.280730533421711       -51.647132402871840        4.9636765112935652     
   36.943655694122050       -42.321614462053859        9.8451157498878672     
   22.237018079341610       -39.799802447646165        20.488477604012193     
   13.617347837608559       -46.532082346998216        21.116867588077572     
   17.684125333643362       -58.479865843714677        26.498725410812160     
   29.966271207597650       -58.665185210773039        33.625649842041454     
   33.846926724829075       -47.555453152844784        36.025932138223105     
   36.341025922903498       -40.061800938654940        47.634807461588210     
   29.297054688054839       -30.159133711729378        52.082642261242754     
   30.355059982996455       -34.547337530820712        66.437318589586781     
   37.762353038975789       -36.840620589028134        79.377098435125518     
