   22.081231498477795        5.1784346102716574        51.124835698185990     
   30.186051491490971        12.894938445257878        52.321748952590404     
   43.289836067571919        11.218791165707387        57.316692181236249     
   57.714948765132753        7.6721543293057568        56.109259173534177     
   70.763132304484344        1.5525554849055929        43.984216674754350     
   73.980853672481373       -4.0702477779035799        31.269949350739978     
   63.342432594471688       -11.621843419049581        25.508513485679750     
   53.673667280138751       -21.325638780373577        27.823475948159146     
   40.357697575242689       -23.260011814613993        23.709488842584939     
   34.492255388375057       -36.447563630837479        19.419949962893707     
   24.423203831997544       -45.972741621806477        16.356845613089725     
   15.571008220268181       -56.178276729487365        19.081534855284211     
   8.1002340652204587       -65.102170202869843        15.486874864403948     
   17.238991787987999       -75.493685226535789        8.2605857157547984     
   21.011849751790699       -78.687979321956178       -1.2274285882670992     
   19.173048601022803       -71.869679798742283       -12.382261917789403     
   13.732194709067926       -60.111614589589060       -7.6779104775066287     
   14.422349954838351       -50.907963562749615       -1.0900476336061453     
   22.474238578305052       -50.338462193398023        10.717123981120203     
   29.997499393807921       -55.710909346480477        20.271071913594355     
   33.783820812766571       -49.620419110348045        32.832051579855786     
   38.965759076247124       -37.413584022909710        36.368622482458363     
   32.354200494152870       -27.574793175681886        41.988631609058636     
   24.902208577755175       -17.681714381916567        45.164041627256722     
   17.952060175218538       -4.8036068385545754        46.462006132151103     
