   30.368810627982782      -0.73734038450303541        57.565513048440003     
   38.620618518308873        2.8752129641674946        60.488099352545824     
   51.491735820156286      -0.31198963685705494        62.883661967439309     
   57.161848843584565       0.41528601232259965        53.293618620520220     
   62.754986419885938        2.5845139826103676        45.458372639387584     
   71.791439278424477       -4.1953796866346940        38.703919181842942     
   70.565729128083305       -10.387921068953665        27.109464139778911     
   65.330138911564134       -18.243900694710298        21.232314764315493     
   58.365670427369828       -23.897364780023725        21.969101787808683     
   47.743377353924814       -32.407935356696527        23.899087940137974     
   39.261491086311374       -42.823828945794418        23.818488516567172     
   30.526097305802878       -51.155816444659351        23.457907420144792     
   30.211743012345789       -61.214898391110395        25.585179581899510     
   23.147477786827764       -71.905323548376288        27.296370556982211     
   11.283724927440979       -70.170585670322794        28.101336354941608     
   2.8325735383480204       -61.884155104007874        30.831556513176615     
   1.8029019579495722       -51.567043338293971        27.900434397733491     
   6.7061349227403060       -41.986823822234477        18.846778227103933     
   16.057728986615682       -48.924971371561078        17.198655244966719     
   30.093066367424292       -51.581971274724239        19.560479408621450     
   40.494226803265278       -47.382793113199007        23.863593313613610     
   39.769864869668091       -39.142866024323148        31.579491481979026     
   34.479084166294143       -32.418149647434575        41.588532543978346     
   31.170853144539947       -22.788188955889737        46.994985601082959     
   25.331634864987240       -14.096896544398051        53.467423643293117     
