   35.043102474441348       -11.258744927789960        57.458791909532273     
   49.531450281206176       -12.238376849867977        60.910719012628320     
   62.298446390199075       -11.815848772530751        67.535789359756805     
   74.569364635806878       -3.5386497947882853        68.378838175973300     
   74.366814933021047      -0.55765743553350244        55.346081657308872     
   76.104646526195808       -3.8861734668534997        47.472882358529105     
   73.292653743373236       -1.1675747133084768        36.205030027714422     
   66.488427343479785       -5.9109256494241489        26.653978880854993     
   54.087250650573054       -8.9470967296924897        28.292363831996770     
   43.898376249830832       -17.245910155608385        27.597592344559825     
   34.791836253290946       -26.347882832930953        22.651611295981294     
   29.962208775636444       -33.529773489506198        15.136897803170189     
   31.801292778161720       -46.540051711744844        9.4121375309806474     
   25.670937308571101       -56.031952117698154        3.2718301545469877     
   15.169337402748097       -58.111950017931854       -2.4371213197179995     
   3.6723277166084443       -55.401674458772817       -4.1242850559113409     
  -2.4174200298135049       -42.569897717543313       -1.7446487213015334     
   5.4360307773808074       -36.134489377871539       -2.3866427597391677     
   20.487272362177691       -39.149425527810642       -3.0171252480029693     
   32.882250208481558       -37.169355256049769        5.6927318763832844     
   44.062060673342089       -35.738257480460511        16.794804426009811     
   34.696204694315881       -26.636011246184502        26.776226760769738     
   24.726768543672069       -18.314025247605318        32.170723087170551     
   25.195712985186770       -6.1699432833215866        39.869985849526770     
   26.810677166557806       -6.8775877338348970        49.339942848841737     
