   44.968363351705449       -12.638917347182769        56.480866878635013     
   55.010221829356425       -7.5556002501511745        56.731414002601113     
   66.379513665968730       -1.7012604068019170        60.848901123217864     
   75.133200275978979        9.6228997169630688        60.174883546476565     
   73.377979678183763        4.8287945674956925        52.425491280640685     
   62.192632596534807        1.2258412624012940        42.382724097882850     
   60.460694425465704       0.81602813131806984        30.900819324309893     
   64.279292164600733       -6.5432904057780688        21.572043977058517     
   60.960166576680813       -18.106916654160514        20.141956332456996     
   48.660659765770511       -24.294234226592774        19.664151303822837     
   35.685595598788403       -26.730433189650270        18.075367236000471     
   30.703553032604553       -39.486517617328722        16.564610570121832     
   25.861466477210286       -48.252299426968349        17.573645290570123     
   12.026396588797731       -49.234147487809992        15.713164728688643     
  -3.3648840567816363E-002  -50.869264264335861        5.4087702285587591     
  -5.0485201448936836       -46.892207958576464       -6.9382529464298281     
  -1.1520070545230896       -40.521349154144460       -15.308482894849368     
   11.426337330765673       -38.811977609464790       -15.417883294340053     
   23.462485077589523       -40.861625414872854       -9.4183998411016638     
   29.863742218226605       -40.993201698812136        1.4957427420304574     
   36.094798776139314       -45.568644326915312        10.750872243886306     
   32.833251037102244       -35.473070008233115        23.128420748621195     
   28.161453941007927       -34.149255124603044        34.352413635870988     
   26.115245107137554       -27.034889165044806        47.230321901046111     
   33.827900218022819       -17.421557204312236        54.291771953246027     
