   40.639248743268084       -27.488212320239949        60.822051508777022     
   46.939052976174523       -19.231532249585072        61.526812943726725     
   54.684150461550971       -11.345054962996800        67.713605067463760     
   60.288067454336257       -1.6373534763474082        62.560605891784384     
   58.397951006198227        3.3246926904305489        50.376751708087319     
   56.417581796552035       0.59725151854475445        39.252615921120544     
   55.842042146850197        2.6012231280803775        25.877477619331088     
   49.571602136728039       0.14770399497710551        15.490858756629786     
   44.156748996060408       -6.2202917462866623        6.0378374268837147     
   33.918549551356008       -18.309650393502672        5.0924754967667960     
   35.014877136120717       -30.316559496015245        6.5141692404860185     
   30.157825386636169       -41.731947512253932        11.420058860781525     
   20.412695967822867       -53.647374917644704        5.9272762123348040     
   10.080557061634581       -57.969832435037929        8.8256138838104903     
  -3.6980047710242991       -53.727845926468952        9.8388375546989728     
  -11.776175524366669       -44.598083413209068        2.8252374531193514     
  -6.6752906558463589       -33.808939452914075       -6.5929416509759502     
   5.2472076961956944       -30.004545774578428       -7.7624176506683735     
   17.808491509656054       -29.949044750529481       -3.6084123046000465     
   27.781469411975518       -31.623008219231025       0.33125304447754367     
   39.871796683997559       -33.952041530652529        7.8593673192321667     
   39.184345167530843       -29.207033660565706        22.137593451783388     
   30.002645710264261       -30.266006847814822        32.950197812588414     
   30.479919168381919       -36.457049452052487        44.815641707182884     
   29.993118419399220       -38.429160371287139        56.667490325611794     
