   33.454184368919755       -26.721967422266996        53.907934378368005     
   37.261063547646501       -16.047284850534609        60.921747358213871     
   44.441744844544694       -15.196370212291516        70.551748775697462     
   52.862835067718706       -17.159424166951922        65.802837108727374     
   57.808599599671830       -18.226187344054420        55.350117499595527     
   50.684181810336916       -16.863753395615674        44.078480053124437     
   39.079221869220412       -13.064127586545958        30.500724855969484     
   35.536220619979439       -6.1165930277251865        19.454792893333376     
   29.001099766241193       -5.1755140203812067        9.6216141989279365     
   27.001636226086042       -16.114120918111304        7.0771157059889092     
   30.959065557996261       -26.881365134493524        4.1053982522888175     
   32.000141878193539       -35.080435893321528        19.954769406184795     
   29.904988076558752       -30.247224618808989        29.666498067862413     
   25.233532174643248       -21.654487164771428        28.379253054817994     
   15.742356517998919       -14.033767198096417        20.080816612909157     
   8.9120152366736942       -10.908174179420074        10.291986499575891     
   13.739959908414127       -10.170527274469869       -2.7005110849621827     
   17.466783866984095       -22.432998464593240       -9.7094525734759340     
   28.885668306029736       -27.360144519728404       -11.803377909943483     
   34.118541060224949       -32.446900873098379       -5.3125862175959560     
   36.987063806324294       -39.739410072518723        3.2207782198845862     
   37.061320189092918       -42.327708219602734        16.483326370133319     
   44.768832545157686       -35.969500548715644        26.074499934892906     
   39.360723125594738       -36.085512771283028        36.079889999629600     
   29.933236582827515       -35.563685152208734        47.936772687411008     
