  -35.217831887096594       -71.617244703334990        218.97683970964442     
  -27.971630045174525       -66.287172152152081        225.21987741124101     
  -22.150145119012585       -65.754587558109932        230.80299104941119     
  -16.054103012769186       -70.045278782604925        237.14722616039117     
  -9.3607365628541412       -77.437698886580208        240.23643236011264     
  -5.0869628462409020       -84.326646015628086        242.75432626881727     
  -1.2550495682380478       -93.702480005514616        241.04833087849676     
   5.8189120988415031       -99.095965697395030        243.22193420411364     
   14.083152695359823       -100.99036178500337        243.24779903590235     
   25.497976422143356       -99.895506490478596        244.87736918113799     
   32.242328808398696       -98.335747292067495        240.12750640916431     
   39.068309521845215       -96.017742265552926        236.73306594374461     
   42.178004221774202       -88.702221569571634        232.09947387301128     
   44.558863317153637       -78.372319063333322        228.46082077175967     
   53.460281016833818       -76.268101547552135        227.07224402865543     
   61.874471850549483       -72.765243737737677        222.87419436307457     
   68.066184185351247       -65.154614200133324        215.49545879284574     
   69.326150563585927       -61.138066656766448        207.39699752299882     
   64.880009251059676       -53.788949388317903        199.12175005391438     
   63.047104647685480       -50.647321490714539        190.04290708371084     
   56.602101301742522       -48.619325834010240        182.96908508812078     
   54.855558688784598       -41.223790098358521        174.36103958842088     
   55.526069191613608       -38.635761631830107        163.99549991407559     
   53.101129563810268       -40.387097923732654        152.91013212838149     
   47.980214710017940       -44.947897514009810        150.55422627556331     
   37.467248715508660       -51.884473070685814        149.66683329137814     
   32.025371207229817       -48.375991174601523        158.63901254557226     
   31.423876146094880       -40.696357691286046        167.55641800812515     
   31.595727941981814       -34.287710931890416        174.59261211935416     
   28.513694414402668       -24.430170257585001        179.75908787230517     
   23.929459263466807       -18.663607383413677        185.75395558849897     
   22.696615641474491       -10.333354159656478        191.52441472586503     
   20.437321857030504       -9.1786067534017377        202.51588180948690     
   16.953797788456448       -8.2252100312331677        210.03745526723878     
   9.5588248303448040       -1.6867387821220774        213.96643949402349     
   2.8610071594887287       -1.7471527002307994        220.83253288657662     
  -3.7005980386813029        2.6060231942226570        222.48673757044668     
  -12.217979618199021        10.292642783859819        227.27677961579315     
  -19.343665810144341        14.583185996201252        231.59231269156237     
  -23.238207650924277        18.921226848362679        236.11055417111896     
  -25.086879696620993        26.193454420249143        243.79352992419439     
  -29.307528911075106        34.365166949640809        245.06036907147626     
  -32.471944352696539        43.331668250189594        242.97300038169050     
  -31.907133410924200        49.389628142220168        232.52199989151165     
  -28.844757128525373        48.099312927625242        223.09964529122453     
  -25.601447062230363        48.038730136314854        214.47085825317134     
  -20.729510877070553        50.878831053236894        204.86535520821764     
  -14.435498863199236        51.049302743759064        201.85538092757611     
  -9.7115360068779424        57.657812463195519        194.49191816089524     
  -14.736299526473069        63.486637404134655        191.48626714078884     
  -21.998908221910220        66.633404182115072        189.19582610179739     
  -30.754542408490646        70.048091734857678        191.60520643533573     
  -38.383351248216897        72.643236133344544        188.69961637648089     
  -40.995535127285947        78.106666766412985        182.17315720510248     
  -37.383289284877407        83.414582042263689        173.25920717693259     
  -32.099385108342474        87.113018184395841        166.71636124769537     
  -24.549983384456283        87.341099094959574        157.72693959821248     
  -23.030470292718405        84.954694823047660        150.83419946673354     
  -24.702911071111693        77.547318561784280        143.01163083595202     
  -28.417044715556404        70.870868914522447        137.17586924124626     
  -31.316122404780668        61.197724839591970        132.75244584631091     
  -39.419213536581786        55.116980510888403        127.33484344134989     
  -44.276569629665545        46.419801241212205        123.57066452071383     
  -41.975253255470356        37.911397711410260        124.51784219910061     
  -34.513515476095279        33.098985426275618        125.64201494734704     
  -28.635204760493714        28.627629651130128        131.96342074831392     
  -26.192960086378218        25.227942055609194        143.36464105182228     
  -27.021810244052958        25.322336827208190        154.25496562091357     
  -31.857362995469064        24.201214363217996        163.92806785106086     
  -35.563278179309691        21.264173660902063        171.68689269193979     
  -32.034558354932145        18.286999105940215        181.49727908722446     
  -26.627497556956204        18.012923144839508        190.20300777210068     
  -18.637300824178201        14.566363835199429        196.06634211255692     
  -15.054793093552197        7.9205896713115465        202.59954974240534     
  -17.158658421931062       0.54693758659911385        207.80591608946796     
  -19.264735026024798       -6.2715730339903644        209.89289623526759     
  -25.663301635056325       -13.830418415289154        213.03320194991463     
  -25.436386822014590       -22.735290794413004        211.92165164368919     
  -18.919956279869339       -30.506061791170051        211.77304561482737     
  -18.762934739882418       -37.201648408416553        204.17196134736037     
  -18.368255584769820       -39.460683619332087        193.60758219825263     
  -17.554362039623893       -42.712862883812058        183.70573707814646     
  -16.044864352933537       -46.576082662017953        175.50438087120571     
  -18.947878260744140       -52.547080604893871        170.27329939054917     
  -24.342707422358512       -55.650259002177656        164.38331045257928     
  -30.590281845967258       -62.125816022376512        161.29573436103249     
  -34.061071974980628       -71.102408616751418        159.22106864664647     
  -35.034491934991550       -78.935357949153996        153.96958360676007     
  -29.823427726373552       -85.129228883202614        150.21271893155807     
  -22.783908371498278       -82.875741861872285        153.80141445092255     
  -23.228941562113107       -80.512249000898180        161.35239253624857     
  -29.719818365278787       -76.927281466522416        163.65706962374620     
  -38.907002986575094       -77.756391278504196        164.63829549674989     
  -47.316849043937523       -82.579280626001690        170.50156790564449     
  -51.605446109197473       -83.754685850488869        179.67571818805359     
  -53.119875582430645       -88.136467531191315        185.38209751873211     
  -50.062720124029951       -93.488914565447871        192.88270060125618     
  -46.113107729587242       -93.554833094163939        201.27024865561239     
  -42.555354214285089       -84.981286278791885        209.26618375462363     
  -38.993037520405785       -79.754126214227227        215.63002970218858     
