   24.652305842153257        75.007222239840075       -85.763761915964253     
   23.338956612038317        65.999128323606030       -81.974140658943412     
   32.177691706241220        54.886538932928332       -83.052252057143349     
   31.189079361635407        41.605397741217899       -82.541030283806407     
   21.345471912405614        31.322235841557905       -81.965986923270364     
   12.592543941162484        27.850216081317736       -78.550671180463837     
  0.91940477872783610        25.412485310900486       -70.277676130397012     
  -9.8514027262424975E-002   33.423736947859020       -58.224318426938282     
   4.4320634790630358        44.321328417890022       -50.464052552789326     
   6.4927762510522022        53.495704851070492       -40.168552383539037     
  0.44733543247563112        45.570162082532285       -37.343025415086245     
   1.0606254736012843E-002   35.456601590371783       -36.835556266981840     
  0.40340556258157267        23.543645867122670       -44.090840151827166     
   5.2390601592496227        25.736563971634983       -59.868421572525065     
   15.082267305906180        32.031237665359143       -63.246097754714810     
   20.881904379542515        35.881444748973209       -73.953061706502680     
   21.085714433543327        44.465394852910173       -87.373467032317208     
   22.585147830596895        50.211701160755474       -101.32548729976924     
   25.671894889347584        55.958127512305147       -108.94171085086299     
   33.491887692727389        59.317010812621639       -121.12251923873514     
   32.696892436347738        67.785059644916487       -124.87581764883679     
   29.935731797512190        77.687576405561416       -127.12028273135593     
   26.267142452525054        82.356423077933158       -117.29532000943755     
   23.880516373927186        86.101115697663630       -105.32811623259981     
   24.186127648984211        82.603807564195691       -92.819514152779320     
