   34.512910910566568        64.752078881442614       -87.732200473279306     
   31.957990704911737        51.380000975810027       -88.646310176436188     
   23.529017470848729        40.837078760866532       -87.093689664620797     
   21.104465758211628        31.170904875037227       -92.701569496659246     
   11.166988549790579        26.857781617660891       -87.966363279743589     
   4.6589077588351584        26.606765864087556       -80.950294864551310     
  -3.7282719283363193        31.095381894399548       -69.651342538178980     
  -7.6176721424192229        40.736183815174833       -63.285626100629862     
  -7.5888339673102445        53.133275620720767       -58.980040006276873     
  -7.2913210685300180        61.379220473171500       -49.079077869454423     
  -8.5895085540847909        50.370937094769808       -44.108667078434571     
  -2.7564842221507959        40.085560563838328       -43.234052412249419     
   5.1336953516269386        35.674130494486356       -44.117442534675931     
   10.780994081820708        30.945373436312696       -57.350260168680890     
   13.955247182633229        35.748839786096070       -66.582044556339085     
   18.092830002362309        37.691589165131042       -78.890937374213991     
   18.008994050231287        41.782677130777273       -91.473026057105031     
   22.040655909649089        43.803910704030528       -102.33762201630140     
   32.706733100918086        47.760556512779317       -110.38001791880696     
   42.105752302650636        52.041781779623243       -120.72726435717597     
   43.729554274527288        61.502885125382086       -123.94904843636559     
   50.923664328507229        73.425914337222579       -128.86199498691295     
   57.552714909926863        77.415829705200480       -121.98028169481167     
   51.363507682163338        78.186679101583948       -108.63498578066469     
   42.587933080785056        74.655568700001496       -100.20022867210778     
