   23.930161722590945        73.225528142793365       -86.902298278979188     
   22.323853220966051        59.514009300918836       -80.285995335071476     
   21.033931291890195        49.212846174103646       -85.436842544011881     
   16.272508024864688        36.952897003776371       -87.907092961278209     
   2.3162922785331768        38.940241553111640       -93.711741865904770     
  -8.8702407717540304        35.626575732046803       -85.363768501964572     
  -13.246544243663662        33.924394126125485       -72.942600081692675     
  -10.922392761997768        40.578810714395090       -61.258529694807940     
  -13.993648303951460        51.198942416627531       -54.731649835119732     
  -16.905257117487711        61.958979994090512       -43.101449334006389     
  -21.362141662356724        52.720270827030717       -32.336758554954031     
  -24.538781834923004        45.300651861422928       -42.076073548375852     
  -18.235166187027570        39.074986369026981       -48.546272429695023     
  -8.8298680995557302        40.891124122724612       -57.871353399896151     
   2.7827099740049750        45.676750485583696       -67.933408930715444     
   11.881445599375308        43.217839181527822       -84.892914191750037     
   14.166537715985692        37.711459626280131       -97.727148997412229     
   22.678511559700379        45.286927254709042       -107.96253461083668     
   31.408024595927586        48.810900380885030       -119.47054676844330     
   41.885426632234157        52.590879813906547       -124.10886413156612     
   49.654603017344975        61.791001349560148       -124.88135560175738     
   56.346531643515334        67.559260452336119       -115.07835168356172     
   48.852252902744624        69.645095476861925       -105.65485334520791     
   37.152868993692550        73.023531862063862       -105.34648176862495     
   25.552228554584328        79.373891276605931       -99.636632469635146     
