   34.006100583497215        69.983526416657313       -96.807979546296224     
   35.267339943096061        57.589075369486174       -90.419639186649050     
   35.208961690256736        44.947787049827980       -86.604245649887901     
   28.313090365333863        29.997350916820515       -89.303459377633104     
   19.414051784858490        22.406233433531472       -80.168563185808310     
   7.0891727423994739        22.661273895079493       -71.685912705778605     
   1.4085528305085668        31.172044518007247       -61.414792732656409     
  -1.1904792521776477        43.472607323587347       -60.228293583663131     
  -4.9260592335259084        57.251482420022072       -61.009378035632452     
  -14.466225203551405        62.698558247193482       -66.658565120371108     
  -22.516074160381624        54.274018531547839       -66.523146774138226     
  -24.339632529733681        43.133303384469087       -58.278639135132977     
  -19.776226455321037        40.679585253984030       -53.819035444176862     
  -5.0155737187202876        37.394156763931178       -51.593337905589621     
   3.3465610613076771        31.812406816485662       -61.247289197932140     
   9.1056887985645290        25.777261806565690       -77.874132392419440     
   20.909991402122554        28.663680497464192       -84.633516599903146     
   30.604084040842423        33.102541969075403       -94.654500423427962     
   38.532833975598642        37.509594447160310       -101.67556940665578     
   43.683187048062862        42.994377195772714       -111.77807349160960     
   52.756440173247952        50.037621077691085       -118.84947407872815     
   57.061921315980534        63.847382657269527       -124.09139353234687     
   52.950980831596794        79.147914011813810       -124.00989970901108     
   45.721411622688940        82.515400937853599       -116.70306490386628     
   39.051668542887050        78.581480296576927       -103.93410973756097     
