   28.507648338921893        70.152859484455334       -105.99616645933099     
   28.012769780534875        59.450239099616525       -98.426923003529041     
   26.880715252467574        46.247683203253786       -90.940475799852564     
   24.645451461632973        38.505217554943961       -87.378645285389098     
   15.702753706919779        38.675292447300627       -94.165593033476341     
   4.8695450581943742        42.724313419168688       -95.870655196276715     
  -4.2398217247830390        53.974888726126274       -84.835074156484239     
  -1.2169943680424318        62.718494077246575       -76.306487758354592     
  -6.3690936704425178        74.349591595707992       -72.391620402077393     
  -16.105800509144871        79.538984106906952       -63.851423405488283     
  -22.244772090661712        69.870756757315760       -67.495230505362159     
  -14.981520833514637        60.196794128310998       -71.675255322253989     
  -6.4427078536254667        50.991132229771402       -72.218423174609214     
  -1.8297460233944609        44.788368722638793       -77.382796656315250     
   5.8465716854852445        41.478914667471358       -85.419821398577227     
   9.9270705435148994        45.792472616869105       -97.283635299802228     
   15.746919787200435        49.490530319062799       -106.52588282143111     
   16.700661960508647        51.771843848769059       -120.17636856634557     
   17.843488062711550        59.248984538905113       -128.13289766024968     
   18.728080775329410        62.159479994328748       -136.88372276794385     
   22.908595015032247        69.556867765021806       -147.06495658570634     
   34.055636219746461        75.058295299381669       -151.60564529196094     
   42.993214797423981        73.553822805542438       -138.95288102994013     
   43.436968685317630        79.437190783054277       -126.58329925645494     
   37.271708880842375        75.469365058944675       -115.48169243158665     
