   25.720770949585223        77.308805612457519       -114.27520585815783     
   22.319664298510581        68.618656142167993       -107.51630999412416     
   21.260152678201710        57.479332902820630       -101.22328197743269     
   19.955526822064041        44.897998095746445       -103.84725548656952     
   6.3815428169683797        37.123525079551534       -108.47792699532205     
  -7.1291863151884094        35.627332195826732       -104.14597240835829     
  -8.6589791692602915        45.946895993519320       -97.698155254108940     
  -7.0984279875928600        53.470004714445452       -87.044737864162656     
  -7.0729289439951986        55.387123949731837       -75.730018534445790     
  -8.1719058084629719        55.751999067266190       -63.005618651937077     
  -15.414086678263574        57.103794225152043       -69.143111344509606     
  -22.423431772765859        53.812082886239466       -77.478903755832434     
  -26.328653912930989        43.790755384316952       -84.654590669487803     
  -16.071798932915190        39.130695572428124       -86.821906014516529     
  -6.8508785499341780        39.820779288001091       -91.679121801707055     
   2.9386721324618645        42.214148428064114       -97.871355274227568     
   3.0600316887978463        47.628090734742862       -108.46725966445058     
   6.4917680054408393        55.896842404069318       -117.00891933196733     
   15.711199803824531        62.015924878362682       -125.31195410096825     
   19.610975043155506        63.103470359646550       -140.26954656349756     
   21.077272911986622        74.083041869651780       -145.85992604209281     
   27.366009947833515        83.489585662051994       -155.26920554735096     
   32.734160780029889        89.825687884566136       -144.41175752261563     
   36.721739765463319        86.891881397070350       -131.29043070133730     
   34.250778755919654        81.656952703298259       -122.20212480448684     
