   234.04988949350189       -28.929945152983354        98.705556081356576     
   236.43780556368517       -29.424433228309095        89.827415402121900     
   236.62319655862817       -29.148303357385366        78.361407685684412     
   232.82972945571208       -29.717809375287402        68.415772452412156     
   228.15787707117647       -27.425816668990205        59.191796092692343     
   222.90464397705441       -25.230714503246549        50.338763051729593     
   216.09513116257941       -24.292414283745952        42.143975059697773     
   208.71963769981531       -21.436592040320960        36.467804171737768     
   202.72942611199471       -22.501352917910108        30.716319866799957     
   197.36688546749573       -28.641884060896260        25.077672075536896     
   189.35836395634803       -31.863325136122977        20.747787565414061     
   178.73012569874243       -34.101120939833464        13.052899141672320     
   175.70241385757592       -38.800160040299062        6.0287863264328525     
   179.90337581276711       -41.793906788886190       -1.4959441651974512     
   185.26477018784655       -41.664351232895314       -9.2825021586435206     
   188.64756139255473       -37.366752306856135       -14.804517063845907     
   189.30691566212309       -29.277485735476777       -21.855856857447861     
   189.71192450143278       -20.414958833041510       -28.644863357425596     
   192.14060675041185       -19.716170469753827       -40.055048111642357     
   190.81651821826901       -23.886662318251162       -49.058645470742860     
   186.12891098691975       -21.940397005254287       -58.966448842751262     
   188.54323511090337       -19.800041392894482       -66.610167150171435     
   193.97483282645794       -16.461354657625854       -74.670516419466296     
   192.03130173510127       -16.232261646808507       -84.841364830627214     
   191.72395903408582       -22.783415398437892       -92.448103290429273     
   192.43178373489962       -29.444844852831629       -100.71583953299167     
   194.53790584809755       -31.482529181362938       -110.09259403012648     
   197.74536807121288       -34.429971813660529       -118.34350927219901     
   207.24921603088049       -37.167019874621921       -123.57992813564726     
   214.25661088071212       -34.027329859163480       -126.09536157834680     
   224.38477999954742       -28.505290056083577       -126.64087172233189     
   228.07828933530112       -19.726605774144041       -124.71490134208793     
   232.24708487451156       -10.182675120957789       -121.83924165177082     
   235.47247646732563       -4.7052588405045945       -118.48311245542078     
   246.08884807130042       -5.1861531210917233       -113.33147745666665     
   248.20186999480188       -9.3589733481952369       -103.66029475798884     
   250.08169443625042       -20.853631229366780       -99.119138602375415     
   247.21967869206904       -31.091387987044808       -99.029912159402485     
   240.82420707632949       -39.732351626304180       -94.887165330640528     
   235.10317909474773       -46.633946435739645       -92.036517392026454     
   233.20533756404839       -54.793580737969378       -92.942286447665779     
   234.69635219365631       -60.297248454559238       -92.716536266484866     
   229.95162466239066       -67.603910894506541       -90.338288388424829     
   222.14779855541892       -74.073031030758926       -90.303073595874494     
   214.18912615200421       -79.864492259980921       -91.271774367474123     
   205.45285199639912       -83.957233255810891       -89.552931342142102     
   196.83383335312004       -90.224608802186040       -85.156216235687666     
   193.70732289195095       -95.488705251817308       -77.989483974028474     
   189.41577240337736       -99.235920852590311       -72.175290529919138     
   182.86707414900783       -105.08493550314192       -69.255617919441832     
   179.38841552079515       -110.85615357462297       -64.298154009023705     
   174.53504580253659       -117.79182052923399       -56.479988855549529     
   170.84421291373855       -124.93620550723641       -53.992350444080266     
   172.06194693443771       -134.87919478431277       -53.751237545026299     
   175.26641972870846       -137.48737616611967       -46.720913377662761     
   179.92073988523302       -139.15962444685081       -38.478323184710142     
   183.45360987592949       -141.11420158712338       -29.382312680573239     
   187.52379455774630       -143.42320811227097       -19.085944972102986     
   185.02485548042333       -147.43956801842961       -10.794683564209221     
   190.33129688460335       -152.76779462365147       -6.1773607203176075     
   195.92391918207591       -156.78597835997792       -2.2521268140592365     
   204.62162397512992       -153.16166123445569        3.3500811162500894     
   206.57011805061308       -152.81586750258489        11.332004850501910     
   203.99905724506306       -158.49584143089777        17.776003406059761     
   196.51242820283704       -156.93881340100995        24.687261592856789     
   189.84482980085514       -151.61820860775828        26.824884095236513     
   183.13463934348718       -148.14263578631821        30.852464072525329     
   174.38054613051392       -146.66227315342016        37.310732203194220     
   170.34103366730216       -149.79573928193204        43.784443111643341     
   167.14676395667607       -155.12931459486566        50.987995376536269     
   165.02055027095645       -157.72637986781663        60.176345682960111     
   163.97546866387918       -158.49336144020063        68.234970201848441     
   160.59837998080076       -159.30861343402967        76.998357692433302     
   160.88914074930960       -159.05311397689894        86.962714963356319     
   166.84102555244266       -159.41500344504999        92.912161753004554     
   168.78401908004932       -157.20242517207336        99.879650015567933     
   173.89684621764414       -159.31319542363684        107.08324840718527     
   178.24380986643664       -164.23397429230371        112.40226519324725     
   182.39097246973662       -166.63728447533612        120.03079622452012     
   189.50738642688185       -163.21860998170430        121.77451686450932     
   196.10708703334140       -156.99826773087989        124.87625902086523     
   203.92799339702719       -150.88478180572804        124.04487740104237     
   210.57372409057601       -144.75752364547739        126.72888559148801     
   221.07587443018656       -140.44623197541185        128.03094329425596     
   228.49869844397207       -134.13283488606530        131.77837718957127     
   235.35005082399974       -126.20495475892423        135.38981621029495     
   233.13733989644058       -119.16744130806795        137.05012531736332     
   230.18687087043187       -108.75001691318118        137.44408114223833     
   225.14951182114433       -99.791442595678447        139.99633862411466     
   224.13271110150257       -89.767877458094361        140.84834156826830     
   222.84278350998605       -81.504645521373192        145.52609441085681     
   223.92856004629900       -73.600062982740880        150.95328345118961     
   231.52322782429258       -64.859247318958964        152.98456857071511     
   238.82867329905471       -61.019228683106476        151.86569800249723     
   243.41312633758855       -57.081619721228208        146.53370119044126     
   244.33994264044361       -53.504893806837487        138.80187688021263     
   238.13204453248778       -48.264964788968925        132.35227100073195     
   233.59310456251191       -40.736587667862793        128.79214356531122     
   229.52710703639016       -34.066858091836991        119.94158061564964     
   231.13496753688079       -28.971311192259780        109.87472786491038     
