   28.571457547365569        81.338673521682111       -120.14242801294345     
   29.378136120630039        69.963037967723608       -118.43074446809054     
   25.062250762267734        60.238475677517748       -112.90846048848492     
   16.532184419934470        49.604138472688213       -109.62218161258855     
   2.6769134179712326        42.257827728805253       -111.36632662425464     
  -5.7904476039541892        38.399433495113776       -107.81209658491002     
  -15.116793935289943        44.123084555035348       -102.65796570148223     
  -22.256259244766991        50.649228780489857       -96.765629313456856     
  -28.028518191507480        58.593125993827698       -87.708973016522208     
  -23.859129930762474        64.957468991458938       -75.400467770755128     
  -14.512799523116776        59.501904402963497       -67.570677637295915     
  -10.115935171573264        49.903269761827410       -63.826568591362069     
  -12.937757197717481        39.202940307578267       -63.573997285955890     
  -13.884869656539115        38.056455176089123       -75.604747282541126     
  -10.977010449882677        45.946880837129562       -87.489665290166286     
  -6.7302153562477178        49.477771325415247       -99.025756247206260     
 -0.61698060991575066        47.826359756245616       -115.80289699293867     
   3.7574980452441418        54.643884159661738       -126.60004485652375     
   10.254808052005270        59.500288893250271       -134.87745481259918     
   18.259753822528488        65.166616477207711       -140.77335662599157     
   19.031427778874068        69.337738155794824       -148.36316575687388     
   18.648614441644668        81.930639108660884       -150.41940268815296     
   22.415516129280430        92.762462021651814       -141.30493236822167     
   23.352492399376704        93.379079058634915       -131.16999909862233     
   28.359966685411685        87.415529412630335       -123.95474272154317     
