   83.479149509344481        21.842294633012230        48.597054242776494     
   68.935338662710905        22.668200104325585        49.913186575016645     
   63.295088676153703        29.686562122626732        53.588724956993183     
   53.754016024576401        31.984704831642297        49.339794530791679     
   45.068589422101894        35.543997537657987        38.423505049862918     
   44.636571787195329        35.517290868574086        22.370891307063452     
   44.428529849712227        29.410577502075324        12.846211441389995     
   45.616288077744258        22.325006777729882       -3.6907891025711557     
   49.446607278452120        20.283836003504494       -16.295878050984307     
   49.300756418180690        26.372717437557224       -29.018411319801054     
   52.458424194257198        41.647324453076308       -32.040446513146016     
   57.691233634953107        50.690170039247654       -24.283916923964476     
   61.308425563308617        58.494109757853742       -11.536158235066249     
   54.307943536001233        56.757374925378393        2.7813658443549238     
   47.008987694975453        47.995415670584720        8.5344732964183372     
   44.456939708197126        40.826679937085025        14.148732021221301     
   46.718240634278182        35.319725196704510        23.722737862783674     
   51.051360386508641        24.753308595146230        33.369666610512773     
   59.231682777290501        13.774103277392019        34.874873730218404     
   64.263667927217227        6.5050566673572119        38.989816641562257     
   66.022979300614381       -6.8764263177822107        48.773378152525687     
   76.785452466523012       -6.9200582427782997        54.226585586168476     
   84.908307714979600       -3.1072895097557627        52.780669463611666     
   99.560287972689437        2.7523127097573683        52.089723756851676     
   97.149663336875165        17.356591409385278        51.169063060516187     
