   83.252279072942571        30.218436777084040        62.536012168280955     
   75.438308586986793        34.519483027216729        56.439920876949451     
   61.866015866650088        37.242325537659909        52.974322686613839     
   52.121698816138718        42.677112523218398        52.087414771466847     
   44.470475452638972        39.808384604304571        40.759459319462060     
   46.762398899870789        37.235827060143599        31.902008862240674     
   53.891132633587638        39.618556973754117        19.214614587325006     
   61.604411656481190        36.525599356826618        9.4871073550800880     
   73.647249168921917        32.509317509198333       0.59498182355277796     
   86.992104237069057        35.571062107445272       -4.4210406134499047     
   86.185917359901509        44.661673073479612       -15.977933631622566     
   74.941919768603512        55.072163633151142       -19.155033415844969     
   63.274001590413611        63.961180618165777       -16.995961870475217     
   58.340540976806139        58.114634394030865       -3.0731927959438416     
   59.164154906529461        53.671123195645180        9.4088984516649923     
   60.283277321614463        45.541147063793886        18.884328340766075     
   53.166631567531219        36.157400701787552        23.643120754339964     
   45.958074709219503        30.447241235324373        34.091900083109920     
   51.210211377018240        22.130834835051271        40.569909956649283     
   59.244809735271424        12.141650657006805        44.291719872000343     
   65.434089929862367       0.94867995479263811        47.887309194231605     
   77.065058927274563       -1.1028758231079738        46.598517444045982     
   90.165656632696539        3.7761406599382887        49.942660807522380     
   100.14487903057950        15.009378397257993        54.541395556969533     
   93.917727429767481        23.708042122042382        55.036731192495274     
