   83.948424059103957        30.684965825699209        52.422302120625226     
   74.628736234402680        33.911204412455334        47.378871770939774     
   59.499637832431809        39.369285043352328        47.689709613053417     
   45.777357978812013        44.378329552069900        48.876666159053869     
   39.214733141793268        48.457278195459836        39.768290047655398     
   43.716673196069642        42.316196501489017        27.116070037131365     
   49.383278583638770        42.401709832784903        18.082356920756641     
   55.457899061162415        39.774170992902803        9.2174129817420969     
   62.829379738269260        35.177613148860345       -1.6296579904991457     
   64.905756091191719        37.801341205070031       -11.214284952265290     
   71.997997392994975        49.879612417248886       -16.583004195141019     
   70.036782216958571        57.547356304226327       -11.986907425158352     
   71.092575330703880        62.227020086504396       -1.8973630402833128     
   65.032078269830535        57.470652340205163        9.0465893995943230     
   59.905589277684300        48.910360930170306        16.520256789769274     
   58.064129934643802        39.656162979966979        25.736616721848002     
   54.242535674472947        29.989772911837729        33.969209508930177     
   50.536056199316846        21.896354250726922        44.227898797879035     
   48.943628523257324        11.736898069623750        44.949611033814961     
   51.297075801594346        1.2526429596306992        48.979908248030746     
   58.879269450212014       -2.6576043920260055        56.264237650078655     
   74.540247327118664       -3.8654852468381034        61.464367556049808     
   86.095746899164595       -1.4857611173032197        58.917695693684905     
   92.051579332661532        9.4772553292754793        54.671319103813104     
   89.183442959012652        20.918437136555589        55.317765246471552     
