   35.777938043577201        18.873864683446932        37.835793413283419     
   28.130916763565807        32.822740287472442        37.146487748828228     
   23.906721200991129        35.035808170206913        29.936480617241539     
   22.450356758481977        29.174737475106266        18.816932329437041     
   29.657161063531671        16.916256547874152        14.763834203947791     
   27.549850870412499        6.6959842265011069        10.567508564093215     
   19.288484571038531       -1.6950318803128399        10.646655993274042     
   7.4065764624496442       -5.6909043558653973        5.0188628401078796     
   4.5847930413023770       -5.3679687422970268       -5.4466131618112783     
  -3.2549624984233119       -2.2509056550674726       -20.033858006107746     
   1.5098708236992171        6.0709161097623809       -30.116084331068091     
   1.8686255562763361        5.7598541591938739       -43.571816371182472     
   4.8925381179376082        13.590551236516236       -52.454875902628892     
   6.2713292521069661        21.408795848245806       -49.409810448420494     
   4.8717152376252955        31.879676889132533       -35.357891258100715     
  -4.8044221541218395        32.769005470955392       -25.275928429870618     
  -6.6967049047063547        17.947937708632288       -22.898989732392518     
 -0.67892148614667391        4.0531051042151764       -22.719768728856163     
   6.3053130913793574       -1.4175005952120168       -19.752330904511346     
   13.275008746605179       -7.7249797088449412       -9.5696873670446241     
   19.990821636571653       -9.7236209428961402        9.7315243455920464E-002
   20.336786383798941       -9.8218168496543221        15.281082933677798     
   24.827267180791932      -0.98479351381124747        23.492709985466050     
   30.500222023552990        2.9715392005637264        32.224188060560238     
   34.528614244012303        8.4004407523229307        35.092141380094859     
