   24.949092780388874        67.750008036546248       -128.18662511220327     
   15.121712962142524        57.072263997921254       -126.54532101196122     
   13.165883631370082        49.105081457423267       -113.65986928473311     
   7.7198021463062592        47.069224022937199       -103.89136056553309     
  -1.6173596585913610        43.048784716505907       -94.141591789378708     
  -10.138614540858146        34.955771552066501       -89.757270229838937     
  -13.202168489415691        32.892971924374223       -75.729898283212378     
  -11.309851432755172        46.344101322378805       -78.365232334844848     
  -17.211757257031671        54.534028660044093       -84.626621433662734     
  -20.861540948476090        65.370357433178697       -86.720772266912221     
  -20.945200118955459        76.097965388605544       -87.968229250960107     
  -11.910845306974496        84.642321604460435       -97.764863478503358     
  0.17074428438265032        85.905801116970949       -105.38431747944503     
   7.0432631715873493        86.614837335448186       -113.04224877732929     
   12.310342589932453        79.737365976641144       -120.13451814569447     
   6.5841686813650178        66.232444404882358       -113.97679095646390     
  -6.2334144735152979        72.974183897684640       -110.95990347686850     
  -15.790693243684011        80.471098996926628       -111.14052629534962     
  -24.157693041743414        90.091371405241389       -115.71795199288884     
  -19.146778907099979        99.220895635238051       -119.23626119598886     
  -7.9871933109985527        107.13031403945966       -120.23169007974190     
   3.4333595362696063        99.912363585492940       -118.68549060549857     
   16.220003380358612        94.060636734118162       -120.15217352163467     
   27.333361209818612        85.692308333349231       -122.17906262653469     
   28.927141719803465        73.585512041648656       -126.25467690128973     
