   35.574060090004714        57.502749909739222       -128.36921720113611     
   28.538999257008516        49.844170834927056       -124.67491718914360     
   18.064326487406174        50.181659963226693       -115.17728857908446     
   8.1293290383924219        47.977172659793553       -108.20920115289326     
  -4.9578770397487393        47.412780346860629       -105.06586632970338     
  -3.0033705630751073        36.280375745087419       -96.476331600341481     
   6.6658504223517472        32.422460587406938       -91.037584133381586     
   7.5328365739031806        49.326515064689531       -93.169650724840338     
  0.26463434298617439        59.888226954828099       -89.688731295702681     
  -5.7964193112167344        68.661729220608066       -84.671397031918985     
  -10.670517156811924        80.523702665358726       -90.414670882786041     
  -6.5637316801457679        90.974599914463639       -94.373682432075597     
  -7.6117455829088243        97.745546887574520       -106.22476834638454     
  -3.0187745993115986        91.231080220504026       -118.49796137788648     
 -0.94351951215041741        83.404904203141015       -128.50746631212627     
  -2.1298863994118502        74.407149715616598       -121.65169047511885     
  -6.3966402577100716        85.653310164171216       -111.99308757042543     
  -13.298288031639183        100.44330760022744       -107.26501712711347     
  -14.990031274542332        110.96401085614399       -108.05433107112137     
  -4.6187472025946548        115.56906656442295       -110.58483609171682     
   7.1668936474051970        116.06978292155227       -108.84641734832105     
   17.547405736406482        105.77122390956274       -109.18222319496931     
   26.348693727046083        97.712357932967763       -117.23610007769986     
   30.736956990245062        86.435191644610086       -124.49442656745792     
   37.088779143482547        72.379593209248995       -129.50460563944227     
