   37.056094468727430        62.888910063890201       -125.39140644397274     
   29.355647942872462        57.066988383190996       -118.10790098837577     
   17.949868760782724        54.391797708142093       -112.79088662164882     
   6.0776290861893552        54.398232163178299       -104.61339080948957     
  -2.7934715273022381        45.166256890632305       -98.811754447139023     
  -10.665363940356904        38.899759773311622       -96.096254887647532     
  -20.093199432681914        34.459395268825659       -85.033862169352403     
  -20.067506378668178        46.995625551659586       -77.720944460753671     
  -16.416686008889357        56.516389199579883       -86.099177203551449     
  -10.870320973256280        71.201079522859715       -88.937170501175061     
  -6.9914578924835675        82.572986460047147       -97.651094666129453     
  -2.5536496379993565        96.412773880991324       -100.57725278862786     
   4.7149612282531699        104.71508601961808       -111.79899538888311     
   5.7755146988047592        96.335339173119436       -123.35461566760407     
 -0.49910787356239317        83.976360555769759       -131.86831317085574     
  -6.1482155357108628        78.529558940367139       -119.37240247305418     
  -9.0719036225331582        84.674006894162645       -109.15714042859619     
  -10.839204744126743        96.207752728426797       -103.82423280710086     
  -8.6692475012942367        109.40315674958917       -103.54271058324372     
  0.56010016227354886        116.44546416773943       -113.25825470832540     
   2.7857605024510663        109.01578867997235       -123.03414730720289     
   11.953256850010247        104.68815064154376       -132.16225557743320     
   15.350400715489277        94.997931089083806       -136.04898462436586     
   27.506110373638734        84.545998520738294       -137.00440316328172     
   29.971551887754359        73.600817999003908       -134.34460316156751     
