   26.549970994150950        59.135100188019905       -120.15101940310628     
   20.706665060171879        56.432255754463881       -112.05451427087684     
   9.1461902087097400        58.072509600220044       -107.10315623787479     
  -1.6471688568181939        53.387098834623387       -101.19859993204199     
  -7.5734696462660880        43.741016576114966       -105.01998512050832     
  -18.745922893935710        39.925114434622998       -107.59407190924850     
  -28.120698449995228        42.662008029419866       -103.94917414208413     
  -24.060405845913913        52.279532530473006       -94.748946190159089     
  -17.509043699789210        61.969961480268005       -93.215889649933416     
  -7.6986046913664588        69.682339428326713       -94.629011124417246     
  -2.6447694637535828        78.901704430960677       -99.257976918959116     
 -0.29724293438289529        88.568966928667280       -100.29501730518382     
  -1.2835566123668591        94.614959612931287       -110.32277553012139     
  0.32878775011253963        92.757243353913836       -125.28849642223869     
  -7.9068357596805017        92.129903139033118       -133.57047838518722     
  -14.928326356735164        93.677602574314761       -126.09128020583837     
  -24.670119556732967        103.65445597857058       -117.81770781992820     
  -20.819560608276916        115.98109396636320       -114.66872827136613     
  -11.579845378131244        124.50265765074406       -112.30812353017163     
   1.2164037956068614        127.87094566470080       -110.84575087569191     
   10.052980694981237        121.36848313769501       -107.29697085515411     
   17.984542656532547        109.93005907124906       -111.86401937238809     
   26.826398843485208        100.79922399633315       -117.32527470658869     
   29.704259209064801        87.803953612943516       -117.55474087044335     
   29.729577025264557        73.243482207370761       -122.65155641251437     
