   149.76839450545708        88.002543359034007        74.902701486228409     
   153.86979632932389        90.001027388420781        68.727804431999772     
   155.72324185286573        95.935525355469608        61.773098661264903     
   162.40602402428155        100.19751715548369        58.355772480459876     
   166.74417499241974        102.49348032385677        51.502815274655845     
   173.54014136966194        105.54721946176082        44.277763058869908     
   181.22744638045151        108.36877938584934        37.900862508077573     
   187.07671003215526        118.34777502257833        36.335022426286031     
   191.68210943509581        123.25631093190917        29.259301585096587     
   195.02272994698106        128.83160528662526        21.330340121068616     
   188.33167277405286        132.98230751774179        15.506979308783452     
   181.27576509371903        130.69847687098908        10.626609892960774     
   173.00382493509633        131.42186305551326        10.450400426965800     
   163.80425374861863        131.40483157695240        10.493480539317227     
   159.23247875190071        124.53360859042280        8.1796090274958484     
   156.02475890657087        117.57105382663451        6.8366008863458259     
   154.07223883183678        107.84234778021315        4.0189826409939959     
   152.88215408723593        96.966393475908674        2.4729133251453255     
   150.03354203790147        89.648591688119126        3.6566139344062353E-002
   147.07541141690322        86.430515916925117       -8.2682716713108668     
   142.75090576216323        82.197219089510952       -15.593225172094622     
   134.26430813608124        76.718799144721515       -14.866148330564888     
   127.10504326206797        73.633572095122304       -10.266164491495472     
   120.77056410552107        78.387813348228633       -5.8129002785226467     
   114.44030685542953        83.957599794584027       -3.6353410715824195     
   109.76702300710330        91.964820167818360       -5.5081016896457324     
   104.30211069878420        99.446693857907832      -0.90223171136298652     
   102.99452971735796        107.39538341319901        6.4501286736931505     
   99.395816963558318        111.33484147797762        13.159861092458877     
   93.876015970044236        114.30539149745780        21.712588399671400     
   90.846291754979518        114.21097803940354        29.074361524932975     
   96.552865769039769        114.65550546169679        37.999760550895701     
   95.553721314526072        118.00641953115395        48.904643543106474     
   93.318060576870465        120.91991552246884        57.841715779141488     
   90.599225606576709        124.61404146964546        65.305320505600491     
   86.843664999261364        122.58236523986871        73.279235158609268     
   81.157763252536540        123.87455364325133        79.671182299315674     
   71.088596967317187        123.54954223132013        84.168857711018319     
   63.591219785643418        125.91325997039566        90.320501441431389     
   57.241769158798384        124.25101520007162        93.884119688055804     
   55.149693385080312        119.99921574932418        102.34392648323369     
   52.251678731949418        118.83331981975822        111.41795622987162     
   48.391479514669228        123.07917270917586        119.94343222956391     
   44.145415022068846        130.04456357574298        124.22884643158999     
   36.491624870440987        132.88675494592167        125.53201536034079     
   27.582361755906188        135.90592890670709        127.62470006919864     
   18.468251348510162        136.28433661897074        130.22238582336743     
   9.8742653695328961        134.97112571975021        135.10655623131484     
  0.98578000475753313        132.65712796682624        137.92192229868283     
  -3.7173753637443734        127.47580503078188        139.42085719446834     
  -6.1803265281384636        119.11643657081908        137.29248208501630     
   1.8190876824614870        112.85031193886846        136.37647813312100     
   10.494357469335874        114.95571218925447        137.27249898377127     
   21.618237435208375        117.35026308359066        138.67098069726046     
   29.050586719914421        118.12030366310576        143.29836060517135     
   34.619174900203468        118.76343240050633        153.50812702822284     
   41.581437057797814        117.06661823536206        159.00977663521675     
   47.785826491653246        109.73830909643439        165.18898809696969     
   50.192956970990807        105.29465965186549        171.47796498562164     
   56.212917232001267        101.79105096368546        176.80630601598358     
   63.586968423872960        104.53796998502662        184.35485953073260     
   69.292382542560972        113.79641914391102        186.99540699109875     
   73.103542227820910        123.15646140029642        188.23692446458438     
   76.643563654531604        130.51141378850809        192.92468826383177     
   77.367297688357411        129.32054806073202        201.98822847199691     
   81.628447974761940        122.70967729035620        208.72828567902530     
   85.774392237617235        115.70024038419218        216.93231662385440     
   88.008879777756988        109.76936468243171        224.99308417141668     
   93.435803848162593        107.16747187173210        227.87849133210165     
   102.38689968667130        104.21676607077829        231.88681118206568     
   107.29408454882905        100.65320165044298        242.47426473998647     
   108.76799200231903        91.927997943545009        244.87816232218060     
   112.60756362686961        83.287724555032327        248.84114355266234     
   112.72281954927760        78.186713732169395        256.68897786904404     
   114.22346586448548        71.891959433581675        256.67814159652323     
   123.16182911648505        66.756125879236563        253.21299239953709     
   132.67851543349931        60.836245467351837        252.08368982310219     
   139.89320732484808        62.933390486163077        243.09660543978421     
   146.31040315414987        67.916536356217961        237.96126726846498     
   151.79798510927799        72.054861865576370        232.84308782485343     
   158.65895316491213        72.706777649178221        225.60161107852744     
   158.18791806132106        78.949907519677851        215.41416476334803     
   156.27199307185788        83.507458650326285        206.70049135854637     
   153.37686885018059        82.349935112186614        195.90600214484854     
   153.69588011032647        83.047487832768894        184.67829698109500     
   153.23551834253939        88.350757796686509        175.74100097577374     
   155.45176831292599        95.901455169492863        168.79234017784790     
   154.95537457096938        104.26333783706798        163.86379301001935     
   161.72442871795343        111.13330071277385        158.76305948486751     
   165.72013257291385        114.55307438980714        150.05790504561443     
   166.85422545643581        114.57924464073390        140.47793932935420     
   173.22583462289302        117.76970722631246        131.31830863035151     
   179.69263386715809        115.53719291528841        123.13372335620961     
   177.73790385784650        107.27516770520563        117.22611519499770     
   181.48661473198624        102.67453698142046        109.96435700900128     
   182.06262423287984        94.957112112262635        104.38669546262749     
   175.82422098407741        86.858514020272750        100.73058914886988     
   165.57287342226982        83.228639840148517        97.950632458281106     
   156.43725118108387        84.076727824113760        94.442672007571772     
   151.43837318516449        85.885560470900529        83.900685864161517     
