   12.448770034972247        66.504640818865397       -129.57122941802794     
   11.023306707528299        55.242611656333196       -129.86519812301322     
  0.97652411543856599        46.407130441849894       -124.99635356062106     
  -9.7072596693410400        44.560627967790133       -121.55634901753136     
  -19.200318572808786        44.649733647069873       -116.71458845393106     
  -27.785251812413414        43.496777193310706       -111.56994626510070     
  -32.512528300198426        43.641705178951391       -99.603514507384361     
  -28.929886944332953        50.760684311159551       -87.301552933381473     
  -22.568257506765384        62.023428497677877       -89.417649571596272     
  -14.326372735337664        70.741746996358557       -90.653058759942184     
  -3.5862397812635725        79.962598537282773       -98.153071439293498     
   8.5900415186174364        85.853737244186902       -106.67193276639445     
   8.5041991424506662        90.941114839608900       -119.18155294577245     
  -1.2776540032188590        84.395605282090884       -124.49001698344790     
  -14.216151694103370        79.542224930877111       -123.66522677435276     
  -18.923254359033670        93.754622567604798       -127.91202836316592     
  -22.009914666732193        106.36783182225362       -131.27317912465563     
  -22.736813736145773        116.31591304917565       -132.01503283288073     
  -15.432519064281577        124.08691153936201       -123.43008716521247     
  -3.2326799560265513        125.36122594415340       -123.17601773601719     
   8.9005192673789111        122.20066424017003       -121.45004110607077     
   18.560042285174813        115.47738290802033       -115.44804389885849     
   21.975241723334477        105.47695934049771       -112.03101855780579     
   16.079931183494278        91.400161726009500       -110.55664626892077     
   11.197540275252996        81.273511044010476       -119.92560741341522     
