   8.2648010254041964        70.167275927657400       -133.13852285061330     
   2.2107573769062849        64.531191743767153       -131.26075896516531     
  -7.4239940994137488        55.431051842414746       -129.70460336904986     
  -17.292137936287570        54.120241792440055       -129.04568233898746     
  -26.775597550294563        50.232033195103412       -119.95443273863090     
  -34.278127455818272        57.779651471416926       -111.24453348125401     
  -43.031149606455593        61.724517552058273       -102.77186416738903     
  -39.194514016702300        69.351476660668041       -90.220676994489452     
  -27.801869090963926        66.988124361883209       -89.829200818708543     
  -14.043850037848971        71.618597584660563       -86.563562728370385     
  -2.2600536104935767        76.111961626860477       -93.127849076320913     
   1.6268393265702683        68.504045864219790       -106.49861926327003     
  -2.6727648207386565        67.816710396884133       -117.81828673979231     
  -6.8445163572663112        77.297561909598642       -129.64319555638798     
  -17.427053121846846        85.921825984243242       -131.48105130043521     
  -21.061916717809364        92.447745224263272       -136.47686295509561     
  -22.016036074931673        102.74427040842309       -143.34643556308532     
  -14.445546663443288        114.20286721432464       -142.39260967865636     
  -5.2622438568791994        121.31922611576728       -138.30707310303166     
   5.2930022435448043        123.02724835758094       -130.61715648064020     
   10.740231127853985        116.45113438392808       -124.27572471989363     
   15.551036587864678        110.32265081578990       -116.74261281340119     
   19.771414953786532        100.96426609830009       -119.10117351854457     
   14.590626029229586        87.539171445447352       -123.93123924200800     
   12.496940899015389        78.354607464724111       -129.80991707803463     
