   7.9138393404098828        65.111885834913835       -129.59074649732207     
  -1.6152638242114497        60.140011845765116       -129.91024192091285     
  -15.023691082327955        55.348692294970007       -128.12606343573216     
  -24.559436173720602        55.258460142267488       -124.85482322463074     
  -29.222146160597404        60.073520639602819       -115.48461574614942     
  -35.891092638505782        70.768225561591393       -113.81478772810000     
  -42.139824550920416        72.583814294785611       -102.32033125563710     
  -44.269400572622260        81.451940570549610       -90.630681731057734     
  -38.923404560418746        81.919001053206557       -82.270208678027686     
  -29.235659109240576        86.503327540821473       -81.992180520552239     
  -18.902869305525304        82.790204482620169       -88.919547381962900     
  -5.7754279363141174        82.739524106670729       -99.118273519404369     
   3.3089272275847277        76.070648318349896       -112.94454806851131     
   3.5419677098337328        75.546927601946422       -125.88697136238096     
   5.3765436531681319        81.650071003283628       -136.28385756498241     
   3.8391292307954545        94.819138767056160       -142.08057693691222     
  -5.4667070171206884        108.55915974976519       -141.14612137036261     
  -7.2331138766795657        120.53402687841185       -134.75126273997566     
   2.6498337179781264        118.83017261054323       -126.27762415788720     
   11.382747178826179        114.28857895529538       -120.35667937446955     
   20.926228423552924        103.37357948913329       -114.08229982945214     
   30.196611729139022        93.525778302203221       -112.30722101482662     
   29.787511615455564        83.779212450974882       -114.87027874609799     
   23.779786181129374        74.910876938621769       -123.80076045025962     
   12.811675098798338        74.460348342343863       -129.33196687203537     
