   21.679003542199364        70.757176471439237       -125.52422763940103     
   16.390895991372492        60.531924222370399       -127.55594194196479     
   10.535325081066322        65.330628109297848       -121.26873268438668     
  -1.5813190988008936        66.858328771114572       -114.68280268493012     
  -11.027753204532653        73.173684122083117       -111.86736898142691     
  -23.542052309964895        76.293240811588760       -104.08784522497366     
  -35.824001497242328        87.005816128640149       -97.284598835089795     
  -36.072488127480419        88.529442100947804       -83.308977783291752     
  -32.294842325378632        80.836084275091835       -71.868543854241608     
  -31.588048434568218        69.494249300426162       -74.470445821920521     
  -21.005630554126590        70.252527763563293       -84.700976643614524     
  -11.070595917224539        70.453666468817573       -92.886617665278578     
  -9.0589182896190898        74.115296538880287       -103.76261050105003     
  -9.7915200785039715        84.295577374068685       -114.12973942591387     
  -10.240832214765176        95.567678296569923       -119.78456089907849     
  -4.2643339250393222        103.34193587405463       -126.67484894172806     
   6.8073643599144003        107.26388644881324       -134.97353655138693     
   16.271064311957968        112.94309711384460       -136.69590621746846     
   23.965895063331825        104.38059672856923       -139.65202990106343     
   30.326895144350441        93.580260679946434       -146.59665697472323     
   36.252689275608830        89.565739895587470       -155.68192205982731     
   50.772782398670365        84.919005458976287       -148.72018239319206     
   55.720706297465306        86.897687997877469       -138.44225791519992     
   41.811146862107812        88.399962180346762       -125.72378859849667     
   30.128320153774567        83.395449507642070       -123.81795755579795     
