   13.826946134558170        80.443033561706798       -130.57860684861438     
   1.7560706025563424        75.355848929240821       -126.60775827954757     
  -1.4993833696315799        74.462926454522702       -115.59305570603084     
  -8.6439861599074828        70.374463361679048       -101.91621989800697     
  -16.075789399488560        74.593697967649035       -92.612984238687147     
  -24.315679077330923        85.867384409188233       -84.859330923175733     
  -34.295883085330665        82.334530858436096       -79.331209918688700     
  -34.032519097468985        74.873507850565190       -70.522038755052293     
  -29.703135512713693        61.306665470898636       -69.732366356500322     
  -21.739524827648513        52.374537284235153       -79.018886388342182     
  -9.1926519631915138        59.578781114495413       -84.160898294278553     
  -9.0695409757075627        69.039014480917615       -91.415412092390312     
  -9.1703035051391844        72.793099505421537       -99.836886771926771     
  -14.675243080769631        82.241408994676533       -106.24666470488773     
  -10.572180452607910        91.528632361367841       -115.01997349352681     
  -3.6917849027209932        93.899845939736039       -126.91391325533404     
   3.2196998253554279        93.774239280599417       -136.64961829118204     
   6.6094269633172935        101.45356418496405       -139.90566684080684     
   22.382843519927569        96.563363304527954       -144.69261065611249     
   32.456424561206482        94.935801024383210       -151.57083366285218     
   42.142805766947376        96.741291637406519       -152.51640154415256     
   52.791289483102979        91.351824735346398       -146.90066848929081     
   49.360364270870548        85.052323876826421       -135.00017283217798     
   40.441268518814390        77.235107277363781       -129.09691498650037     
   25.210414139633087        80.206836484012243       -127.88462954662369     
