   20.515449951380344        74.710564608498601       -122.61116733324178     
   10.005990236545067        72.636272551274004       -122.11511749495179     
   1.6750934726312001        72.818366787760382       -110.23846755489865     
  -4.8188851206803429        75.926318521350566       -98.208553281380503     
  -16.142037110698070        80.532484466909636       -91.739447468027308     
  -24.898271348262035        78.843527044304636       -85.599858754590343     
  -31.703094598081307        69.475134716590745       -77.330230262585943     
  -30.418689118826414        60.452872703073524       -68.182454540070708     
  -21.461750695051613        51.009143748007006       -63.342148861672868     
  -10.227979085530693        49.180075852464881       -63.497061863001775     
   3.1212434881273321        53.027517386824215       -70.327914059951723     
  -2.6221590070549734        61.490475648517275       -80.064491565746508     
  -5.8509663497284636        70.891620410024515       -86.524661398348641     
  -4.0182141205186888        82.640556785683586       -94.114168900923971     
  0.60676806972526909        87.964810646520121       -104.79735943392036     
   5.2819921496552356        86.906201418781109       -117.14485616505642     
   4.8394201344663124        84.560399401647587       -129.05272853014324     
   9.2793837967500981        83.236143395381660       -142.52474643253532     
   22.317713106434439        83.583743390381514       -154.29972336140202     
   33.949093232740609        79.174194996389545       -155.51983515504162     
   44.558403090211989        72.645615722598578       -158.55960473344356     
   50.315322019613021        71.983487598511672       -149.49957453842805     
   48.503063136840964        75.825390405194455       -138.16613268575998     
   43.338443030338958        80.683491614844229       -130.16559016728434     
   31.330211467427873        81.403306906318917       -122.21207029711931     
