   22.131842930283511        68.894838028701457       -115.60177199994325     
   10.192434779329197        63.084414984786768       -114.42963360450912     
   2.4966565905544380        69.835833008556023       -107.24723567923306     
  -6.1609527784732450        70.457921504896319       -96.815618879004688     
  -17.026497535736599        73.365001376626779       -89.767033350356130     
  -21.623186527437266        72.456135182321134       -76.625488924411741     
  -27.472334838528319        68.084788591621304       -65.765536866106686     
  -31.747418355527984        57.715367782565906       -65.031851054519151     
  -26.475688986971434        54.209029866167548       -75.509661880156045     
  -18.450823717755977        40.981685692578324       -81.997685680294126     
  -5.5071717034246239        43.378844163566953       -88.539508925794593     
  -1.4349556501877290        57.966931076161039       -91.193699949049872     
   1.6487375293888702        70.765526366418698       -91.300836076456719     
   3.5323685971167009        77.728031023356664       -100.55692109731052     
   2.9569780980940470        88.609232117740689       -110.36022072428963     
   9.3197250309792992        91.714536569301714       -120.14823799786527     
   15.137210600756287        90.071015839674232       -129.55171404852848     
   22.923187967665328        88.366725668622124       -140.27562513168476     
   28.479960139486558        88.479465085841326       -152.30227209220672     
   35.416414681385035        78.622783128902554       -155.89820001453120     
   47.636440449908406        76.344425982041813       -154.96794859790515     
   47.312629348703425        81.865478268401532       -143.54858108053480     
   46.293198517206818        88.210146918691777       -133.51043379267273     
   39.096447474169324        83.739408580001708       -118.58686646249241     
   31.381462355520146        76.302497579342955       -115.16452141646572     
