   26.857422750465567        70.049031918057764       -111.64934913795643     
   13.533631614273913        60.185080354258240       -112.10061016007181     
   1.4372982732561042        64.791017933564120       -107.55928769093458     
  -6.0300125202559496        68.708052282163450       -98.642901920672315     
  -17.484397229269323        70.066268797844018       -98.385903886865350     
  -30.351311466479423        67.497746830899729       -95.702862677315338     
  -34.784337511103729        60.706699192016188       -91.268212968344898     
  -40.389277122336544        56.376775391980473       -84.306463588172221     
  -32.325192091536302        47.539558681779987       -81.327737530559716     
  -22.513897841018178        44.297282649610985       -84.495567404082806     
  -13.308736934553007        43.639262158287032       -92.664716884843642     
  -5.1989778394590935        54.239487604322100       -93.421683876786560     
   2.1379071643616161        64.146996291667548       -91.060416815894399     
   4.8828869092697254        73.863193636617353       -103.52471610374232     
   2.1045016026958532        76.523240216669308       -114.27995263816138     
   5.2942676509454856        79.040184100597813       -123.90725520678195     
   11.429984683590600        80.344002663130368       -132.96956477882608     
   20.646421169316959        87.794261705515055       -138.81797823617083     
   32.394316784089440        84.962119529662345       -145.98292637574053     
   40.551162926893547        78.315960076599140       -151.95766483252390     
   49.794920582825391        68.996796699714636       -149.23262123653063     
   55.171153658761021        71.017308041215784       -136.51851927131133     
   54.792224091935907        80.128742165481768       -128.79762493366155     
   46.422973604903227        79.963706856487718       -116.90252338937395     
   37.071664203417974        76.880982670643235       -110.50332900891443     
