   31.077661936601455        55.819771604597321       -102.30210834688938     
   20.848274714140281        47.514425294020448       -102.05922047682401     
   9.0067888048854652        49.044483235702558       -95.923416659851071     
   7.3050718227992389E-002   54.506932561662829       -96.944798754331615     
  -6.1664384267118812        60.954105986341276       -97.928083683066035     
  -16.500414584114665        68.143252041926729       -96.663692824018057     
  -30.908584080560139        70.030120038133887       -94.027603926855761     
  -42.471389637657268        69.519911895025174       -99.245604586036450     
  -45.184328319007626        57.686273802264786       -105.80626666947560     
  -34.535151765926948        47.251934934917145       -102.10997315369099     
  -19.993456817186210        44.428391130767238       -102.71361387306625     
  -6.9097027179365398        46.612220475199351       -97.197862284380562     
   5.7944881128166781        53.053922807417443       -94.063550911297753     
   11.259421112631500        55.946085034884305       -102.90911937490276     
   7.8701476553788474        61.879082097572400       -114.13459914611234     
   8.6317344601655801        62.564506615705596       -121.67254388876989     
   14.598364517605990        63.502567014020990       -131.47789393891929     
   22.833458802090604        65.140612006971296       -140.43044920446880     
   34.316472615756588        62.489571821330131       -145.68319713006267     
   46.414864986633297        70.235663528613799       -144.35890005773120     
   54.904365039425848        71.774656768883759       -139.11614141255762     
   62.983719418138676        70.399215277406128       -129.71388554688946     
   60.400897179862369        71.208133536229653       -117.05842723370850     
   51.413049318113366        71.538498686453664       -106.52660543107201     
   38.605846509088501        68.421430050894031       -100.89152753904416     
