   39.632616894746143        54.601697324272749       -108.41363810295704     
   30.151802886404393        50.760363402013581       -110.00600960686664     
   19.810601629874540        51.321851322465385       -108.53979326199938     
   8.4125228890508801        51.145505701820952       -104.35546304971382     
 -0.54981497969639648        59.479395823642335       -98.057326614232849     
  -12.300756126905526        69.326248033131691       -101.35683910295182     
  -23.362929090897499        68.813658678169944       -104.14173957884303     
  -37.910616543939426        67.017403039757809       -101.74509455903667     
  -33.275315631497236        53.017742270403772       -104.08159484077703     
  -21.815724082057951        46.770676669200348       -100.60826331235998     
  -15.468654401851236        49.125307334649342       -90.698139698341265     
  -5.9687067965200935        48.129931692259696       -84.475003630375383     
   7.1032503745734594        57.410136543278689       -87.078582015337105     
   11.383665169333042        64.066029747986633       -96.124619361281759     
   6.9518491918869136        77.806972566135968       -100.48684933294757     
   10.200874792214030        80.895475973134467       -114.33204898670328     
   13.204114349187806        75.004378680843587       -123.90755174621408     
   19.007855375833753        71.933769310552819       -134.77117279553622     
   31.387130292126066        72.930264453271235       -139.94321106463963     
   43.554051663813965        78.401132303454787       -138.09877702416856     
   54.497336334401567        81.785537599424330       -128.51049772291967     
   61.165554611135200        80.759970335551770       -113.33699262171643     
   64.231444069171829        72.852892958186530       -105.58827593780654     
   54.023293106586415        68.106962256134665       -99.660611866354600     
   45.054787824555184        67.248277612229629       -104.45459850549514     
