   54.700400180713586        63.652023941831231       -100.16394165528654     
   39.543614190413734        60.638524945179341       -102.33125644577080     
   28.650921960701744        59.414833561375907       -102.29797960577596     
   13.063596144357279        65.688245763749791       -102.15980442457987     
  -1.5533154596841012        64.529816260454666       -99.902210644000036     
  -13.488720077208429        65.956449550602613       -91.809698311898572     
  -24.168498395858286        69.511004000529937       -91.198795734766719     
  -31.495912028709512        62.778015126792646       -89.111770201229547     
  -31.676837216743632        50.961423031450906       -96.806733470269947     
  -22.901954031731968        41.584475977606125       -101.36912791681169     
  -10.068595581241865        42.611580937431881       -102.86461196790687     
  0.59379517392654213        50.097230549554027       -98.712827327211357     
   4.8605071096301993        60.646829744940135       -91.667768452687710     
   14.056791093979474        66.864988569510274       -94.657690287648279     
   12.653231380705314        74.209586921681563       -108.24419114285584     
   17.743701761856187        73.929238313845090       -122.93347063814693     
   28.224492801187175        76.919773304590763       -132.94996519479852     
   33.609120750625046        78.814785428759961       -143.04744276533367     
   41.720276504964581        70.459993779760595       -149.94212913295993     
   50.597115376718470        70.100842612095931       -158.74532905774075     
   61.422899248374726        73.424297386332199       -151.64893940847469     
   65.446838566112660        80.697156701601116       -143.09810318704461     
   65.273919927148370        84.579830661847595       -128.16353808719046     
   61.995528686457824        81.214157492675184       -115.89471321547289     
   61.710322807866845        74.891242024980741       -105.01828486061603     
