   53.039557902693318        85.287022334166451       -97.027168559063114     
   40.731069149222371        78.857278370980794       -97.373593898344296     
   30.581444044677006        71.574055261246926       -98.660014968677814     
   16.601598661195425        68.699476427078835       -99.952454005570786     
   3.6107420637070309        67.017154898050961       -95.003915653358902     
  -8.3399781996567235        66.108385937532859       -90.746346589672555     
  -16.803401231927406        69.925530775788275       -85.852205205008389     
  -29.442348742366992        67.325817938263043       -79.425617289079042     
  -32.856341742971182        54.669700580118878       -75.488423903376173     
  -24.923176157863850        43.661702508447561       -73.947403923834756     
  -11.155952154683924        39.884844691765444       -72.872117625817808     
  -2.8746627692185300        51.122706827890561       -72.188962009703502     
  -8.5247316055338029E-002   63.817947831797404       -76.260850971484302     
   10.094792865792860        66.572312331791125       -83.378962999281669     
   14.565149259498693        69.837135808170302       -98.413573874147630     
   18.798388618404246        79.810685491219814       -110.97118392727005     
   29.314694129405062        84.339152822387135       -125.56223204234453     
   33.286801932660083        80.263435344658319       -137.39164915402429     
   42.069986965000069        75.400228465904533       -144.29813472941501     
   51.772093382205213        66.962885051406062       -152.28955212500119     
   67.146383710969118        69.302720928851656       -151.13227515795973     
   72.764817060982864        76.559655710778443       -141.62924021449672     
   67.161859408683526        84.777713832398689       -130.17165333783231     
   64.308333668653248        87.109541913506291       -116.84476636326569     
   62.950460454738490        88.005197942129698       -104.36534404384678     
