   42.310474474665767        92.619057404129578       -103.51309963588011     
   28.985641656079686        86.007244939026450       -101.51155356312469     
   22.216785767247586        75.237026234522048       -99.634262000911534     
   16.257672405580013        66.625194444221862       -92.715852008477071     
   4.9803138128923647        63.906443282995951       -86.702704338908802     
  -7.3681826770635519        66.149660995539790       -80.621592717777190     
  -15.581331227570374        74.017481254471306       -72.693784889666262     
  -17.331024687884174        76.961596517953893       -61.260985614587433     
  -15.913937740813800        67.403567288487324       -54.847417542850707     
  -18.772102350575331        53.809927068760565       -57.311672374918331     
  -16.274959032261638        48.781490911540288       -69.255229747986235     
  -11.371757395813736        53.609693832039042       -75.156216644596128     
  -3.5648967114703574        62.174191098273525       -79.362259751926331     
   4.9620104975499064        69.608373965561881       -85.420241765334254     
   9.8417227343280729        67.460681863930432       -97.720071687912991     
   11.207408721201404        63.394204426442577       -110.79741883150275     
   21.173186439678616        61.690837964519432       -119.71978456098390     
   30.775651248666549        61.851723537967352       -130.59647629059376     
   35.236595169833912        66.787575015493573       -137.71646775330345     
   42.059393662643444        72.662859686801539       -149.55047035866428     
   53.619605166118802        77.127764571806836       -147.62569637213264     
   59.486181214621254        85.297698228565153       -138.44074054682397     
   63.636263382183103        89.932592015405604       -128.28094290184799     
   61.745705391732443        91.693841851641224       -114.94717152661957     
   54.303658770287157        93.127949279476567       -105.55314306675051     
