   35.685750073828700        99.013669595353662       -111.63371781342870     
   28.361529464471250        92.068101115526730       -108.67044234036770     
   27.052466217484362        79.770033786730409       -104.58061797018270     
   17.518247261507394        69.074068888068368       -97.094629196202149     
   7.3180276376120812        59.827278195245050       -92.428881672013958     
  -8.9266275004490164E-002   65.800213564677534       -83.959032076906368     
  -2.5454869558811684        73.108712991330094       -76.872008189700097     
  -5.5623165631283609        86.720704399049197       -65.879424586355867     
  -10.952117654287704        81.737651726632706       -53.927383189142667     
  -18.654014997148774        70.833772243703720       -52.279235243221841     
  -23.350311835513853        64.138890896796397       -62.266951635198190     
  -11.784288843082843        69.279504471988346       -65.823078209978902     
  -2.0859841507885761        73.427023660150638       -72.952780769014083     
   6.3216417330975787        72.844344112057641       -80.784963053828236     
   8.8019150472295600        70.865222066780532       -93.430658779919312     
   11.539506405055302        73.501863071613684       -104.18470919888307     
   15.048995116519126        72.402223399470387       -116.19403450599033     
   14.610872715637747        75.401331934165498       -126.91571693209255     
   20.103962853219862        81.309048876191881       -135.89031112830995     
   22.151458261290649        84.424360027180711       -145.97185248096224     
   33.344058862037251        85.808373556245698       -151.25998898508948     
   43.327713836966744        84.900778649278763       -150.80107372796178     
   54.563899742738549        90.663510965378862       -139.39922827325520     
   54.816181292641218        94.924960101176268       -130.13883006602723     
   46.642308940594219        96.679703700175040       -119.19678191584016     
