   46.635714933148236        99.316497546373924       -115.56854597536497     
   37.046243535718261        94.927380655582823       -105.53482588488423     
   32.800899175404709        81.985735708322508       -97.835910783479648     
   20.455355986720690        75.086014227522753       -92.233947403616924     
   5.8202539906344759        73.942215941727937       -90.777482928944309     
  -4.4732175058260450        83.221734981921259       -86.624478516317893     
  -8.6144390728012805        94.895325095714384       -82.154046559863360     
  -13.373093611148487        100.32199846429990       -71.652242358107344     
  -8.9146217082194497        98.641307734299787       -58.787848145699741     
  -5.0645818294867224        95.347004038317039       -47.550741493040640     
   4.5470638433017143        87.242349463403727       -47.761420717187143     
   9.4896766351039155        81.150111895052135       -57.834441857489217     
   11.572353317319093        78.633004908077524       -67.543246852979749     
   9.7632167488431989        81.253249002827246       -79.716430844689341     
   7.4490888328877878        77.363796099074065       -91.866451786741479     
   8.1796282716497579        75.894256098520472       -108.44068754705624     
   14.030258962853043        78.862302906686153       -118.38199407828758     
   18.154500505219715        79.295785215288518       -131.26299328867950     
   22.344064380227429        82.847109425638251       -142.78629712159841     
   32.746452862601608        85.527959340213670       -153.11758269071186     
   43.107659597204062        94.222294311933283       -154.21710555839266     
   57.268883991097226        94.665132846454668       -152.63439914032543     
   65.799669166421268        95.142695473671822       -142.13385063826092     
   63.552700415178251        96.060188863368225       -130.73024834829980     
   55.471587377321931        102.32201224335824       -122.13275546045071     
