   56.410900411951708       -16.471529885079590        82.736546671188918     
   65.630520504001424       -22.466221035644573        77.007012761015631     
   72.408922053473219       -30.953034853884599        75.801220619624914     
   70.274072122498936       -42.837749022448847        83.022205667531168     
   59.792738134428205       -49.288514086008362        85.468785332700264     
   54.737382781580507       -62.374685484210211        81.687639668577773     
   55.660951785615232       -75.448668238605308        72.897687732804002     
   55.740745612917820       -83.710750955184125        61.578998385586544     
   57.863932004670893       -93.578817272882617        50.283133073351948     
   61.862167872746497       -104.48074685596575        41.146124070177478     
   71.271020145244535       -103.36048988597729        31.877983459637143     
   80.345984232599918       -95.494485351199287        27.665803611510569     
   76.888255320789980       -84.844168378630400        33.316961976215353     
   69.266348578570955       -84.993501658411716        45.142424389222171     
   62.513968879277641       -88.411408094549472        58.027416314317804     
   53.741730521148391       -95.353956424032248        60.397300930075282     
   46.444813431783508       -101.46494085286777        63.059515086724915     
   35.739384825846400       -99.939891325342998        70.130815724683927     
   25.153720384231455       -90.919906908876442        79.549398434161731     
   21.099268456533853       -78.775002420580236        83.927674719426406     
   19.200690218696618       -69.247662849611444        93.088127864619111     
   29.417352547806690       -57.900038907747401        92.502509206900271     
   33.618441145685466       -42.231891837176327        90.088722391529046     
   39.680497585716147       -31.005476122556441        96.261241552344487     
   46.146550459138822       -20.559654765723039        90.197863781619674     
