   37.404885386503892        95.870085188672846       -111.10073404656096     
   29.807369441135783        92.266818332170530       -105.03633294244105     
   27.229120818775687        83.644583859887149       -95.534047991684801     
   24.175613607060946        76.018284425948707       -85.597491497859608     
   17.931587830061577        74.073353258166293       -79.055654688202921     
   6.8850104350561141        72.563133885408945       -76.008962941320959     
   3.6719647230857717        82.433413195867828       -74.915913807467263     
 -0.89246192117132850        95.294429270940626       -74.814522554225704     
  -2.2767624782888416        105.60924886382283       -71.842714110964181     
  0.94279269407104760        113.50653697275109       -66.697434624839516     
   11.089877478743585        108.39917017626146       -66.707262107869923     
   15.207179015611052        100.59549176815142       -74.474699722874931     
   13.116182313831583        96.804253721447807       -84.681330883372937     
   10.540392066072911        93.235482629295632       -94.953310788897099     
   3.7717402500930550        80.392300816473622       -101.34248942504503     
   1.0434080058729354        76.774015942255843       -114.18330935005376     
   3.6775950240099196        82.601509927741446       -125.48866786128147     
   10.445504982256587        91.296650052418229       -136.21919695709221     
   15.542243870090802        100.74193632755231       -142.41109786732736     
   28.031917977870457        99.426039017138606       -146.56645856073885     
   38.924277175721777        97.884403220038791       -149.71509469325684     
   54.427919154052390        93.556481864965235       -149.85299582338303     
   60.434222555357785        94.761720038745182       -139.38743265229942     
   55.094031265506345        100.02852464270217       -125.69254857190653     
   48.312309950054079        99.237719723549006       -114.25394631200690     
