   34.280713277698524        102.53065834380087       -109.93701971412064     
   32.091014605798414        98.563181399768240       -97.459248819305500     
   26.338277021722334        85.414919208475922       -90.561047638322265     
   15.371435592431427        80.009424910218399       -87.071507333510681     
  -1.2884596136906801        78.939078432773073       -88.505949340501331     
  -12.563596807302861        83.082653006621300       -81.098838418647958     
  -14.238908502150618        89.361152249757666       -74.087252694715744     
  -13.042334239377340        101.35681523132001       -68.610745349459251     
  -14.491379682933388        109.36931074788991       -67.701091790071274     
  -4.3290371444575086        115.09826282370065       -65.007417598792699     
   6.0140997447422437        107.73465152038760       -69.675993525542680     
   11.545461134785768        95.955260269410090       -76.061038456635600     
   11.860051389015267        88.854616816018890       -86.329526929952138     
   18.384996842329013        85.138330644695117       -96.361565193647209     
   21.347279729999968        76.657280242860011       -105.42342171690652     
   17.591707886712896        72.955941033263443       -117.48222968679632     
   9.2574891579941205        73.110296386106810       -125.75282584978795     
   4.0807185399507002        72.931223074900089       -142.00671245248995     
   9.5979257704152392        84.763139220134690       -150.77010262542538     
   22.243110329437847        88.747725490062493       -153.48237174638945     
   34.423372564147456        89.722893295771144       -151.17013969434265     
   49.750004253688978        86.350671449068869       -144.31730183225710     
   52.000221657446183        93.775395357016976       -132.86642169740452     
   52.351434392314864        103.22941363057046       -125.70921433889976     
   44.665513498771183        103.10364638324648       -116.13750691703940     
