   42.495481639617203        95.737229301773183       -90.634602362021880     
   35.338663463347729        98.287969848418058       -80.396798962243622     
   25.535752029741108        95.026256085697142       -70.179293128125579     
   14.752518971834068        86.327542410133660       -78.081573802002964     
   8.2947282320724476        74.520471412160205       -79.503706578857461     
  0.91423195928654888        72.525027776873458       -71.165613313404052     
  -7.4240045921689521        76.299630940694996       -63.577391887839781     
  -7.2899041913739016        83.400887406851709       -53.529405396091342     
   4.4956473511314288        85.022870006313582       -46.658885968135060     
   11.038911340703887        95.131433250174936       -54.475509189531124     
   12.926676089577093        90.823640848520284       -65.561574001143583     
   11.820518600609232        89.270628495807941       -78.612026116815642     
   13.842416339134989        79.529707782498548       -90.596600915904915     
   18.826747601610574        74.521118752860190       -100.11909772355332     
   18.784633944408984        64.682631983127834       -108.69004832114254     
   16.502978681511983        62.200468188264168       -119.43146494369617     
   16.505050992931107        63.135039149265900       -131.85544469800018     
   13.964154971663222        62.290510729404843       -143.29171338063307     
   24.208259753492289        65.289991513899025       -148.85364372401403     
   29.274469789581975        75.232089338148512       -143.98611702304279     
   37.470051383273493        83.990294436441900       -142.49422117628148     
   43.394670961984765        92.871720480553819       -133.44724522143667     
   46.800910745975663        94.171100311324210       -120.63119116350988     
   52.106133653262752        97.353847452464933       -109.95674653037504     
   45.782532033317359        96.680308232748231       -99.962951444354445     
