   49.075687656213816        77.137575972262084       -88.614645255702726     
   47.374649819095445        78.997700962766274       -77.958184574993354     
   35.760371520257401        76.618564699593364       -71.373217401581883     
   22.870920756805106        80.084850435025672       -73.162955259685589     
   11.376331015939398        83.360300178358685       -82.529315690610716     
   1.3467296816423493        74.170077659063082       -77.873986549697520     
  -2.5773275929188821E-002   71.773438379001931       -64.674974090374675     
   7.0339964356456175        75.632815755684504       -52.274018909151856     
   18.400042032234023        81.120447794104550       -50.425979924436987     
   22.356440901092256        88.559730685932564       -59.785366664501282     
   20.077167632047509        89.964675168251276       -72.573422175814002     
   26.281156235861744        88.609774814620721       -82.363336715148307     
   27.121255108210068        80.620054523992977       -90.854068121931874     
   21.124313651171054        77.003910252175771       -100.87781552004873     
   16.618554997367720        73.195340834141533       -112.54536274797363     
   15.364895103831351        68.230701103158225       -120.14453266015109     
   11.394322382317515        66.641816468979187       -128.23713458404876     
   7.2909172189319094        65.328462376483600       -137.90177703425792     
   10.619461357597253        75.271758983197344       -148.73419907746421     
   18.578805447692311        86.850549057044375       -148.20167224283878     
   29.650312435315637        93.736401160664244       -140.70218972978145     
   37.696575462375158        94.365567048309714       -133.54279773901050     
   44.588565252938778        94.367106931575890       -124.27243799824376     
   44.732369008967950        89.282102449303736       -112.79800685551760     
   48.889793365733667        80.712071714862930       -102.59487454890267     
