   44.051397952155845        74.501400557199020       -98.155201627735167     
   36.480917368364494        86.279170640698666       -86.591106142895427     
   30.070484869668455        91.167139540374862       -84.094488710524089     
   16.636799707396062        87.576436248566878       -83.320505587029260     
  -3.2246303746964133E-002   83.086280079678033       -83.992648910266283     
  -5.3263406469387808        73.548248571490035       -77.615397909829440     
  0.13221049296122789        65.153718415694854       -69.995189353721130     
   9.9043158364781902        63.226507390447544       -66.661793834723071     
   19.569616228033791        67.545506959671357       -67.761354073114461     
   25.696933245019483        76.583122787237187       -69.809029993532661     
   29.862709917197261        88.375758877717303       -74.282326098396751     
   27.929913848135861        98.338420721025500       -84.713418413614050     
   20.918599427607063        90.634925985743095       -94.337732759265876     
   21.149903917238557        77.955224625268485       -99.429753727597273     
   19.502815998961186        67.254256233824336       -109.97747237195983     
   11.958228495958179        63.298788772413282       -119.28306508816807     
   9.0886144966769997        69.119169444542649       -127.61787068447713     
   4.7391724896569514        75.177472103461440       -138.40848819494943     
   9.8258767408851693        82.482043229186516       -149.38703809133966     
   18.347323378804518        90.725147891796226       -151.22583504154474     
   31.938903595578715        85.356947452228439       -149.38614173737986     
   40.677662120013920        76.421913545331677       -143.26134314669542     
   43.671348093133837        72.180755959267856       -131.73511257027531     
   48.274413373293342        71.515255845945788       -118.58110990015324     
   44.002789190765910        72.650657259573407       -106.25965657034298     
