   42.261572518497751        71.194565868534227       -89.100859868578965     
   38.614942907170978        80.893424842163256       -82.247672289437190     
   26.158338948568701        86.664233921832576       -77.914594102710481     
   11.060586356746569        83.988006348796176       -82.505119142043696     
  -1.3864005546360971        78.851400236398931       -86.255081934790439     
  -6.9442200371722675        76.733088101297980       -99.507886723543535     
   4.3785035211903001        68.483888151061464       -102.03965929258648     
   10.376303851938838        61.781981074189176       -95.731728455439494     
   14.692555265993587        65.133086675307737       -81.993685747180734     
   25.019070655415579        74.300764583202465       -74.469574361918021     
   34.512753325453772        86.509890882901985       -70.258999575696976     
   39.782653769080241        90.669608797509184       -79.933597259849407     
   36.154235487398658        87.080112034323008       -88.258509654986682     
   27.265824379266757        76.556872000468729       -92.532662251951152     
   16.216625939802515        67.786314480585133       -97.869035281808451     
   9.4416249642983026        61.764677994111395       -107.38233554840670     
   6.1313615466673852        64.264662082099335       -118.00736067870446     
  -3.3861495149435727        67.144263034266160       -128.59783867671874     
  0.79780033174964182        78.878314712663354       -138.55351627359133     
   5.9080558931236107        86.860200006341628       -145.31966270229290     
   16.507925475120249        88.648306371421910       -135.59512196376014     
   28.679319678970600        84.242698233099176       -126.92416410227622     
   38.092054281511807        77.086629484593090       -124.42663199287922     
   47.393259432112622        71.135231181932014       -116.32233299800092     
   48.196921788513485        68.081650081650494       -103.65239546866260     
