   23.188482947706049        84.098337151258775       -91.183534646302775     
   22.705183696851005        89.624562836409837       -81.785699194772207     
   12.589056010116604        84.939979565987514       -73.116014791811025     
   4.9491126629881439        70.677978449330141       -68.253334077142455     
   1.4051363376297541        58.461483378789659       -67.737299797556062     
  -3.9487526110976492        48.990381155360346       -70.047990504624508     
   2.5591358563718352        49.619791227018069       -76.806896647509802     
   9.9894035114397504        60.688949184629585       -81.441221676419389     
   22.652695802327059        67.039495260580338       -80.628820140457307     
   33.525030607580945        64.603886032504903       -67.498197760203880     
   47.797094817698571        58.642238781510052       -64.161849516675105     
   56.600934328345168        62.374413056326830       -78.416510493013192     
   50.986582356965222        67.720338951412558       -86.772528304469645     
   41.733700023159756        68.864905930262523       -98.938469307313554     
   31.841161023620678        67.830027345343069       -107.78573678253539     
   25.081240879177614        66.608747524330823       -118.87666119302506     
   22.352002527360089        66.548072502438643       -133.32518476776522     
   10.315633482444508        67.799065480447510       -137.56222067813133     
   2.2699770759076729        74.235663845655736       -142.32865359730178     
 -0.98174129620160644        84.150107708906120       -131.42807195730609     
   8.3201096442439884        85.446648370323942       -128.48317970865202     
   23.119889894870788        80.552358869891080       -124.65898423256863     
   27.305007864972659        67.382433095341511       -119.67089322108011     
   31.240513093969057        62.225950305958740       -109.93679249224539     
   25.293811858866498        74.610772602158903       -96.105494699920641     
