   34.220201451251647        49.763925937097902        39.758223341159820     
   24.889161871894409        54.025641108783347        36.924498246744854     
   16.341039534925081        50.819690046528216        26.370743483037909     
   21.255467023862071        55.792906958897916        16.614669841200989     
   29.312427458820846        58.213559025267493        8.8882139050684561     
   39.910220753227335        53.097873500434183        5.3409463329779944E-002
   49.735481684279350        51.372722328053776       -2.7336350289340237     
   58.779153441170095        49.688623117381951       -3.9938407785248868     
   76.461423910344195        50.652194894647565       -4.2912419238671244     
   87.491169395970672        56.108804256146435       0.36906383808007870     
   83.236537902118272        63.246096490390855      -0.76826490933763658     
   68.361092971105577        65.510602413592480        2.9186747570778122     
   56.930733313311734        63.555898859612505        4.7324008943094906     
   46.166421854180257        58.622222359119881        7.0596863273218453     
   35.459758392972113        59.978965069720303        15.301086993502214     
   30.365595560973674        52.653124355290267        23.936242415869135     
   18.966618564949911        45.116380787840065        33.561213409301658     
   13.184943906342273        45.123762886751898        45.272317185086479     
   9.3696858681690394        49.252819706776371        57.438926067797638     
   8.5657707023527969        51.764342478435765        70.868189732305211     
   10.636184324699686        45.839496523892016        75.959165939993511     
   17.850924623940738        33.204152633776715        80.390628830829414     
   27.986746611219182        33.154076148485707        71.328729217856349     
   31.495035624442679        40.630715616592454        61.125085505486346     
   37.429386294801823        44.990564860241221        52.222015944314023     
