   24.580383518319778        63.095744532964737        53.683684287932579     
   24.643211100379268        60.451070275572057        40.192642018517432     
   21.071095587455126        55.742949775975362        28.062056067434114     
   30.359111048812618        59.762964680522842        19.961758014459519     
   31.290155778311778        63.102841920088942        9.0759725908283695     
   40.370156708715413        60.783846447524780        1.3877741181982246     
   51.556986547557194        62.173493641906127       -4.4190755118325784     
   63.994392160280654        60.230403495173263       -9.3449090162079536     
   75.103704175430977        64.147778617475282       -8.0770079933820202     
   80.363450026213755        70.315883418483935       -14.616837430766809     
   68.075726101113446        72.542062950775346       -14.089326077940553     
   63.908992099340665        70.317786944926468       -1.8820836009322981     
   52.495222678218376        66.015824695781603        4.0468734528143884     
   43.741668361421148        61.734221726393500        9.2124433763575748     
   37.852844271759054        57.719792024261487        20.239976955032372     
   28.978218452556309        53.691802575192035        29.595828838353999     
   20.271955309644611        44.458061740211591        36.704338718509653     
   12.798982567692924        37.124934647679041        40.677049128161400     
   11.296666052393887        34.787652143585539        50.069819236053966     
   6.6956084227927413        33.158509270808935        63.094674215021499     
   7.0082576303933148        26.691685764199470        72.600250997606068     
   16.142045250799711        27.804156867739351        80.881102744435452     
   21.340300674216895        43.683670264532246        81.900522907585753     
   22.422372104924570        58.461174293326707        77.128682244901398     
   23.560766133381581        64.748314384060137        68.211178180418315     
