   26.219960029782506        73.349613120006936       -77.656193123196118     
   18.655180680021491        83.483048910043280       -73.423805582039762     
   5.9755587151967111        80.603415498841883       -69.959157614695485     
  -4.1891976602392536        86.121166889864611       -66.256424768304171     
  -13.399805595216943        89.076224391611476       -73.693679502548335     
  -8.7962661802354809        84.579444665870994       -87.809873028582786     
   1.2301709895951110        80.167107616064754       -85.237828961802890     
   7.7024380703133160        79.003539397000893       -75.201345573015388     
   16.849787210407694        80.355041017020639       -66.728180441993828     
   27.905800217024911        79.543088166862873       -62.682547256003474     
   37.925766354761471        71.230705786670569       -64.686174268950836     
   46.598359378986025        65.235003780847947       -71.486297701458000     
   41.445313877912781        56.009240598618803       -81.527893804629088     
   33.827054069869021        51.280668877912447       -92.469769855578093     
   29.306000773392849        59.329610285093445       -92.548466244236451     
   21.676737946647503        66.697353635018032       -92.618756791267813     
   22.238867708387179        79.222392898199189       -91.336688090053286     
   16.862269976798256        88.597949655671158       -97.224418859415238     
   10.227134801896099        87.214170530046829       -110.72810180441783     
   8.1510933601274917        80.230149034886892       -119.36184284765304     
   9.0249670622571951        67.491123920960888       -121.77925297768981     
   10.122026152979357        53.968366428184297       -116.53283167237353     
   10.697131177901657        55.385644127427227       -103.31511214750485     
   21.506221821781214        53.324298446205972       -93.075758688505218     
   27.133607741769815        61.873950640406548       -86.110249607157527     
