   5307.3456563667278     
   6883.9694507219692     
   6366.2037355602261     
   5310.0704591575604     
   5463.9579424439398     
   11817.412294299940     
   5256.8477102354218     
   6266.8768852311860     
   6098.1565653036614     
   3846.8921944146841     
   5232.0494199803115     
   4056.3252568075077     
   8284.9767526895921     
   5625.5266854416104     
   5982.9540259824962     
   7734.0834748027637     
   6676.8750912224878     
   5334.7768588485987     
   7882.5844903299349     
   11410.031027840567     
