 -0.39682290530634734       0.91722050811556555       -3.5186948097809659E-002
 -0.90118669602795420       0.41425080156309751       0.12751004786501555     
 -0.71367609744513538       0.65225352178661933       0.25540511203265931     
 -0.30378559758257462       0.91489599930947596      -0.26585639196549121     
  0.42517280224850507       0.90416167326174846       -4.1469950960393367E-002
  0.64237121777193262       0.74835260566450001       0.16531060514478210     
  0.97411648965990227       0.22604656620410726       -1.2033278250262770E-004
  0.93827548441153019        5.7611470634065125E-002 -0.34105722951385026     
  0.74040754419396382       0.66990728216950224       -5.4962730981337818E-002
  0.42381205832055491       0.80326509136530200       0.41850750556709149     
  0.62939179890488128       0.72740739600828241       0.27339430078864230     
   4.1029257855762120E-002  0.90827035290920144       0.41636710487979889     
 -0.48000577436215847       0.68157471059236441      -0.55231365224834239     
   9.6699050957787205E-002  0.65723044805351616      -0.74746065561688679     
 -0.23740479602468520       0.96702305419221812       -9.2224592626997309E-002
 -0.19879902850010675       0.95677341803293092       0.21228182402880025     
 -0.38362669726482440       0.75861948574490812      -0.52661848903528352     
 -0.77070940657249842       0.63498290869395801       -5.2950130190766900E-002
 -0.92708007202994036      -0.23332335892178754      -0.29339862001448958     
 -0.88816250031035893      -0.45216048826839866        8.1965028465342732E-002
 -0.98168770179396847       0.16556738722717815        9.4216221709660569E-002
 -0.95105664088040853        8.6690292301487809E-002  0.29660758428930856     
 -0.93683511151092680       0.13170134157439470       0.32402890375366400     
 -0.87632121884503533      -0.38594130688539541       0.28828879451259815     
 -0.84231289011805577      -0.18301198419170517      -0.50696706873638364     
 -0.27252534344113016      -0.95426609155606668      -0.12290713440880316     
 -0.40164460369820176      -0.90541769561952767       0.13747875755595165     
 -0.26117667287781948      -0.96031947236713888        9.7843019868333533E-002
 -0.14982421176724811      -0.98603170567009213        7.2761122734866832E-002
  0.61651593749585620      -0.77516907759103726      -0.13791664134633355     
  0.58266465927481859      -0.79642988604710629      -0.16186825335174487     
  0.10715169195991345      -0.77801510151277919      -0.61904039991601112     
 -0.13131536846733227      -0.58126892249770490      -0.80304589765631629     
   6.5200595149836532E-002 -0.90580564264565600      -0.41864665308990934     
 -0.45267127042986022      -0.87594250478249425       0.16677364672744821     
 -0.92640103621127923       0.15509580506534903       0.34311282598845849     
 -0.92031774215321349      -0.36273009382141097       0.14643132354212504     
 -0.67894971582384323      -0.43095023041736519      -0.59439816813808843     
 -0.11810060372590157      -0.67955444081356520      -0.72405663409026655     
 -0.54362234973649781      -0.82360997318234674      -0.16168287770050846     
 -0.50112586847113250      -0.86354942502932019        5.6171651930185529E-002
 -0.24847999212896726      -0.94562505156057231       0.20988319459317345     
  0.10849597274504284      -0.98082059876587591      -0.16192460262307234     
  -8.8715360668837034E-002 -0.97137287018838991      -0.22037316498011827     
  0.44772430042717759      -0.79936670528682818      -0.40069417425995751     
  0.56305778107722626      -0.63571323415671166      -0.52804793256521099     
  0.30500436966069799      -0.77122551474220047      -0.55873387215963632     
  0.23227949803169942      -0.45493932902641693      -0.85969555175022794     
 -0.25201850008808313      -0.38795511693207646      -0.88655372248925401     
 -0.11316699965049178        3.5702865369912573E-002 -0.99293430577983288     
 -0.35726894382862379       -6.6962223525130066E-002 -0.93159806912430954     
 -0.48046301360212845       -5.7585938365377856E-002 -0.87512236416567690     
 -0.87687969503755014       0.32988675791988747      -0.34965229497308803     
 -0.80348831458418080       0.24351837702466661      -0.54323597853780747     
 -0.69497268693026248       0.33322160088373320      -0.63716271793428136     
 -0.68954823597037018        4.4210463911887550E-002 -0.72288910985768451     
 -0.57229746682754656        4.1046433588572455E-002 -0.81901819256499264     
 -0.35130904803217755       0.77613382322871394      -0.52363941907681055     
  -9.5316895630611603E-002  0.69344033241379022      -0.71418148589079788     
  0.15347695591196969       0.85443730427422615      -0.49636852949052218     
  0.49552199158317367       0.34260372030777586      -0.79817331870258557     
 -0.26760619743165043       0.75874516033886241      -0.59387936886081516     
  0.50884717326490136       0.86032646985518302        3.0214558193390525E-002
  0.68199273184321541       0.72874885290913227        6.1733484403828004E-002
  0.64411966054539538       0.73437524504942542       0.21401603294488747     
  0.89097223084380095      -0.17107178914855525       0.42059829626703449     
  0.74935038202800464       0.16075305659708666       0.64236474043114145     
  0.40239609300419871      -0.79187393763236369       0.45936156917352561     
  0.25771304083556917      -0.40942199807869678       0.87519004568866321     
  0.17400773224658253      -0.64024381972084121       0.74820395643678606     
  0.37595215668900556      -0.57163464858282054       0.72931049932143288     
  0.16548098621101340      -0.62134271217131365       0.76586505158168838     
  0.73901529067845273      -0.20677600818286448       0.64117086847688443     
  0.64433025001503796      -0.43210975318486350       0.63096726548853233     
  0.32067372249082704      -0.89787330456753467       0.30164862447698076     
  0.30494906054844867      -0.53720509229029179       0.78639478589827949     
  0.20270852441048115      -0.41089579771310125       0.88886101138087914     
  0.43840839828544576      -0.28203688863382492       0.85337756577176360     
  0.47844034197806723      -0.38379910183397492       0.78980572839107221     
  0.46610171390802702      -0.45134864318749957       0.76094256983350761     
  0.22764008992166224      -0.65853429680629205       0.71729531532717428     
   4.3100690143099252E-002 -0.59167022513948275       0.80502712699175305     
  0.59152809782319926      -0.20659915810101601       0.77936595855710378     
  0.35785496184113164       0.13524936903827295       0.92393042728359176     
  0.53418860566521553       0.15972338085929866       0.83013913001637518     
  0.78717592436454331      -0.10949530840276234       0.60693067276141477     
  0.85680402578915937      -0.17114413869275724       0.48641190896464215     
  0.95037503666580236        1.3981634139301933E-002  0.31079221931907552     
  0.98603009737451552       -5.8194992160923102E-002  0.15607046472346653     
  0.85676388788244473       0.12764608777014755      -0.49966200245519404     
  0.76355513639811190       0.61743695526889564      -0.18909034863878085     
  0.57163302979160235       0.69377263502030151      -0.43808128258150481     
  0.13677303337620619       0.73980327241419575      -0.65877481392834081     
 -0.63561096626552882       0.74467801270613432      -0.20360097483814033     
 -0.46991286865006260       0.58449238726393105       0.66147603517253462     
 -0.74498081492657031       0.31937672278462215       0.58566380657736983     
 -0.98749567850438646       -1.7620322637328399E-002  0.15665825597561159     
 -0.65377010865601470       0.74387487417604126       0.13868964127677824     
 -0.44669577306785746       0.84871356528960551       0.28310452207038800     
  0.18651641375342440       0.84876960312560334       0.49477448217400261     
