  0.68788381207529181        2.4726075256397660E-002 -0.72539953286944114     
  0.26348810778187148      -0.50951700336553252      -0.81912541185032406     
  0.31623661062389674       0.17260192230617458      -0.93284670901351929     
  -2.2451225977273111E-002  -6.6593468227760966E-002 -0.99752756976513779     
   7.5045972053380455E-002  0.81982594700106870      -0.56767377841712363     
 -0.26097407842912956       0.45089470249636254      -0.85357278403707937     
 -0.16013661085276634       0.57692593835485417      -0.80094489668014046     
 -0.71998459136735560       0.23639450565148523      -0.65248741435477275     
 -0.19031436959612263       0.95306495524820467       0.23547320824878298     
  -8.5346858764610192E-002  0.95522739679698998       0.28329584202286734     
 -0.59825689475397881       0.51684227993511034       0.61234201680985889     
 -0.86206141912355705       0.49643199141207289       0.10200680154427158     
 -0.83839228442560287       0.11808103880971034       0.53212333691467140     
 -0.46523557572411500       0.44185689746400242       0.76701912703929231     
 -0.69714210699757917       0.62044459814253972       0.35922330560069721     
 -0.98404570625842203       0.11630262743448980       0.13463932132244577     
 -0.97744534561563701        8.1126542911166818E-002 -0.19498482086968608     
 -0.66143302624251754       0.67094003191250406      -0.33518028786443943     
 -0.88158629198728089       0.42852994263826227      -0.19790830715899732     
 -0.96073556999876364       0.22305406693149915      -0.16502741519050829     
 -0.87449067256660329      -0.42608656523427058      -0.23176777714093186     
 -0.86775335924920938      -0.20852093372685651      -0.45113537625571276     
 -0.95120987798249856       0.19630399799658257       0.23804308097292243     
 -0.58852938784431630       0.60059043884525565       0.54122480025517572     
  -9.4306867439163972E-002  0.78368158549971989       0.61396204060385939     
 -0.34922603396010371       0.93654560859966840       -3.0389146371369358E-002
 -0.41093234697162817       0.83908414815131172       0.35647215674379107     
 -0.59272602446474898       0.20166528715372145       0.77974801819526540     
 -0.84520159728232502       -1.1303988456628486E-002  0.53432806383005416     
 -0.67064678007729228      -0.18643413263670133       0.71796602326292580     
  -5.5404992443260553E-002 -0.99284049800160767      -0.10582075571580365     
 -0.47555283470853493      -0.87219993677407559      -0.11452847546336245     
 -0.80139283198245548      -0.47853999518731943      -0.35884397982028027     
 -0.65943909802861267      -0.56810107850352032      -0.49234260489452536     
  -5.8940702737809290E-002 -0.43240994467618959      -0.89974865007170679     
  0.23165919749497907       0.40129036414502395      -0.88617157473047170     
 -0.21322304851420873      -0.22915367576627324      -0.94974971674915554     
 -0.67181751226908148      -0.22536408808562247      -0.70560063634458026     
 -0.91717389468087274      -0.13474633413192819      -0.37501396287859751     
 -0.89470282130952095      -0.36383348023729151      -0.25909855306272317     
 -0.95288455232636449      -0.10297835546466028       0.28531822276810087     
 -0.74190474261583739      -0.27459184246713614       0.61169982257198063     
  0.30145815314770430       -5.5965983275807221E-002  0.95183548505859950     
  -2.8638517678964033E-002  0.31047208798563558       0.95015099741406284     
 -0.24112784395064757       0.15442140184086042       0.95812911109367616     
   5.6210595222238119E-002  -7.1496141664089116E-002  0.99585574794337306     
  0.52468471643018821        1.3003663861446437E-002  0.85119730560587503     
  0.78148961737625378       0.28414916707168397       0.55545767506224952     
  0.68821040347498386      -0.58660560046033083       0.42691955923496522     
  0.71082240486625958      -0.28603778270519048      -0.64258376543857187     
  0.64658682042460891      -0.39490081880617245      -0.65267053477184478     
  0.49015634359529348      -0.16780553080872199      -0.85532921303044285     
  0.78547418569698380       0.61868887096297154        1.5949437300690580E-002
  0.81301803928879346       0.52520757780058969       0.25131388344423472     
  0.64393350746455769       0.70516943638618579       0.29679235830996514     
  0.15071905727546686       0.97192540479955902       0.18067864643941162     
 -0.37131593903991400       0.90789931847187166      -0.19453354706370043     
 -0.68941974597765532       0.63713891755216312      -0.34460762266172112     
 -0.13940917926938087      -0.11246917606715723      -0.98382710125824469     
  0.19829489992202712      -0.79728147657298754      -0.57010646354734185     
  0.37529316818223157      -0.68669969450712542      -0.62257414617017415     
  0.67021400389071750      -0.72145061625651696      -0.17413270023694499     
  0.91638674738935144      -0.37128807913770406       0.14960110794829054     
  0.87139046889496596      -0.23509154002566671      -0.43059333311995851     
  0.76481920975621576      -0.62320310889501385      -0.16330787320723616     
  0.67315759523350682      -0.56025987775559638      -0.48266729882674569     
  0.33530303184447136      -0.14460785688105016      -0.93094599444014980     
  0.25626998544171298      -0.84813081368863874      -0.46368072790826947     
  0.50735838538969014      -0.79478031087167422      -0.33303412171345947     
  0.47377469976639686      -0.87659165320235510       -8.4407389470316882E-002
  0.36370139047749961      -0.75795380739185270       0.54150468550595798     
  0.49396410432687932       0.21546870643532512       0.84236138336441657     
  0.49166448739193597       0.39231136550641565       0.77740454354994182     
 -0.24204433477320439      -0.26243589273786150       0.93409953549236824     
  0.58086641020067820      -0.27610115999810469       0.76574301364640041     
  0.85347624351726004      -0.18302548304926752       0.48793439549414408     
  0.48610672377001540      -0.87369489110562126        1.8907415516949425E-002
  0.43191118992383581      -0.89380416399457729      -0.12069316651968864     
  -6.3094875896571423E-002 -0.98910469942216317      -0.13300725625538101     
 -0.27247629380407590      -0.83420958022482072       0.47942783145734730     
 -0.36877359156976713      -0.43383852580843396      -0.82206457878022277     
 -0.45747170658437308      -0.29802381901587061      -0.83779558424116585     
 -0.17164190907208998       -3.6405652849126613E-002 -0.98448650752091427     
 -0.45140844412531561       0.58292087396448133      -0.67559875019783655     
  0.27731684905765347       0.95427325884316805      -0.11161501998204443     
  0.53037290022184780       0.84517658526543993        6.6190078027766899E-002
  0.32905915813505754       0.87141278499361086       0.36381290328563926     
   5.8375969905385849E-002  0.92234735736438866      -0.38192616891299480     
   2.5675413195765336E-002  0.96104443572371823      -0.27519877492771438     
  0.74711523750487541        7.6245764103064398E-002  0.66030705383509702     
  0.34167977214411588       0.46423000567796435       0.81715692197755063     
  -1.4577145369314374E-002  -3.1284547681429631E-002  0.99940421447444272     
  0.30001238236727540        5.9298617470527344E-002  0.95209046019399846     
  0.43581928688741006      -0.50396582587467231       0.74570771454198881     
  0.55452782783042454      -0.28944987360497687       0.78020360088362173     
  0.66534627701442139      -0.18559988040870934       0.72309544048858065     
  0.62874525060118025      -0.76118235165057690       0.15899948862248084     
  0.58321961285403179      -0.75776551750322507      -0.29265389740360864     
  0.85611782744339104      -0.39735779903045249      -0.33040739259791108     
  0.88651223336885410      -0.19534737184050099      -0.41944661686849710     
