 -0.25611960735371359       0.13571669592282551      -0.95707038674110489     
 -0.11904949659493770       -7.4472244367497081E-002 -0.99009146152229044     
  0.34764028228041172       0.41512777719920124      -0.84072300000274303     
  0.78004649311607532      -0.10695982267448280      -0.61651201522008947     
  0.86118469837002265       0.18548328308473933      -0.47324081289491682     
  0.91752909296024299       0.30441631725961321       0.25587315091203139     
  0.42158941376259229       0.51469645293101807      -0.74655872343948038     
   8.9479902942924128E-002 -0.26646210096518452      -0.95968291415367646     
 -0.32796924204892780      -0.65213706541456518      -0.68348622823161298     
 -0.66565954558596141      -0.50241720834317438       0.55179191560852159     
 -0.13920702070454868       0.12486465069354485       0.98235951891033291     
 -0.41980865125571659       0.81132321942302210       0.40683575304527564     
 -0.46578393677059760        2.3736230937700997E-002  0.88458007867426547     
 -0.50965259414121611      -0.37668540176890991       0.77353884283810836     
   1.8311956951220225E-002 -0.99970359718794377        1.6043378761742194E-002
 -0.34526229559376004      -0.86386032274284930       0.36679597875646325     
 -0.46220470230539190      -0.66693869681673101       0.58443099494736050     
 -0.65615995150021267      -0.56838987128631713       0.49637392383799922     
  0.20149782661801996       0.14802153459889297       0.96823976945958123     
  0.45810753387122677       0.40727214297999220       0.79010561886553521     
  0.51703463255669302       0.34210692464308856       0.78462605159923937     
  0.47385924820562264       0.88028410162262205        2.3607484416196534E-002
 -0.22462547460458571       0.97276967163663519       -5.7118841922924171E-002
 -0.14771538760037309       0.47426249186661146      -0.86790279010644811     
   7.8249585408642741E-002  -8.5901195966577915E-002 -0.99322605025988908     
