  0.33426106488512292       0.10666611624764724      -0.93642505313906721     
  0.74894565371679367      -0.20233125769528570      -0.63098531673736724     
  0.10164337734419260      -0.97710090805171157      -0.18692896866610914     
 -0.69268646311233117      -0.50671986033029182      -0.51324501650553123     
 -0.76605329787457066      -0.58186120882504611      -0.27312978321693898     
 -0.66420564598729692      -0.72179835873267573      -0.19451989401964412     
 -0.33881732034309547      -0.51135204267179069      -0.78976066747521778     
  0.66548506984238565      -0.18375870671761535      -0.72343787537171922     
  0.99768670321921826       -2.7505965958542575E-003  -6.7924049039662773E-002
  0.73832042984396484       0.43761091920229811       0.51320524770303066     
  -2.5402471559278855E-002   7.3850753809075464E-003  0.99965002630935440     
  0.13041658639436315       0.36129364586482926       0.92328674606047756     
 -0.72380896206557255       0.42995064143759265       0.53966937319154640     
 -0.54675183234667712       0.82090998306571050       0.16483092406647992     
 -0.59255661331229992       0.72772379676227750       0.34539069999895117     
 -0.96244871471841553       0.25654108059083552       -8.8764550954552740E-002
 -0.12295677505251715       0.93460654160653411       0.33375476604080673     
  0.36191762595245142       0.47407621128374006       0.80266268003426444     
  0.72920053537653728       -6.1941355705352884E-002  0.68149090064353912     
  0.40642335845994632       0.32212435243397819       0.85501810230376574     
  0.57502265172817335       0.59174573330854563       0.56496543001375765     
 -0.68422113046694177      -0.19689403505601039       0.70219241207940997     
 -0.69565423269029880      -0.55514753489599356      -0.45593464777197751     
  -8.8280461141995517E-002 -0.48110581116421264      -0.87220625923262762     
  0.24185856017339397      -0.29867043136565941      -0.92320117542099189     
