 -0.57042190091212253      -0.76332832745078694       0.30323047253031316     
 -0.56318958099977878      -0.77329156382904896      -0.29126903914439162     
 -0.41458996262711778      -0.33838503723608304      -0.84475483393914408     
  0.51145214144346463      -0.51649750471513678      -0.68676563297525450     
  0.40541270519384803       -2.6172783774840599E-002 -0.91375900753801265     
  0.22546540568831500      -0.92877739816849392      -0.29417324060691691     
 -0.18000509463760206      -0.52306421118238011      -0.83306782249985090     
  -5.3746033208073252E-002 -0.70043234060724424      -0.71169227911074262     
 -0.22824876356947835      -0.78853519754335610      -0.57106457092369678     
  0.24777318795000836      -0.82270058286911929      -0.51163678354854680     
  0.92930509354929935      -0.34071599292856858       0.14249440433229127     
  0.68631292923282550       0.56554382417739213       0.45731252563499347     
 -0.11750881434307518       0.54517320099584043       0.83004690196857034     
 -0.75444286812854633       0.64575578846902770      -0.11753901645286076     
 -0.96486523525211387        3.4338374861783469E-002 -0.26049175383057255     
 -0.85100894687311179      -0.51268804003898272      -0.11373102454003015     
 -0.94833827408966676       -2.5106258547322402E-002  0.31626601726775727     
 -0.41795290206261204       0.43237701070800294       0.79897777958379135     
 -0.13888054618374540       0.98560435187469619        9.6417091106106162E-002
  0.72190308397140623       0.41664117635547648      -0.55250888455996650     
  0.77892855613375067       0.62711266162292101       -1.1862380588112398E-004
  0.69299675060313148       0.60376124275044918      -0.39398967677585006     
  0.18306161414379959       0.59711256147146441       0.78098977865274644     
   7.9911945748592811E-002  0.33592650483774278       0.93849212264897919     
 -0.42719114955721543       0.30643167740528721       0.85065113226431199     
