 -0.67201154432219212      -0.55083822169428187       0.49495225812027727     
 -0.99396581842326381        6.0956958362766232E-002  -9.1193207166511872E-002
 -0.76185773001334145       0.54419313414491621      -0.35132126603498370     
  0.17623605774323600       -4.5723293278212347E-002 -0.98328542773850314     
  0.57956744936288718        4.4312224961004523E-002 -0.81371862357818547     
  0.39454057080258709      -0.63875286873943693      -0.66055469922476251     
 -0.35060098845442711      -0.77548959637688120      -0.52506650322219095     
  0.22247991164256548      -0.86010645573499644      -0.45904201737802336     
  -9.3685570530418788E-002 -0.97893490378157733      -0.18140966907125836     
  0.51077629666676305      -0.85162396128568774       0.11766139268027814     
  0.69104766513540583      -0.29144135782136793       0.66144921155152225     
  0.92719233506395959        3.9597262145992934E-002  0.37248681940327855     
  0.39522639865571363       0.88697054298939360       0.23891284953874428     
 -0.60968264635439451       0.75323722809187621      -0.24682128950063612     
 -0.92512899577419783       0.34962830082118773      -0.14797429656095021     
 -0.86713441079649489      -0.44621596835172572      -0.22128990758859418     
 -0.89489700084518242       -4.9608348862039603E-002 -0.44350689915885172     
  0.55852685601534813       0.55512272987550659      -0.61634933753932430     
  0.30338652194307936       0.86899523150431179      -0.39090140179595895     
  0.28585322810891356       0.83157086721269469       0.47621195363287250     
  0.39808626304250638       0.61129185339035808       0.68399531954205106     
  0.28561310167708209       0.22360990927000213       0.93189257139793935     
  0.74319700879633155      -0.38869864397560316       0.54458385055721825     
  0.33642061201094586       -2.1203256376348956E-002  0.94147309772145460     
 -0.44228343137507542      -0.19384808908564816       0.87567590162623654     
