 -0.99261670840433902      -0.11432696797580798        4.0514375102702088E-002
 -0.72256717100245371      -0.68979273314011580        4.5636265146809997E-002
  0.10014379919691560      -0.95966350770153608       0.26271119402936760     
  0.63225464733056591      -0.75748682357249864       0.16268919153681030     
  0.31578843418416969      -0.94434812804595081        9.2110140004120836E-002
 -0.26272809771873473      -0.91140339632184064      -0.31672984678127369     
   1.1821449252578539E-002 -0.56267596011109111      -0.82659301790579598     
 -0.27098336746665369      -0.69751536368188516      -0.66335535875138207     
  -5.8430353291617505E-002 -0.40342564704124295      -0.91314491792025509     
   4.2881891706398390E-002  -7.8893090810099015E-002 -0.99596035241673020     
  -1.4768095765319674E-002  0.18980419915199914      -0.98171088887295144     
  0.23317657706656150       0.15884583539154717      -0.95937306845995163     
 -0.18802696353320400       0.52746590983806441      -0.82850804156820312     
   8.8853622923404055E-002  0.91755491379288212      -0.38755388511527583     
  0.12596024225078034       0.87949219269933765      -0.45894171781723875     
  0.60827515408372002       0.79085843818737001       -6.7411183584683843E-002
  0.68846880534560695       0.50247824541982644      -0.52299743493234729     
 -0.22016088781595727       0.47469460080313536      -0.85217029955547208     
 -0.73335305964838438       0.61568545348302139      -0.28831356588580992     
 -0.71830094405827771       0.60827053375723783      -0.33771394926429676     
 -0.30247498719588428       0.92771864183343233      -0.21873957967313964     
 -0.52882647553924700       0.81703933900027081       0.22975917238433352     
  0.27620065292801926       0.73912432834808983       0.61433576044870386     
  0.39145652697522160       0.65908464050044246       0.64215981199768790     
   6.2654092220979396E-002  0.60557460649815997       0.79331825939690437     
  0.32569876551059757       0.81218076887076751       0.48402759510318771     
  0.42905583667701169       0.64081586976713067       0.63660514455035888     
 -0.12446169677370937       0.71841881396510943       0.68438563235735328     
   4.9838630957077537E-002  0.48852570468981016       0.87112498915004788     
   4.8668789510390364E-003  0.20689822935630317       0.97835036473571291     
  0.34867273260407516       0.13205993342140246       0.92789412085815404     
  0.75566322623835314       0.56399137766575691       0.33299671834676298     
  0.61078463375399383       0.61377514754469065       0.50022215007585735     
   6.6075360006412717E-002  0.90652258710737266       0.41695424912598245     
   1.0344692022727078E-002  0.92757846673297162       0.37348517427099759     
  0.59678745782146780       0.49908127810487635       0.62830136720541074     
  0.64322826172902148       0.23320980369340089       0.72929458435831795     
  -4.7444524994965299E-002  -3.9419237785392559E-002  0.99809575730010036     
 -0.77125366987188926      -0.53473301933635131       0.34529462020220403     
 -0.89129132865643912      -0.44630517699550520        8.0071570790757635E-002
 -0.90433185857382437      -0.40584695629370771      -0.13218221376402717     
  -2.5768280834052786E-002 -0.87733589290390712      -0.47918443915196346     
  0.17645005904691283      -0.95273751526933603      -0.24729861233079509     
  0.45657210331128956      -0.66652629036974065      -0.58930859379768896     
  0.55596654347298402      -0.67844751025159122      -0.48021888589693673     
  0.13831867037612811      -0.90930687637297691      -0.39246522139694379     
  0.32494342724867997      -0.68908693279434852      -0.64774298000051489     
  0.36030516062686863      -0.26317968041865120      -0.89493946557315773     
   5.2435299251986839E-002  0.32093711175929207      -0.94564787827602259     
 -0.44691457157521086       0.35220433685299146      -0.82232564766985738     
  -9.2807518025280797E-002  0.19558166265967000      -0.97628611473749660     
   3.9053102275358673E-002 -0.27364798669414142      -0.96103674985969512     
 -0.24842219963899620       0.13725751468791061      -0.95887787824529902     
 -0.49465693943763039       0.21152953593338500      -0.84295300443974530     
 -0.33116506233185372      -0.67957522968419593      -0.65460462012607368     
  -5.9979141511664461E-002 -0.75430546816655852      -0.65377806882578504     
 -0.26223011780169764      -0.73661014746229037      -0.62341066398744616     
  0.54169326419616626      -0.55220490411114598      -0.63374928118308893     
  0.21038816119422221      -0.52092140843559209      -0.82727124201363966     
  0.29811729627376016      -0.63061273582494715      -0.71655680519957277     
  0.53879021726232912      -0.68928089710517471      -0.48435208956740733     
  0.49136012554038050      -0.20048310335956016      -0.84756814020836291     
  0.33449731689151613       -7.3057978285205244E-002 -0.93956057644053470     
  0.29098789374141038      -0.64278924079031685      -0.70862404533020595     
 -0.39272317731309736      -0.62133933140759268      -0.67801618066758707     
 -0.11277880509842025      -0.26500976786816277      -0.95762767506741753     
  0.16423726539506867      -0.18124744752558342      -0.96962646592438118     
 -0.28307615294965455      -0.49907653165398869      -0.81901801395540941     
 -0.80240559865087613       -1.2942495319834459E-002 -0.59663870731676716     
 -0.90185732286937659      -0.24202495956837028      -0.35787887354914261     
 -0.76022365102238465      -0.63325924081241669       0.14506114004747386     
 -0.52603354016583859      -0.17728516503072150       0.83178043069107821     
 -0.73598675577297423       0.51960248665749253       0.43397782338056767     
 -0.73008195751534022       0.25190097596508731       0.63523714754288352     
 -0.79988272347694700       0.57724741223870479      -0.16423475194622228     
 -0.80266630936805505       0.59641305809740774       -4.2731646758769476E-003
 -0.80929105136133916       0.46809953555729361       0.35486732590852182     
 -0.39304223181501913       0.60236479895842976       0.69474776213070344     
 -0.14961307774985028       0.76769790544864758       0.62310179981761737     
   5.2988967613729350E-002  0.29029204361833283       0.95546988373421537     
  0.16047764968173078       0.10228015211509493       0.98172587540307277     
  0.26714701702386856       -1.6218666272460158E-002  0.96351929205365949     
  0.85290802600735993       -2.2633706014299121E-002  0.52157033516514528     
  0.90309716035413401       0.17906223866213181       0.39032324251268535     
  0.72652550177953756       0.56681902334873890       0.38842874511804121     
  -1.7602914675249322E-002  0.65350120014960644       0.75672076672834399     
   7.1323599642989968E-002  0.59955447080381830       0.79714953470041205     
 -0.46538566354523403      -0.22076843951115976       0.85713329201610833     
  0.16623239181113653      -0.37739327573281606       0.91101103579726050     
  0.61149890717117783      -0.57736379308330021       0.54103616973815838     
  0.18241102851261451      -0.55777114852869591       0.80970214433823673     
  0.38518084351480242      -0.34675967377603201       0.85521543860711768     
  0.51037490820080189      -0.50368169789044082       0.69700946929664931     
  0.87986804573333932       -8.9248701721004964E-002  0.46676213571632424     
  0.88690228207238631       -4.2062368059865518E-002  0.46003814977452007     
  0.55610250302027242        4.7650126664923242E-002  0.82974663094427892     
  -8.5573784689536858E-003  0.49774165037653362       0.86728312606330382     
 -0.59607388090956370       0.33461118103418869       0.72988443333465181     
 -0.46712354539872453       -5.5755100237742952E-002  0.88243241221725821     
 -0.92412552881528021      -0.19073552266743504       0.33107698105520172     
