  0.49963191238257626      -0.55959341359450321      -0.66122852599580373     
 -0.40798590658736567      -0.54667705447721926      -0.73122616072880797     
 -0.24612960904975653      -0.84246665692787071      -0.47923913395484130     
  0.41320332442707286      -0.83188317962647429      -0.37045025055594094     
  0.44727583769738594      -0.80600634052997422       0.38768299425893415     
  0.72084867455451762      -0.57675700805536534       0.38435470863777876     
  0.20379516175942053      -0.97674274139766082       -6.6641947528765288E-002
  0.40611021577572515      -0.85560435985921002      -0.32096054591259138     
  0.24386483020598967       0.32033019885610792      -0.91537888783247678     
  0.22937733470975222       0.93477054643036106      -0.27127488613530981     
   3.1093131973928014E-002  0.94352648996485977       0.32983477663617622     
 -0.67714886169678035       0.63728076287000479       0.36788945130105005     
 -0.68834710666484278       -7.2105181272926339E-002  0.72178882201080252     
 -0.53988976276002443       0.60455346059231918       0.58569117916593427     
 -0.30185279543766208       0.60598751531983208       0.73597827492594936     
 -0.83631432266061156       0.37277556730755140       0.40201583318479200     
 -0.77871533547473026       0.57059563315408723       0.26081228828788361     
 -0.57557740935388835       0.36389706933657767       0.73231794240597059     
 -0.63824791360638689       0.24336283445721685       0.73035206002450181     
 -0.28715441720846807      -0.64352140749730191       0.70952275423016964     
  0.89036254230206791      -0.34318338317174313       0.29913159107689413     
  0.99851663651816447       -2.4465701755411143E-002   4.8641094087858279E-002
  0.38480888244786304       0.81113331916926290      -0.44043712663973938     
  0.39636293443815035       0.74381792752935538      -0.53817405631404558     
   2.9191473291224047E-002 -0.19839228828328553      -0.97968788797086193     
