  0.55764384474841988       0.12698486751832061       0.82030981088589039     
  0.26763119777558808      -0.36372754126762835       0.89223080965671486     
  0.28004833753507213       -5.9358986446564413E-002  0.95814896512596981     
  0.29277649566921754       0.33356877608583141       0.89611036999039884     
  0.85092563269662735       0.51372210509129324       0.10961371429009573     
  0.71965011088651365       0.23383502842602905      -0.65377740660112238     
  0.83541176223024649       0.51139513257246438      -0.20140061049708280     
  0.60865992428288940       0.61536311011129718      -0.50086059865607091     
  0.61486070206909560       0.75359510062308377      -0.23246664571072825     
  0.95879224812973862       0.20610563797098880      -0.19554511224491342     
  0.91786395694221856       -8.9942537248464127E-003 -0.39679322064053502     
  0.82678940109143007      -0.46870815383377140      -0.31101760846068333     
  0.61635197900022776      -0.66337924361708100      -0.42430910562997159     
  0.12021958702554608      -0.97993053378223638      -0.15900754653991903     
  0.32156619056759839      -0.94619814722915019        3.6114419059263339E-002
  0.52553810436569282      -0.58177719605708977      -0.62076162494764775     
  0.70746302987953436      -0.70390293197918974       -6.3377627793553118E-002
  0.19468859026264074      -0.89296075255965679      -0.40585397276558488     
 -0.25034131952114752      -0.93175263701198230      -0.26299476641487901     
 -0.67064029221696564      -0.68224858834931668       0.29116741258339290     
 -0.31543330071299086      -0.90617098924764439       0.28170191878510775     
 -0.20254388727285833      -0.97574718987975528        8.3026472706655641E-002
 -0.63849029731657991      -0.69452557338521359       0.33160875764444442     
 -0.28774176838863869      -0.93561077098336864       0.20454134042888669     
 -0.22858781586835014      -0.97084346056946291       -7.2184385472057550E-002
 -0.66771953150521912      -0.68855391830472268      -0.28292071121361040     
 -0.60330816136407739      -0.74209960384723239      -0.29207437477678982     
 -0.72182731492236785      -0.54644715623073581      -0.42468910143690802     
 -0.60521234267425905      -0.31504825598743852      -0.73106950194492404     
 -0.51536763729088797      -0.73717101997918877      -0.43700696302924535     
 -0.64333249405844861      -0.49787151195975143      -0.58159028505248456     
 -0.88167020659789808      -0.27619141079887632      -0.38259110209014408     
 -0.98890451028785897       -2.9952989154155993E-002  0.14550150505437665     
 -0.70504077505205953      -0.27537538118562743       0.65351809841111896     
  -4.6381446610852278E-002   6.0468241768418085E-002  0.99709194819121494     
  0.10045648705759350       0.54930523860803571       0.82956147996749507     
 -0.53128207444178877      -0.41110032317657980       0.74076709002289642     
 -0.70405847195199656        4.2955760341528121E-002  0.70884164009046835     
  0.11509584221589295      -0.67167477954298604       0.73185103513664029     
 -0.19047073931027628      -0.88996649518206283       0.41434349870610676     
  0.10242133676865631      -0.95248584766733668       0.28684591642208829     
 -0.58662369248338275      -0.10601773435664064       0.80289033087908590     
 -0.44827178360069198        3.6087609729081524E-002  0.89316856888919105     
 -0.84043844890876374       0.10783617627213749       0.53106927296061168     
   1.5604018676289799E-002 -0.16216230496786832       0.98664071548294174     
  0.19612873490093602      -0.42946444577062681       0.88152924464542770     
 -0.34529651700692920      -0.62275260102367125       0.70210363427430256     
  0.55255100460114182      -0.80601284932951034      -0.21220432142166717     
  0.28948076141892021      -0.95378705872609271       -8.0567582655884332E-002
  0.40536899645473012      -0.91360960361116494        3.1519341724989519E-002
  0.50398221617133532      -0.86326248028072128        2.7925184379540446E-002
  0.15205776637619145      -0.65877289183669896      -0.73681525002257142     
 -0.74327664666662718       -6.8178145997818546E-002 -0.66550098942702018     
 -0.47093207157975375       0.23197601154405983      -0.85112285483692807     
  -8.9643183472734589E-002  0.61373954085915439      -0.78440287840043244     
  0.27462068401432432       0.89769862001887890      -0.34455865614969527     
   3.2660823201620899E-002  0.95755170059249028       0.28640532697601684     
  0.17387381393620188       0.92529941678252214       0.33702950335128684     
  0.61465470874465700       0.76385569578878354       0.19678431093208032     
  0.20913832252406214       0.86095882108966104      -0.46369286218325623     
  0.11598497414112111       0.96059452309107096      -0.25259779884413036     
 -0.27506775349272250       0.86556348149433737      -0.41849443304758516     
   4.1253702823082286E-002  0.93159389714759655      -0.36115224324473838     
 -0.21177989501790997       0.97629559487328388       -4.4678714140294451E-002
 -0.45209168756738760       0.87347366116890079      -0.18071211712742272     
 -0.13367571624965743       0.97293754128293697       0.18847637424217920     
 -0.49546825209958417       0.78978956618796314       0.36158491713847934     
 -0.48482046940394441       0.74921722358423248       0.45124568067925735     
 -0.82658169490905709       0.43299608232630277       0.35955124020274082     
 -0.67516674958703826       0.68591102306683871       0.27143310167970253     
 -0.94973239361908812       0.20429796750880366      -0.23721450415676365     
 -0.88512318396347722        5.3002979136511863E-002 -0.46232849080822414     
 -0.31483175934335283        9.0755445142276875E-002 -0.94479860948554462     
  -5.8458861378770044E-002  0.17921786798952949      -0.98207103476256219     
  0.23140544656280781       0.46669818428757176      -0.85360665653671486     
  0.27138878516727399       0.18380903043357288      -0.94475518925092383     
 -0.24530029213659560      -0.12476765677777826      -0.96138483371640349     
  0.49221060103653397      -0.79369764500320739      -0.35745317531620574     
 -0.14525152522335064      -0.36478728715615916      -0.91969137733782358     
 -0.32868872910842095      -0.62539561015226142      -0.70770336311155169     
 -0.52512697537126352      -0.44663649958841800      -0.72440147499357199     
 -0.66664163526239339       -8.7512710928951493E-002 -0.74022324710899134     
 -0.53607453745265243       0.49896582126632522      -0.68092378391635611     
 -0.81862747588107754       0.51932165094920213      -0.24526328422337293     
 -0.73979798184798373       0.53852463532989869       0.40334868686598563     
 -0.69785768029148165       -2.9795824536298941E-002  0.71561642441912909     
  0.22696499502974987       0.79719280895634892       0.55943767872701677     
  0.24439191560098586       0.96330081987090621       0.11101406228486109     
  0.83308408232686881       0.45261817047901193       0.31797437558061181     
  0.77564196125894369       0.62853591039007550        5.7638158233156149E-002
  0.94698993557799316       0.23348672036928222      -0.22066720038374252     
  0.48449999424841139       0.86508859615519229       0.12992873575773708     
  0.73549950614644277       0.66965260413938021       0.10298478638979758     
  0.80647616642874320       0.44951202323039968      -0.38410302518176731     
  0.85261051286139611       0.47796181901906631       0.21120561762949686     
  0.60826828727400040       0.52220302552987607       0.59775721729167897     
  0.20361581810157181       0.36054525080334465       0.91024596716605999     
  0.64112615157981434       0.18888484742554751       0.74382778394836746     
  0.57104510282789500       0.17749885487142564       0.80149962386496887     
  0.95126994167121892      -0.18392130622437441       0.24750444680775388     
