  -1.8573462023639645E-002 -0.41632241070818887      -0.90902732458961621     
 -0.72054441039752404      -0.51750839330633602      -0.46152011386542785     
 -0.64998814619941969      -0.75755117577663489        6.0262972708316882E-002
 -0.80160732938418588      -0.57650910385529364      -0.15831280001782588     
 -0.69680186992346005       0.22806093769445282      -0.68004070670002603     
  -7.0725932736953684E-002 -0.14574214172177855      -0.98679130040996910     
   6.9398715047902626E-002  -8.2672026371380103E-002 -0.99415750985712148     
  -7.6966770286208727E-002 -0.28041669708916012      -0.95678764219930112     
 -0.55135390672247175      -0.60171354463454085      -0.57788379432649684     
 -0.27993445504354869      -0.64475568684238915      -0.71128531909767012     
  0.16167602173463028      -0.92317031293432694      -0.34873691704895105     
  -1.9135478056116123E-002 -0.60298421314866713      -0.79752358722048944     
  0.29198589928048480      -0.91986819182397994      -0.26189071058719227     
  0.10480145497078890      -0.99446396107609969       -7.6213618776664882E-003
  0.81635139456093719      -0.49104163962607822       0.30405346364046604     
  0.61984124118669537      -0.74014076259531014       0.26074602061965235     
 -0.58106869619717605      -0.67026963675424334       0.46162515566753243     
 -0.81747297480372239      -0.50791452875220322       0.27158933511458422     
 -0.93891320172914106       0.26483450943703379       0.21978326194229172     
 -0.87038049001671469       0.48741434119362909       -6.9750000696066253E-002
 -0.43497461598794973       0.69963228923644727      -0.56684366742862846     
 -0.90254223203779971       0.42868722984591945       -4.0555867087605807E-002
 -0.85587329934695167       -5.2465224382122685E-002 -0.51451753682015555     
 -0.54064944208801702       0.67322837196943386      -0.50444200850571519     
 -0.82996075360314181       0.42811705717501397      -0.35760443626206606     
 -0.58797851134098356       0.20200322541243529      -0.78324706646384779     
 -0.58209951634301227       0.76849227343531956      -0.26566855053513544     
 -0.88132763688782867       0.42915327347030008      -0.19770954536241625     
 -0.12850170393633625       0.56519588584504632      -0.81488706132154953     
 -0.33529099236024784       0.24752437991520171      -0.90901684901305868     
  -9.2227197276641137E-002  0.77152601193310266      -0.62947736813408817     
 -0.67623149148723294       0.70209659790522250       0.22309490610677229     
 -0.81490819255953983       0.56785817962072860       0.11602467641457338     
 -0.59125293403405155       0.78042969007897611       0.20334568310957157     
  0.32892502708534388       0.82835417815118551       0.45347291219686292     
  -7.9764393986713047E-002  0.60518549494943208       0.79207837879510679     
  0.35013755359458054       0.75136949760483873       0.55932778549951312     
  0.75794750923966747        8.6889134054818525E-003  0.65225767609215735     
  0.14297242132780510      -0.43603010144710797       0.88850246897329066     
 -0.44140189549187486      -0.62713857982452104       0.64176441810981111     
 -0.19095594676374697      -0.72248016531503056       0.66449848541732170     
  0.28759242900426801      -0.54441638415552296       0.78797296618756296     
  0.22049929930036349       0.74905930919753683       0.62473211083837232     
  0.68879402697688152       0.49160314305637071       0.53281247933774012     
  0.78893541801593636       0.60512099349543902       0.10681521160896050     
  0.45139263984337347       0.88064298251040141       0.14391880367202742     
  0.82025587966399871       0.44174865840274041       0.36337090510378012     
  0.78750509291779758       0.48867333489176351       0.37554507105570684     
  0.72574116780857756        2.8828999163918734E-002  0.68736354729865912     
  0.49070994047217609      -0.52065137527959271       0.69866007452923284     
  0.60587304535063646      -0.46653645422385326       0.64440793741055280     
  0.91651737810653511      -0.16466528715622253      -0.36452879013107742     
  0.99984468521942738       -1.7021065469425261E-002  -4.5704232521529761E-003
  0.99248294279673943       0.11749933766923248        3.4227385304290744E-002
  0.95757629542222544       -1.7679257354325396E-003  0.28817444870074871     
  0.93569615456863420      -0.20953566502276300       0.28384416747378266     
  0.94718410785384988       0.20944340775998443      -0.24284918112890561     
  0.71389443859419255       0.27773099686996489      -0.64282207796706103     
  0.52143406250444690        4.0447867642627214E-002 -0.85233238144706958     
  0.22038187332203024       0.83106311683755207      -0.51065245103033030     
  0.72332990349627235       0.48793783022330134      -0.48858011067278645     
  0.56302982795837941       0.66587014474358897       0.48950420137961548     
  0.33088765209299531       0.65436415140337434       0.67994184975665306     
  0.41025358945141993      -0.10631967147494907       0.90575279177027457     
  0.16046512496279453       0.62699530285459859       0.76231741018351329     
  0.21928716627320097       0.28302296863403054       0.93370827239207554     
  0.49187908820875204       0.15630044284145356       0.85651919660357367     
 -0.41557951021584888        9.5059121487411719E-002  0.90457583104501049     
 -0.64381100056885954      -0.57087414869832154       0.50951948136894387     
 -0.78116131951731738       -4.7079475922431849E-002  0.62255161700603012     
 -0.41450430975315633      -0.35148850396581177       0.83942957344610958     
 -0.81043934524393635       0.29678902816128139       0.50507854878587288     
 -0.52526145924589118      -0.15687110543825245       0.83635629710633375     
 -0.86331930770703391      -0.11724953225180892       0.49084857148307370     
 -0.81441679794452226      -0.13301284957593529       0.56482993995845110     
 -0.52061580837967136      -0.85349181691692766       -2.2603064416414041E-002
 -0.15440233929363187      -0.98395330947794235        8.9419250657071736E-002
 -0.31783798716494982      -0.71717507083008658       0.62019265691784908     
 -0.95600584799088995      -0.27651449347059626       -9.7941582118806644E-002
 -0.85201840931575790      -0.46668306513434077      -0.23721624502521887     
 -0.81123216711966206      -0.40474605095952876      -0.42199882140004286     
 -0.68125863234894146       0.16143683199529482      -0.71402018537672052     
 -0.41799622183214674       0.88480799393693010      -0.20589796599131346     
  0.14675310361523186       0.78193316718989625       0.60584160357940819     
  0.42000681751962582       0.90522040402291859        6.4577808708807402E-002
  0.53001387007811585       0.82714097872030223      -0.18687722934177523     
  0.45864885546477469       0.53551723802686280      -0.70912799631444445     
  0.65372537184447443      -0.25473059179629892      -0.71256962032487658     
  0.71059832339923601       0.29538445436450256      -0.63859067242012590     
  0.93951621216934622        4.7113426982022949E-003 -0.34247202852338271     
  0.79659046248812793      -0.59494632646294621      -0.10715644498214666     
  0.76905078422138939      -0.39938601795382289      -0.49905079896886334     
  0.89878459297497781      -0.43817284124431238       -1.3813639154747787E-002
  0.99265228838408859       0.10270941412530094       -6.3970388586296861E-002
  0.65619559981892028      -0.55913177139067616      -0.50673365489160438     
  0.36915337626239925      -0.85027336266845532      -0.37518128089039560     
  0.10314993410343412      -0.89250408750070331      -0.43908603358452758     
 -0.83390984223800413      -0.40800193524747352      -0.37165682538178546     
 -0.71401200514255447      -0.35812000456401549      -0.60161193376074307     
 -0.47237591007685875      -0.51993937605583851      -0.71170502654235623     
