  0.34272053049464007       -6.6083798815339864E-002 -0.93711022271213229     
   8.0828475655050330E-002 -0.13187637051332785      -0.98796527288336167     
 -0.30940027173479961      -0.73788575949494051      -0.59983004074902424     
 -0.76252986157775549      -0.32910692981751100      -0.55698908332952879     
 -0.90125874397843420      -0.22868870190411339      -0.36801379596939038     
 -0.98814957291286554      -0.13765030960750491       -6.7917698849767949E-002
 -0.45645141936416939      -0.81512811387671713      -0.35667668795169016     
 -0.30663541268494043      -0.93097567088280908      -0.19813890055167760     
 -0.46120533832473248      -0.87211327027249230       0.16342606804109422     
 -0.36111023593525116      -0.89313769837019141       0.26815004988399421     
   6.3471651512869501E-003 -0.69496334041505614       0.71901715485355056     
  0.20770932643878270      -0.30845815473865323       0.92828357870079548     
  0.52637066316567982      -0.28855015709094123       0.79979543122059271     
  0.23998833883351064       0.63072187515406741       0.73796714928654128     
 -0.38044748641126236       0.91599579135505282       0.12732407589767536     
 -0.66035622131991489       0.57919369374039964       0.47797942015892109     
 -0.63135312561314072       0.64647380159791035       0.42832797553522117     
 -0.95752988403579686      -0.27081816955087906       -9.8964843351144610E-002
 -0.74044315216931822      -0.66137011912783517       0.11972261244401519     
 -0.90095418810540240      -0.28216119322300370      -0.32964619211265350     
 -0.15617340555543435      -0.73170143562843348      -0.66349293628233352     
   9.8743257757303596E-002 -0.12799800199680306      -0.98684663475754308     
  0.38687061396123135      -0.26722458313695402      -0.88256566340444897     
  0.15351918309129459      -0.45990365804280736      -0.87459732776965105     
  0.58549170654927640       -8.9731241945548296E-003 -0.81062873413432857     
  -5.0176327259652369E-002  0.41323923096061582      -0.90923906327095227     
  0.21835343303443022       0.24425672273779059      -0.94480708701802207     
 -0.76351833957758641       0.63520117074464355      -0.11644405443518566     
 -0.66919021133781376       0.69583208519568551      -0.26077225746207588     
 -0.58737500032417767       0.44925480045658095      -0.67317214236839884     
 -0.76318793084047687       0.64550733777932912       -2.9401685196600216E-002
 -0.39081699694206584       0.91015530082067742      -0.13740234091582765     
 -0.65802287979485075        8.5373481367291365E-002 -0.74814253878900216     
 -0.79811770081752620       0.30858701610460876      -0.51747675226365519     
 -0.76127563396099074       0.61392855968602966       0.20868908150417897     
 -0.91313247059416713      -0.38640848047893583       0.12991373045410767     
 -0.63582211722187021      -0.75195960152354746       0.17403158600663632     
   6.4194676690331770E-002 -0.96904877440055270      -0.23837683678860158     
 -0.23943178464537948      -0.80805069842863753       0.53826247247087622     
  0.28930886120523019      -0.23713846709140815       0.92739728825009538     
  0.35560576867245175      -0.36301382107783819       0.86125809313662083     
  -9.1821602626505683E-002 -0.28145547024306583       0.95517098551061841     
  0.16108262381218494      -0.83348637248444435       0.52853841410867242     
  0.64410989699612109      -0.75495468427775314       0.12314976767612815     
  0.89718458512780574       -3.7557424737209348E-002  0.44005597377618294     
  0.62986440239477215      -0.71085280100710158      -0.31298423266388908     
  0.99148831348927968        8.3025431696635732E-002 -0.10028809453618065     
  0.70912721874733919       0.70223161944001067        6.3319351625444012E-002
  0.85099290053043952       0.44500734001882591      -0.27888985384216880     
  0.47676511194638171       0.79369556828832843      -0.37781261613416761     
  0.33670271465782353       0.92641050322342555      -0.16850774895926923     
  0.27676340684345374       0.70340713059609117       0.65469109147668036     
  0.39795413912799782       0.83796020629117984       0.37343700382165723     
  -9.4991197442346131E-002  0.91139271782767128      -0.40042475735039251     
  0.20908849402991703       0.62991724447161912      -0.74798814615040576     
 -0.43066477681638660       0.89647111726597117      -0.10424675494966307     
  0.52190980250124897       0.78103273311441179      -0.34292568853460464     
  0.71884379199952764       0.66271534970228896       0.20993324646827893     
  0.75922837467245197       0.59150501235352770      -0.27146656415263892     
  0.47791352309218904       0.55277698144385723       0.68266849438903165     
 -0.10838082887157825       0.61226161337116558       0.78319174709979333     
 -0.23727493121520382       0.77024410673263932       0.59196674151546858     
  -4.8287067905661812E-002  0.39064965799653140       0.91927210540744531     
 -0.34172467431256659       0.82987653954974971       0.44105461801330348     
 -0.24753625154053790       0.74212086982301806       0.62288234743515725     
  0.22292874858641387       0.35408296677470974       0.90825548481341578     
  0.19414682768489203      -0.41155988672308713       0.89046362583785632     
  0.68003072731936487       0.34123320103567378       0.64893613893233948     
  0.31613784484513213       0.75571951298998308       0.57353716596471738     
  0.21302797563110801       0.54292321080139028       0.81231365172056835     
 -0.14706032778854117       0.27414491010576147       0.95037772924969421     
  -4.2318183700423395E-002  0.38747823409788096       0.92090704711640325     
 -0.44788099279532900       0.32125743448452276       0.83438377086388815     
 -0.39163025431344445       -9.7499859561003419E-002  0.91494235954619374     
 -0.84252591824410417       -9.3859976773305612E-002  0.53041529186763159     
 -0.23114433184076733       0.81749695195115457       0.52751401062762371     
 -0.69963519945364860       0.68658344299247032       0.19777199876135670     
 -0.76179664684914128       0.51664993281738070       0.39081800850167314     
 -0.77792826263988879       0.31889821115214240      -0.54141624385499654     
   6.7667555336048513E-002  0.22537781255983991      -0.97191869184648705     
   5.0889381779949366E-002  0.25631728234886875      -0.96525215440907486     
  0.28870844132187057      -0.40289070673341204      -0.86851972593452176     
   8.6069003822798293E-002 -0.41203170465233541      -0.90709536485545050     
 -0.26795485078709758      -0.45406838851368347      -0.84971883378694379     
  0.65797522764915894      -0.51236390452557212      -0.55186214686220103     
  0.49035473747823921      -0.67267996227727356      -0.55412444431130425     
 -0.17470791740480840      -0.78646445960101341       0.59241100376391742     
 -0.44755314196665319      -0.87419933918503057      -0.18833932272435067     
 -0.16422344873881220      -0.98240696910076819       -8.8922471550139701E-002
  0.38801060317108987      -0.91037031727353224       0.14378336918460571     
  0.24070578049386712      -0.95457415823761305      -0.17563855972367942     
  0.87735372844670845      -0.47770319848709752       -4.5277912229441428E-002
  0.74620126653260699      -0.59821536143441678       0.29209938577311217     
  0.79015901847923220      -0.57387463076136713       0.21521299608631900     
  0.61045688138128751      -0.78562145587095833      -0.10070414117318036     
  0.98501222859064974       0.15575081106038077       -7.4112039379061967E-002
  0.95729531418880864        3.4661414740513249E-002 -0.28702659765313826     
  0.82434400145281628      -0.55597516048590734      -0.10652975261117006     
  0.56896293681862720      -0.55644244006370180      -0.60551877545014254     
  -7.1884851684416301E-002 -0.16667929762343403      -0.98338729900380029     
