 -0.63225930639837458      -0.62862879897813029      -0.45285097169812527     
 -0.28324046150553928      -0.59706565087011976      -0.75052478274681556     
 -0.21125866257814069      -0.96841342909549943      -0.13245832489189058     
  0.21338509903993522      -0.88506542678353839       0.41367377221690793     
  0.52478907406073816      -0.41859401777745769       0.74119867513871052     
  -6.6769999216768933E-002 -0.92634919790579051       0.37070059447465825     
  0.11364890883224116      -0.98905167501374924        9.4131342674493676E-002
   4.2461114686710044E-002 -0.96143407121365421       0.27173807324165999     
   9.9659296907690986E-002 -0.88002002784495648       0.46436276242999558     
  0.33390193908086369      -0.93740205187015035        9.8928702749381009E-002
  0.12972441188896869      -0.20845445278649088       0.96939069423713431     
   6.9395622031281176E-002   8.5229931177266210E-002  0.99394170174834562     
 -0.40038968131171443      -0.33891255998248360       0.85136735889112347     
 -0.18191380754262215      -0.24956689684949176       0.95111709616760398     
 -0.59758124755991138      -0.33040060114198860       0.73056970600332227     
 -0.85213561986472164      -0.35616846158927346      -0.38341741265483315     
 -0.72613814002141941      -0.42586544568371293      -0.53977960667192537     
 -0.27061542668538624       -8.8253091110632592E-002 -0.95863375840271925     
   5.0446098690515070E-002  0.27173523538838162      -0.96104898573140141     
 -0.64064476801047310       0.70212047297849234      -0.31080721137925249     
 -0.43257403070539269       0.82706657258685390      -0.35894371768953104     
  0.34699977791196662       0.81938678918441976      -0.45628548501906752     
  0.44534556506022011       0.33304870784740315      -0.83111123556498967     
 -0.29060331142623264        3.4947765029624794E-002 -0.95620519194759601     
 -0.45695458275817002      -0.43624138573233429      -0.77516834472949880     
  0.44562800351853854      -0.48986028431461620      -0.74930139752392910     
  0.72237499931625826      -0.60418833480850342      -0.33634924772351682     
  0.74451948489958641       0.65585517309185259       0.12467850068673297     
  0.31031314959708112       0.91757719128413484       0.24851126176141380     
  0.70360761152193518       0.70820277724865721       -5.8182087498298965E-002
  0.51180647706949078       -1.0612345876927734E-002 -0.85903521938546190     
  0.34063976823137837       -7.6093494689488395E-003 -0.94016309547858790     
 -0.11259825633026910       0.12103919895357101      -0.98624091630189370     
 -0.25733331601403109      -0.34925309607721600      -0.90100046578769477     
 -0.55225882911814217      -0.76162588602408021      -0.33902241135214312     
 -0.55126956185874898      -0.78666594256923206      -0.27795424977804506     
  0.15490670397726319      -0.98630879602493993        5.6558570939181499E-002
  0.24662186154291715      -0.71541419074235268       0.65372791977511924     
  0.33556142578550313       0.26328619021788513       0.90447714817196667     
  0.23294470918391197       0.34980325088411940       0.90739982815409759     
  0.38542577714452858       0.75177358667246530       0.53505461842146806     
 -0.22567907716894625       0.88672673465583263       0.40346580050203185     
 -0.80668712010427657       0.52426316811780782       0.27277100434786838     
 -0.59947315154214631       0.79096991591170018      -0.12246849677654714     
 -0.24173886067089650       0.90654474337962865      -0.34603316530679762     
  0.10492162203904315       0.99410284326000331        2.7404201339255006E-002
  0.28368217718150096       0.85433323095543590       0.43547577755224698     
  0.72374863226714259       0.62036257444867160       0.30222209302893244     
  0.68277404743157333       0.72429656766954464       -9.5990011021793442E-002
 -0.19322800428737916       0.97216701090119861      -0.13249241968676490     
  0.49182734003639905       0.86584071840640775       -9.1791709550128178E-002
 -0.38363407645938663       0.92343905423583972       -9.2308445501845388E-003
 -0.84488595734205196       0.39956377628165751      -0.35569159080541746     
 -0.61956224036032537       0.75517820680249315      -0.21412264310488088     
 -0.50457949786315859       0.65343648378293084      -0.56428741966970419     
 -0.60094576163497138       0.78291835809737487       0.16094420190550768     
   3.8019641125889167E-002  0.90735992266612575       0.41863167298708470     
   1.5781648336371596E-002  0.93103045418795205       0.36460010004162274     
  -6.6782750963043327E-002   7.3182083177553356E-002  0.99508012083226471     
 -0.44726396701837501       0.75354728773917767       0.48178981822768113     
 -0.41349080184185560       0.83099763560300755       0.37211327094631541     
 -0.64020157940056266       0.71382814448097109       0.28388610018784033     
 -0.40560595325636706       0.90755267627918679       0.10877476941576031     
  -4.6209218976430311E-003  0.99165035270759672       0.12887290272076146     
  0.18859938050834574       0.87131737974589341       0.45303012860577885     
  0.10227981556410168       0.49855510069007103       0.86080291060383374     
  -7.9688723597287764E-002  0.58234887646700528       0.80902379038504801     
  0.80412251630150655       0.45034568145381459       0.38804090760228660     
  0.65743476490764208       0.22069180248632103       0.72046836030886896     
  0.70550848387404053       0.51970072106760512       0.48183912222187769     
  0.48386209676032943       0.22565363482224760       0.84555183661924538     
  0.60676133897629125        3.6842081862003329E-002  0.79402980959643266     
  0.55139980863577054      -0.17792641463083925       0.81504628212943397     
  0.85060853022082472      -0.21799907861637569       0.47847834855714200     
  0.80759910560886083      -0.14471797016308574       0.57169956597117721     
  0.66394620396735726       0.65368048098094589       0.36314909750932478     
  0.87783729306176106       0.38366053037837733       0.28671638310319092     
  0.81649416524403673       0.21748112972371794       0.53482636092150893     
  0.74335798699227695       0.49613067495466234       0.44863488110469490     
  0.43652506736118846        6.4573506127550306E-002  0.89737178909953630     
  0.65444129156785136      -0.63975776673537188       0.40300942395032757     
 -0.42424450817674564      -0.88066234945912181       0.21083269084047107     
 -0.98802608248997537       0.10533474211713484       0.11273443317206894     
 -0.88244881750159532       0.25064641528386861      -0.39807092206712119     
 -0.65315938441767452      -0.75677607492347343        2.5938214482820160E-002
 -0.23167529551110871      -0.80862324597508650      -0.54079109045783269     
   8.2931845272022603E-002 -0.84302831748287688      -0.53143726342981779     
  0.51004179811361372      -0.83736803747278798      -0.19665231754555823     
  0.22184832062467844      -0.88730534866069921      -0.40431737641874643     
  0.44290111617966677      -0.67876813761801613      -0.58575798470132268     
  -4.8525317800472700E-002 -0.70831162887406629      -0.70423002629406983     
 -0.25506273841018312       0.14772268327236843      -0.95557365405368411     
  -8.2354325076590046E-002 -0.43286538457627322      -0.89768887927656871     
  -9.9635190706741261E-002 -0.81877803992089782      -0.56539839946371895     
 -0.25038970532802168      -0.96573334688448298       -6.8294203129055417E-002
 -0.37034312321880603      -0.80941385007116540      -0.45573587789147629     
 -0.37645950265575895      -0.54430733958499811      -0.74967177013282138     
 -0.24930573085525967      -0.45930349203543314      -0.85257665624080115     
 -0.81352054088024317      -0.38487125620380525      -0.43595693103100597     
 -0.94372874310757970      -0.32894613118369292       -3.4212603113316420E-002
