 -0.97487992860765571       0.14305301770352111       0.17071894717293687     
 -0.94523419667831454       0.29069568165296311      -0.14841945323374101     
 -0.92276072070980963       0.37280969426801369       -9.7599099252417387E-002
 -0.69764489966203080      -0.67647846125534139       0.23594169922493313     
 -0.65710847613972201      -0.54970883067615117      -0.51577965456383001     
 -0.48253055796769995      -0.81166016564085830       0.32919908283474519     
 -0.75776521363871685      -0.33000563480895767      -0.56292820323146253     
 -0.67388987085208185      -0.48182423397601398      -0.56010521289878368     
 -0.72997105579551902      -0.55849991626193762      -0.39397982338716764     
 -0.62275173417283192      -0.53458303559439646      -0.57131537318664971     
 -0.29219000903274162      -0.52174467009816405      -0.80150327375851149     
 -0.52599311056209785      -0.30394647741443603      -0.79432221831481098     
 -0.71050677769861403      -0.53494060733581938      -0.45718559192905478     
 -0.81531836107188693      -0.38414675452407776      -0.43322885532669048     
 -0.23348365504503432      -0.64529186591159360      -0.72738146155587091     
 -0.21356315539624582      -0.44584334666550451      -0.86926088655322808     
  -1.9912400675377237E-003 -0.94449730485165606      -0.32851312925203463     
  0.36216545055856919      -0.46673012497970445      -0.80684520005894023     
  0.26477613397130600      -0.55480657807624889      -0.78872254931790353     
   6.7902377493039165E-002 -0.43589987007878317      -0.89742998077626601     
  0.43356063002770961      -0.59261003855444039      -0.67885088369573443     
  0.97085618490676806       0.11637476889285148      -0.20951176910475156     
  0.53625958565942033       0.82916774513491198       0.15781795593738612     
 -0.10758803196933578       0.77838724942794568       0.61849664938862192     
 -0.11414358870668445       0.90442489834030027       0.41108009489547809     
 -0.11827724570397430       0.86254001688956705       0.49197074345209763     
  -7.7476333579658496E-002  0.85921615706768939       0.50571238186231171     
 -0.50733697115498899       0.39948439184120704       0.76355839224942812     
 -0.15230704208152343      -0.14221432981288978       0.97804787680779981     
 -0.12902974016681476      -0.54203664040875477       0.83039003282004020     
 -0.52310276798347877        9.0259950771828218E-002  0.84747662824096759     
 -0.93165696149453092      -0.13335009210039014       0.33798381475389128     
 -0.94981417611320984       0.11426185712747206       0.29119968897677717     
 -0.87300893601526008      -0.38928524415844751       0.29378971445238622     
 -0.82774688603704016       -6.0327808041610309E-003  0.56106924546952330     
 -0.98560661217514911       0.11542247650597973      -0.12352027345280768     
 -0.96858250995227546       -6.6459039705803732E-002  0.23964790309105699     
 -0.92779632033622395       0.15479500248963421      -0.33945912150773599     
 -0.64123355021902861       0.53276644045965549      -0.55224944906577056     
 -0.40489365030460134       0.77119052342742078      -0.49124974149485978     
 -0.19277327209502140       0.15729159420546232      -0.96855450025183509     
 -0.19791424153704701      -0.12026962272897562      -0.97281301946748433     
 -0.11892536613580046        2.6668380668394318E-002 -0.99254498878488040     
 -0.35532876093281679       -5.5258759259437629E-002 -0.93310660761728714     
 -0.82283069635444994        5.8145772743708496E-002 -0.56530409006911964     
 -0.92916667637086270      -0.24693578041361811      -0.27508545558322339     
 -0.97516757194022752       -5.9687384719138148E-002 -0.21327358660079673     
 -0.92344015425965431      -0.34465274478352886       0.16873875374107514     
 -0.98417903121385530        6.1348712357606229E-002 -0.16621663578301202     
 -0.74428494707203896       0.49146227343714999      -0.45222201555205643     
 -0.64553814871407422       0.74548821112023567      -0.16591511575371870     
 -0.54352054648867243       0.63628794882998874       0.54746969022803971     
  0.17337435703572607       0.91434625588596052      -0.36594023647282325     
  0.42330200768629955       0.46835390528173193      -0.77553854172188330     
  0.59535854211522832       0.20207384777916299      -0.77763382537937387     
  0.85533546412487471       -1.5928041314595506E-002 -0.51782964506697016     
  0.74013572536306760      -0.59769313434496041      -0.30815909072780073     
  0.26228975762466988      -0.96404666544411077       -4.2639299845255510E-002
  0.80688392798068775      -0.57689428860753555      -0.12700908053552504     
  0.85580006473647197      -0.50847549843466400        9.5178341489500995E-002
  0.82624891137697698      -0.53218181415909382       0.18464899979886754     
  0.72355554660691079       0.11446042384469475      -0.68071005747505231     
  0.42741358433900112       0.64452185352033198      -0.63396309692064945     
  0.67179363459189179       0.51724609928515819      -0.53023559414293064     
  0.52988360680152047       0.84793016862952797       -1.5420517854748794E-002
  0.89141848494409170       0.34496002511270440       0.29389737286037171     
  0.86963922641556690       0.10833159112264840      -0.48165535629137723     
  0.50227495103722031      -0.43421855975610046      -0.74777945674103208     
  0.68282405939255697      -0.70290648869748507      -0.19918276045295125     
  0.80096198061162849      -0.58955042850786610       0.10435611079811163     
  0.83197169661792425      -0.32460831449091043      -0.44994726156526521     
  0.49259591072702524      -0.86930891267330823        4.0635982598934306E-002
  0.26757120569960213      -0.96320959109306614        2.5158169782743295E-002
  0.89702366037929426      -0.30606148373644232       0.31886505122513259     
  0.74626169197995451      -0.14053344592822273       0.65064878210812005     
  0.42117225965162397       0.10302048867135037       0.90111081816493710     
  0.35733158881966681        8.3063507931249420E-002  0.93027661976520559     
  0.38420057424540360       0.21216777418164895       0.89854034653338466     
  0.63715290016719162       0.42596163277901461       0.64233392344541940     
  0.68889321155434236       0.60161263160898959       0.40433696907757127     
  0.26273788328849901       0.42321347486143157       0.86709812557794230     
  0.52935022448379609       0.27244295421558629       0.80346946210619985     
  0.50051817620948913      -0.71349082401470254       0.49031867120347594     
  0.12114164156784385      -0.42499830854619680       0.89705135884804243     
 -0.30688179240088836      -0.38301166166437373       0.87127816024614557     
 -0.56851971678667357       -5.8171608274685531E-002  0.82061037990967522     
  0.15710701819794473       0.41501304266376310       0.89614817929397250     
  0.13755926575945499        6.7915719773899805E-002  0.98816238716685922     
  0.19504551361997868        3.0566378154020350E-002  0.98031777712293422     
  0.95752632646203528       0.11617328793337620       0.26390737258149261     
  0.81458863852782371       0.20826731925495920      -0.54135946810943170     
  0.74610655101818857       0.46756345064874127      -0.47403526677365898     
  0.85294661714669029       0.51783680606020699        6.5780776731289181E-002
  0.79434413756525069       0.56792214081289072       0.21559645889998474     
  0.91706895915032938       0.34235088704361893       0.20440253008062159     
  0.91830420117471523       0.39320712957693893        4.5886243632664844E-002
  0.63556910612098494       0.67939156345779483       0.36671380509455237     
  0.47001673516570730       0.71261892817362282       0.52082485719562277     
   3.8898677008718061E-002  0.82094238486965310       0.56968455626906644     
 -0.31440299578021036       0.63290203402161405       0.70752086299678629     
