  0.70039461566150796       0.20429473013402524      -0.68389403096666745     
  0.35558588506559907      -0.66681835846212478      -0.65491370054380993     
 -0.25364087035894578      -0.90393961472855133      -0.34432467499141944     
 -0.20333392018921534      -0.95963929291457062       0.19428778755982393     
 -0.35027443359247945      -0.73073481620661040       0.58594748020189280     
 -0.20906675571829986      -0.86120539126127482       0.46326705658394657     
  0.71719894823810837      -0.46875520359169176       0.51564932633705374     
  0.26130486600267083      -0.96004613150993112       0.10015584044952655     
  0.57407292188320758       0.22204483629364707      -0.78812205338756058     
  0.69343859962704368       0.53296537438434721      -0.48486164857064484     
   2.4881241176942504E-002  0.94821224346246957       0.31666143621439069     
 -0.45577838030003714       0.88630645079288084       -8.2017945195029307E-002
 -0.66281771261142952       0.63225213811288172       0.40116070807126991     
 -0.60884875484352308       0.75928049568030664      -0.22977450381836476     
 -0.69837099301715344      -0.12522562041687224       0.70469603383547508     
 -0.56237267731957818       -9.6897942850641225E-002  0.82118679998873234     
 -0.40702592110428359      -0.65091950559662315       0.64080706673931798     
   2.3635706866000500E-002 -0.85857144972013977       0.51214882513425530     
   5.4178033995213037E-003 -0.55311855921049591       0.83308493376319259     
  0.24944352693547883      -0.82863105615258859      -0.50114718361919020     
  0.20219724591200011       -7.5362660167804865E-002 -0.97644085494106037     
  0.51505379088590275       0.54002525209968000      -0.66565180055996997     
  0.32985219187349113       0.84238476193663914      -0.42612843647566223     
   7.8018671559499514E-002  0.99301334150750442        8.8530167040314633E-002
  0.39955323287848649       0.91663165388820667        1.1984372595972625E-002
