   4.2739176998345479E-002  0.22242305603571452      -0.97401301166526599     
  0.43044749852101410      -0.87605651371339643      -0.21734750009449966     
  -2.2539560592022567E-002 -0.99611170109798786        8.5167171750538131E-002
  0.23973509359004877      -0.76805936800501062       0.59381132704007666     
 -0.62903401154113037      -0.65879704806155182       0.41267743067661022     
 -0.16736415351603395      -0.98582124418452832       -1.2071231600129642E-002
  0.83454683376210370      -0.54019432827789993       0.10826666132301350     
  0.84687494519654738      -0.47025346717728622       0.24832338554009709     
  0.98483728771032863       0.15153671937053720       -8.4451994753238252E-002
  -6.4410311707042492E-002  0.92302524741559266       0.37930951000362617     
 -0.24664333675427069       0.94696094763571814       0.20599035921027870     
 -0.36694854032569996       0.91180103298420867      -0.18430313345622448     
 -0.26201911897429331       0.95201124828714512      -0.15817890006789739     
 -0.93914573363604803       0.31818955007372507      -0.12946312686286679     
 -0.95346587924149229       0.30027601321221564        2.7150193583657029E-002
 -0.98150435791313306      -0.14073841810722962       0.12977631935840817     
 -0.23701402542307468      -0.27687082530639334       0.93121796473591456     
 -0.19555253126943475      -0.68609149007527614       0.70074080426388741     
 -0.37768158092423781      -0.78452785795274682       0.49180551392459515     
  0.59867042307117058      -0.69583389107557048      -0.39674793077019205     
  0.54613296970221459       -9.5394933210173505E-002 -0.83224911301969229     
  0.53048482279172215       0.47733852793183690      -0.70052393430881144     
  0.24055719939634171       0.94115541603059583       0.23739990879284448     
  0.19098120157714710       0.97897327972404302       -7.1676343590461183E-002
  0.44165971083690386       0.87882963949020665      -0.18054130989050315     
