 -0.32035614160560966        9.7767119345372452E-002 -0.94223857536744748     
 -0.22177136903585598      -0.96730106103847735       0.12306956240189143     
  0.25399575898820764      -0.69961212104655546       0.66785405179630208     
  -9.9414184955481266E-002 -0.83813989648737253       0.53631924610791004     
   4.5230902177033933E-002 -0.87138207374272325       0.48851555456103624     
  -4.7313166411085066E-002 -0.85755538519375063       0.51221111429699562     
  0.42188193138892138      -0.89595970948289239      -0.13882303465520401     
  0.75480137189162966      -0.59065361886277301       0.28531244542576439     
  0.88485683064023957       0.45902413923574409       -7.9531307472050894E-002
 -0.13817282141101619       0.90357364794265160      -0.40554029906648176     
 -0.61087965135575273       0.79164846440027747        1.0897723255305802E-002
 -0.36442406755575779       0.92540911117066171      -0.10398594110962364     
 -0.24153986337171493       0.88714690664571227       0.39322876348421082     
 -0.41785314080827113       0.85287672649403012       0.31304958412607981     
 -0.64010265762743224       0.70433952863686677       0.30687850380549397     
 -0.89804709300863850      -0.27006305302627853       0.34724251774353598     
 -0.73603338751630221      -0.45246345643304881       0.50351928766823206     
 -0.20344303849596945      -0.55197368511488554       0.80866308251843289     
  0.47951255432013168      -0.48045130826769472       0.73432571154306669     
  0.68746687345719326       0.16171155171179102       0.70798211272741063     
  0.88925296165354017      -0.28335901897152349      -0.35907775837261025     
  0.61391337760682108       0.27915269331203696      -0.73836585688398049     
  0.33198119861816217       0.16751922591138330      -0.92829186827962706     
  0.40402270407938179       0.38219632814972626      -0.83107858914620336     
  0.17111166079820977       0.28289831916403579      -0.94376339225096140     
