 -0.35881544354377781       0.49979305752002545       0.78832631386325647     
 -0.49273506740654682      -0.56012233792620503       0.66593927643886519     
  0.27274329985871576      -0.92000899381835921       0.28141525131994050     
  0.54637763857936339      -0.73349889198124141      -0.40429055334338193     
 -0.26754663605557427      -0.81427032314921377      -0.51515302423045251     
  -1.5729997955193011E-002 -0.23695331652124285      -0.97139368587299324     
 -0.13297633277090254      -0.53774893640818311      -0.83255232647242472     
   2.4454519330052993E-002 -0.46912880002608087      -0.88279111089227802     
 -0.31894277726438047      -0.50314185829217473      -0.80319597562810452     
 -0.57656747450058699      -0.62068025958061712      -0.53134354490758240     
 -0.24680591095044391      -0.94387727206027539      -0.21950521089022723     
 -0.12514753485507288      -0.83596502935773598      -0.53432252826416426     
 -0.29053090056231196      -0.91052526663463462       0.29416922789164746     
  0.64765590787438410      -0.45477075290203689      -0.61133083293770718     
  0.51789831409925013       0.50787059601124318       0.68836675832025784     
  0.41728157578212233       0.80964242026850586       0.41274112687563697     
  0.35371650345939892       0.92129467776939256      -0.16155727125160918     
 -0.26001294978440675       0.92560524716834791       0.27504216469265347     
  0.37113580788776579       0.69824286445770334       0.61213978333171093     
  0.22109876839556294       0.69408500729943834       0.68509950901755801     
  0.64296940920079082       0.66968023622378337       0.37164326987480800     
 -0.17124784848643637       0.89563136636176521       0.41051020691052681     
  0.11474741443501713       0.91902264762777930      -0.37713446412084201     
  0.48412000062065885       0.87500005169360517       -1.6536430234571284E-003
  0.43220923328684213       0.28016087100122650       0.85714938314240829     
