 -0.79280602158166835      -0.45357073073714149      -0.40710220382899165     
 -0.43876144056250049      -0.87179765582856616       0.21784683970012975     
   3.5698884474791623E-002 -0.45262835670494983       0.89098437716596990     
  0.74194369620474721      -0.33651569828135586       0.57989372860226218     
  0.74252141529079130       -6.9051683055639801E-002  0.66625356501991095     
  0.85453203885524964      -0.37229685604713458      -0.36217405421610332     
  0.18887992149352886      -0.76969074470232923      -0.60983648035860660     
 -0.46133820542823678      -0.88581884844735070       -4.9920215821599549E-002
 -0.69869435872130203      -0.64411333307167018      -0.31135864730300961     
 -0.72645159759576738       0.64206776919992703      -0.24498378743335708     
 -0.73929675868812761       0.53463942678076493      -0.40939099394680878     
 -0.31102800246422740       0.88316219556767894      -0.35112122978140059     
  0.20990112242752962       0.73626827173059617       0.64331217215789427     
 -0.22449366740817653       0.87857677886172791       0.42155122694472313     
 -0.96137956374166023       0.21495511766225353       0.17188261055356682     
 -0.48054510699977149       0.14652508023415259       0.86464258569709862     
 -0.46855905596848169      -0.31114954617187718       0.82682426850386614     
 -0.19311267795232259      -0.45449134978582589       0.86956604498102252     
  0.45374970206678006      -0.79991608621435906      -0.39274096156348148     
  0.91558746156132431      -0.11059166188273684      -0.38661231816086722     
  0.90311797106541714       0.17562135850857621      -0.39183551239555137     
  0.39559145091282577       0.91812255288405276       -2.3630104746996360E-002
  0.38903511740617297       0.81222082567859355      -0.43468265178027732     
  0.58952935672379769       0.56753498511262201      -0.57476880415871134     
  -8.5429835229747536E-002  0.15219631544459641      -0.98465121988332016     
