  0.27274506701063755      -0.54402533746607218      -0.79350271619969148     
  0.52070556657678857      -0.79795276080054112      -0.30354094364144057     
  0.69493835359396061      -0.71843705056885576        3.0147787216257174E-002
  0.14646470159498864      -0.49990277377755227       0.85360723283965978     
  0.42564368769386574      -0.39953598585339395       0.81191036890442492     
  -6.7209737873540676E-002 -0.66014026419337057       0.74812945586020974     
 -0.10364586151843143      -0.99408705501148764        3.2379969868534954E-002
 -0.18797278395534958      -0.96618357321755710      -0.17650930665728715     
   2.4979932793462774E-002 -0.10245333869708897      -0.99442411291534838     
   3.7055825929568395E-002  0.47478002525239021      -0.87932405482053266     
  -6.1408905762832498E-002  0.98190446965336264      -0.17914396101390911     
   3.8767372420415572E-002  0.98711320443308570       0.15525660201574257     
 -0.26554299464595404       0.91874410078376423       0.29222627409166529     
 -0.68995238844711382       0.70690562400740908      -0.15572456589390754     
 -0.90284165308304176       0.23272972319745439       0.36154367011292471     
 -0.77670433179602960      -0.33978123054537790       0.53035751747134152     
 -0.25609311992993755       0.25280912433895392       0.93300796383284967     
 -0.23026149442936744      -0.52344094085508619       0.82035920523871664     
  0.18447317176784533      -0.90543315393285861       0.38230936773391677     
  0.68961283278388086      -0.47121464020033449      -0.54990081262049428     
  0.94599154469441771       0.17690014348463126      -0.27167321657054910     
  0.47118649187220102       0.69558891937670309      -0.54234614879938148     
 -0.70892200306294872       0.47741433398605926      -0.51913885163590867     
 -0.45565550054180853       0.68002562368496211      -0.57440683836273043     
   4.1391463118261994E-002  0.78972354987717230      -0.61206491612436864     
