  0.58007964329685613      -0.43141722841602792      -0.69093182185974222     
 -0.46923485878318716      -0.88304873666327866        6.6012105035940516E-003
 -0.36173536110993171      -0.86834774262300329       0.33929298018703702     
   9.8702607887577759E-002 -0.57901499617998042       0.80932035029082949     
  0.30704715076511957        6.3428554816633245E-002  0.94957825672289542     
  0.60480694187268347       0.36448036261630545       0.70806964934935401     
  -3.2662149416147090E-002 -0.58653752153064764       0.80926319564910609     
  0.33137310421023958      -0.91468692412081298       0.23138646600111165     
  0.32308120159608600      -0.70388459628432209      -0.63258597225113056     
  0.39807114367860780       0.29075418755674348      -0.87005825493964817     
  0.10912503075095550       0.98525647146673800      -0.13176271512269108     
 -0.38052470304315633       0.83151074190084084       0.40471080598057108     
  -4.5001981456179105E-003  0.99997306755119775        5.7976192451233977E-003
 -0.76941602967399692       0.52798095100417564      -0.35949282142687800     
 -0.65246731210864539       0.75600519280492695        5.2369409789571608E-002
 -0.61869626660838584       -2.5033272304103973E-002  0.78523134486761581     
 -0.27020260938642549       0.37737673008034711       0.88576371198792525     
  0.29899315106810537       0.48119983676315353       0.82404478805067438     
  0.82355714131514401       0.19432831363680886      -0.53290725413330364     
  0.94788664049955951       0.10526064615986279      -0.30071766348600720     
   9.9660813223399314E-002   1.6410701394781985E-002 -0.99488612975927171     
 -0.38902147712930502      -0.18306434860047718      -0.90285643078156164     
 -0.83473558632118872        6.6143544981159888E-002 -0.54666400319239128     
 -0.30213646873044531       0.49122874446613840      -0.81695035031102670     
  -3.6332337083670549E-002 -0.55742791776141409      -0.82942997159628662     
