  0.71458508978296986      -0.21018450485554002      -0.66722606617134717     
   5.1228269258969901E-002 -0.99774851641294082        4.3284667314290870E-002
 -0.30118475652857518      -0.45836057404754310       0.83617780800116126     
 -0.30544801184026149      -0.24928504227419859       0.91899862881353744     
 -0.29241754950900567       0.27125369895737372       0.91701330826825234     
 -0.13536005247937399       0.20092620158467839       0.97020941951186634     
  0.11947396717520116      -0.71274521352286191       0.69117308379860343     
  0.36052984864930471      -0.81474383867983891       0.45410428930605912     
  0.65568254563945383      -0.59046429140659484      -0.47056595703206039     
  0.59525351468003018       0.30229787336947456      -0.74450604364059580     
  0.13506080858446926       0.81084803190465959      -0.56945943414859734     
   3.0805528451130611E-002  0.99084051106597526      -0.13147661787323228     
 -0.63849089759838940       0.67065804382196603      -0.37755418411258213     
 -0.99436796586303056      -0.10210468718331402       -2.8407416648607520E-002
 -0.96031373820982668       0.27592561026173174        4.0774769247269527E-002
 -0.61532960652390434       0.36341871955896776       0.69949718341768308     
  0.23728161683954530       -5.4510333730803155E-002  0.96991033494162104     
  0.26692455289046069        8.7050712269254926E-002  0.95977781624584568     
  0.88381277405465009       0.46647219008584312       -3.5758583505716555E-002
  0.70557364932484856       0.19105697943554806      -0.68239508789805747     
  0.51106191062553474       0.33015675664510064      -0.79360710653910371     
 -0.11336467071690852       -2.1181353300990038E-002 -0.99332764066323531     
 -0.61384103339659390      -0.45691517962868800      -0.64376059551938258     
 -0.16495291637950205      -0.69249530963023898      -0.70231102904483067     
  0.25908474265125325      -0.40289856607716645      -0.87780854494490868     
