  0.31780188574460155      -0.30843837579376548      -0.89658671067269102     
  0.74289589809467671      -0.66825542242566294        3.9247611300670976E-002
  0.28072737570542666      -0.21192235254006819       0.93609885002783189     
 -0.44669422243712253       0.16867433696704437       0.87864283966239998     
 -0.53328914434546837       0.62332547741587085       0.57189862539400693     
 -0.94779115948909520      -0.27366143898737166       0.16371113219846009     
 -0.13812366876055063      -0.79713911870060383       0.58778489055550909     
  0.21877555939022447      -0.62291388694938299       0.75107625715310478     
  0.86359222462310437       0.34917132269636664       0.36371397687882390     
  0.31221742298864408       0.43397954348186152      -0.84509291596937119     
  0.77918870041474475       0.36179032607062017      -0.51183271594113966     
   8.7428179267336568E-003  0.89323670783311138      -0.44950166508499445     
 -0.93049181468374587        8.0843284821380798E-002 -0.35728048660101491     
 -0.94486443813449905       0.25760747986652366      -0.20216226122999814     
 -0.82534363409183542       0.52718486871444947       0.20219792249827195     
 -0.59875730168259833       0.17918554716889679       0.78062938284923000     
  0.37156812962842678      -0.12199562911723741       0.92035547019655684     
  0.54608088105165198       0.43878343641110457       0.71362789132790938     
  0.59526048346551541       0.80347387021450545        9.7312233002675025E-003
  0.76615626434808370       -7.4539443464457858E-002 -0.63831688836205602     
  0.59655538078287029       -3.4080367260376360E-002 -0.80184799446429245     
 -0.46684204299795473       0.13783075265407083      -0.87353373747801766     
 -0.67268749954031748      -0.62231251450362934      -0.40027323449657892     
 -0.23567045256948227      -0.94418914916825225      -0.23014406005504928     
  0.52009652227252101      -0.33037186240576377      -0.78762557097302166     
