 -0.48993985988288807      -0.81277309361034789      -0.31521236016532117     
 -0.64425742028331567      -0.72916592976155559      -0.23075836557935878     
 -0.89077338140273099      -0.29452481021146337      -0.34608946697965859     
 -0.98992091934012538       -3.1144210196292259E-002  0.13815430367546544     
 -0.98258955622403354      -0.13034489725899606       0.13239324664799992     
 -0.64940198898472457       0.48568658825859351       0.58513724431831682     
   3.8618924704526637E-002  0.56247996702760861       0.82590850906580227     
 -0.37022135507175413       0.22090267020272805       0.90229604817163411     
 -0.61132627723899602        7.8228787267999325E-002  0.78750266005880776     
 -0.98260846588823847       0.15231516196288286       0.10621061246868040     
 -0.87991650755513329       0.22286492489116588      -0.41961668816341247     
 -0.83816125139685815      -0.39902229625373131      -0.37184260615111986     
 -0.92593278284756442      -0.30020827908769687       0.22917999654283125     
 -0.82182088328436809       0.56223543504897200        9.2204942237376644E-002
 -0.67041340895871360       0.48151154285053088      -0.56452856011901498     
 -0.60342253381643030       0.78215288484321321      -0.15530006572440472     
 -0.74732449347822372       0.47709281627970451      -0.46248086025455726     
  -9.8106602561541550E-002 -0.10634402828020617      -0.98947766128547088     
  -5.5161690569670074E-002 -0.15907613931695896      -0.98572408400803990     
  -3.8957972465576404E-002 -0.38592991677584926      -0.92170514575906415     
   8.5637982486527320E-002  0.51469887666783798      -0.85308335015547365     
  0.41467478975336081       0.58130024877729936      -0.70009630731381634     
  0.54277374125421152       0.36572364844875571      -0.75607068371298758     
  0.42134348465583588       0.36508540704329517      -0.83017005095467578     
 -0.20188637603792345       0.55067938950359663      -0.80993462769918390     
 -0.63006089248128527       0.64025881108886640      -0.43942226455739752     
 -0.81353412788905177        1.7204282264054960E-002 -0.58126262173957710     
 -0.86728997065750857       -2.0283257478109995E-002 -0.49738988355509867     
 -0.96522674850958678        7.6648742878319603E-002  0.24992457697629702     
 -0.59781049038472989       0.80153611886327703       -1.2746283518951781E-002
 -0.81473571571058490       0.48273579811520551      -0.32120377140317913     
 -0.85648896519783047       0.30372993345563859       0.41734252121891058     
 -0.87051214411152722       0.29340475760163359       0.39512308863322038     
 -0.24544909554675376       0.74907258562947576       0.61534137107268894     
  -7.6878839290009604E-002  0.64861378329116004       0.75722506838727377     
  0.35359896185520279       -8.2410225322871275E-002  0.93175980216852339     
  0.45998277342178279       -2.6557573595108075E-002  0.88753058732639289     
  0.84505169208698527       0.14661758055984003       0.51418957862997794     
  0.96159781266870736        4.7711493960693983E-002  0.27028366583051944     
  0.99148988822871864      -0.11317592879676068        6.4335143437851766E-002
  0.98139534419181174       0.10482073965729151      -0.16085953790903981     
  0.98941389853293704      -0.14161418689154820       -3.1710557561648242E-002
  0.88751207931669940      -0.37836368551901861      -0.26298903123018380     
  0.90132437921717745      -0.42791678463993460       -6.7093880884783769E-002
  0.56343336384325271      -0.57982243539860523      -0.58851405073853091     
  0.48371707657609397      -0.85096504550665197       0.20463694963159965     
  0.57194626157629014      -0.79482801313420504      -0.20279522530379329     
  0.34855209067609055      -0.82614567030746178      -0.44271296741516841     
  0.53449384190479310      -0.84514466940075539        6.8425689130231088E-003
  0.44226762982601664      -0.89314828512432876        8.1764811426016729E-002
  0.34821398014611510      -0.76117429683631499       0.54713866054824034     
  0.49293070537612593      -0.77322519489337249       0.39892620580690635     
  0.17458443076633187      -0.76593093941762247       0.61876495745705962     
  -1.1207914813577144E-002 -0.82154211213214834       0.57003766598266836     
  -6.2405651790827452E-002 -0.38471672499784182       0.92092267652148407     
 -0.43074984123993870      -0.50498424385625429       0.74796088649653936     
 -0.59262261989152609      -0.64767896374154543       0.47886364480880395     
 -0.23040126614306616      -0.30956523366276434       0.92254247743232798     
 -0.24139485804568445      -0.23529942767952855       0.94146837538112738     
  0.31977434226414153        6.0227585768021792E-002  0.94557760545715019     
  0.11609663391359223      -0.12582952161751168       0.98523525265970502     
 -0.50852693013885042       0.57690737032973238       0.63920125733824396     
 -0.42885770354969127       0.86462040110915850       0.26174917782470386     
 -0.59706690189995315       0.78493668537715822      -0.16548569305140928     
 -0.59186504921351557       0.80555388330972233       -2.7905279144078723E-002
 -0.38167428964330397       0.92378899180901430       -3.0637154531107456E-002
 -0.66872143577442222       0.60718570593715726      -0.42911205977154226     
 -0.36865847994300760       0.91275737587087835      -0.17596845728543681     
 -0.50277557788195981       0.80145945358505455       0.32385098817912772     
  0.11307001322206293       0.90026329329973109       0.42040596433336774     
  0.56799720273469834       0.60648751909547127       0.55637403504025174     
  0.70642029739588230       0.63051682470599280       0.32158808620624285     
  0.69463135991456149       0.71896342978963557        2.4059518872491588E-002
 -0.46162475008687115       0.87303387925643106       0.15720825607363403     
  0.34325356617111130       0.63727897852448057       0.68996557366409050     
  0.65502773295755556       0.62846938918899098       0.41948169913467770     
  0.94880456523838375       0.11065720259395107      -0.29584604188137836     
  0.94683493967424759      -0.31939864081720470        3.8575967339633414E-002
  0.90902081809607271      -0.41611309375826183        2.3044423856118667E-002
  0.53446727758729551        5.2319261662392078E-002  0.84356826875335289     
  0.63670941783831125       -2.4509469693089439E-002  0.77071421625097902     
  0.61951298459880044      -0.77693273619835002       0.11215696740208876     
  0.58900822441394762      -0.79425350859445043      -0.14909954949005091     
  0.80289843129584715      -0.57249020874112255       0.16615977226216161     
  0.87444902495528631      -0.30129527250902688       0.38021054893103201     
  0.76018463197663821      -0.57699726840855781       0.29865277088215109     
  0.82575862136678013      -0.35030266662390730      -0.44205287126608850     
  0.90385725297826447       0.31666144416691133      -0.28769358007560519     
  0.80520620416223299        1.8869467724073712E-002 -0.59269461948499869     
   1.3822942197468963E-002 -0.25421554546084296      -0.96704880058611242     
  0.13467570425274572        3.6853608668022168E-002 -0.99020415380473570     
  0.33559227284733778       0.23853733699650631      -0.91130552794536002     
  0.28900613890284316        6.0167836740146328E-002 -0.95543460430238880     
 -0.66368899756191768      -0.38516904056599766      -0.64121893663920226     
 -0.49063800089045062      -0.38040488487349250      -0.78394290330775906     
 -0.35535699932718579       -4.8576681333666660E-002 -0.93346757258073376     
  0.19555504765715431      -0.88898316460685955      -0.41408592874108169     
 -0.63839472064825842      -0.72937428845660190      -0.24589698653472084     
 -0.36938255045919971      -0.81521830086302249      -0.44606687094453984     
 -0.61089997502274318       -9.0399479444273206E-002 -0.78652981801925848     
