   2.4516560132068155E-002 -0.85989694048148846       0.50987860322812351     
 -0.18456006202203928      -0.92682046487618641       0.32701897405672881     
  0.65345994958843878       -4.9421234335321057E-002  0.75534603717809490     
  0.28466885420601579       0.65704101838266549       0.69804064609998684     
 -0.55680283191783997       0.23731420382019897       0.79602297393571575     
 -0.15746235315478999      -0.27301758952604255       0.94903477446739026     
 -0.47254306884574099      -0.45506038081535505       0.75473379273624175     
 -0.32101411931397045      -0.86481209767255440       0.38606990418871601     
  0.67951089341584281      -0.31748743632640219      -0.66141263482346258     
  0.54380640875334874       0.46676806164551560      -0.69742538412828503     
  0.50761792530468819       0.81946950262137985      -0.26607099838731962     
 -0.53496889018389959       0.80649991330089832      -0.25172639190412865     
 -0.83301877183812134       0.51406574485219669      -0.20448994042467022     
 -0.88287246475726811      -0.45931107577357860        9.7824059643705191E-002
 -0.83752337293144929      -0.36838354674073814       0.40354449851812907     
 -0.42999910028330951       0.22169780929847985       0.87518618311066321     
  0.38538561335952354       0.63488116470512990       0.66962962577693741     
  0.53756822303891272       0.82545973730386235      -0.17215291943218619     
  0.65238840049831781       0.61813401131124590      -0.43851991853906236     
  0.64492860662227147       0.26773545673925953      -0.71581060174105349     
  0.43376002821842746       0.26301583823735353      -0.86178588219827135     
  0.44391546382032748      -0.15707918819233679      -0.88219339694764354     
 -0.39405312696685674      -0.48461381995579034      -0.78094274990903578     
 -0.24469310345155681      -0.45775279429334942      -0.85474420994814015     
 -0.18325035982885746      -0.94601271473520154      -0.26735603449694628     
