   1.9247298521164427E-002 -0.98954426915631000       0.14293943080737553     
  -1.6981735611196841E-002 -0.69678501668597215       0.71707897834030099     
 -0.60367367127867777      -0.53337707651318711       0.59252594276974646     
   8.7178613318008163E-003  -1.4654369370737438E-003  0.99996092493075461     
  -3.0949848793826597E-002  0.43023219383870354       0.90218754493973052     
  0.27857794424742310       0.21282113235528372       0.93653696915921014     
 -0.46308025550202453        1.7249634338124740E-002  0.88614847913844330     
 -0.30131599608079540       -7.9693077292560324E-003  0.95349103857360162     
  -6.2001918619973687E-002 -0.46358921049013041      -0.88387827555868781     
  0.58714985603636372       0.24023728234688788      -0.77300782319913841     
   3.2638862802339144E-002  0.30468155482037435      -0.95189487591183142     
 -0.54048660493418521       0.69568283085140370      -0.47318033427575290     
 -0.44408809647203090       0.75970850108651078      -0.47500395361381226     
 -0.94936319304470773       0.17017461322451541      -0.26410249659151586     
 -0.91944716275243299       0.30042634106126076       0.25369455749591940     
 -0.42617881297950178       0.53476381462530942       0.72965696182163553     
  -6.5112069313871868E-002  0.80648382168880806       0.58765998994646207     
  0.88742867144177440       0.45457899566561172        7.6343236784462934E-002
  0.67624253687878910      -0.45733737442978306       0.57752797098097230     
  0.83765471407177583      -0.43171792699974904      -0.33459559396439370     
  0.54829607025014815      -0.53382448817863204      -0.64374127968390105     
  0.44103624811422626      -0.72064167402540091      -0.53494168421164967     
  0.36003695981384864       -7.4956722002314957E-002 -0.92992197382073882     
  0.34506134046589582      -0.62161497041287594      -0.70322649258576564     
   2.7790249887734930E-002 -0.80000367174562559      -0.59935117185561693     
