 -0.54944565089206798      -0.82372637341055288       0.13994405476364621     
 -0.44351625672486983      -0.88397148911656709       0.14794504537092995     
   9.2891166141649967E-003 -0.18485653181640391       0.98272161620539733     
  0.22760398806332924       0.34425412336678607       0.91087074997642825     
  0.77594738307886602       0.25758438567854874       0.57580894656792636     
  0.74882086146534443       0.20008640225473645       0.63184867576587034     
  0.86642781887429954      -0.43328752017291416       0.24812246883973837     
  0.63630107975874528      -0.17393160231366467       0.75157749674565677     
 -0.94777040420732150       0.31251514025187876        6.3761650088910299E-002
 -0.19372111610907988      -0.10772729794454830      -0.97512407336247708     
   6.7332372676744828E-002 -0.15196381796768565      -0.98608992978246823     
 -0.34264970286062485       0.89776693607246871      -0.27677736472586978     
 -0.70207716586883617       0.70965929706665098        5.8918038430227013E-002
 -0.93679087116537108      -0.15223404068241048       0.31503596708751030     
 -0.53229299946288011       0.75079408844291162       0.39111686166924353     
 -0.39496604386334616       0.91608660705361056        6.9189251852830896E-002
 -0.59467698954025883       0.78692404075308664       0.16465063679247230     
  0.78255187881604671       0.51591106331687708       0.34849437830289864     
  0.95414744537861307       0.19345760414152066       0.22842243295542466     
  0.26220580137224470      -0.38296529747229896      -0.88576842270353395     
  -8.0770549270887920E-002 -0.57968235964168946      -0.81082950136925991     
  0.44133979354977820       -7.4205934520996789E-002 -0.89426655193589377     
  0.30572504454477512      -0.64311099542553107      -0.70209717610945710     
  -4.6502433181511982E-002 -0.78894819197409771      -0.61269753883054456     
  -8.0442539997901089E-002 -0.78604424120565120      -0.61291389984738742     
