  0.86297592331223960       0.22061111415103171       0.45453634848753893     
  0.97998834469881613      -0.19892725803544711        7.1267289097123043E-003
  0.16568640566004467      -0.70751329103849803      -0.68700288062227255     
 -0.72838976857282101      -0.44083699526517256      -0.52451033225665178     
 -0.87299276322088248      -0.16921765572104697      -0.45743744966519650     
 -0.96246856713663942        2.5866275521302974E-002 -0.27015771886920315     
 -0.89625856467902609        1.4118816538214451E-003  0.44352969667166892     
 -0.90624500501012828      -0.18284735663512769       0.38116510210895965     
 -0.58354071459980539      -0.81135733269431465        3.4344040058196565E-002
 -0.76371949158061836      -0.62668756113765989       0.15490396668640527     
 -0.59153335504007787      -0.67652485374407312      -0.43863699358535096     
   1.8843968606928732E-002 -0.83161551451956717      -0.55503201786698775     
 -0.40285219892301372      -0.65584050927739790      -0.63842253423077977     
  0.24866475136954314      -0.39693978448616918      -0.88351833536061308     
  0.43251765647671997       0.13989461847307522      -0.89070644578231828     
  0.60268351174649393       0.72629569890317824      -0.33055580833452913     
  0.30964429571233104       0.81857051089680999       0.48380029849408646     
  0.90409246315657654       0.17027573771837898       0.39194768937695357     
  0.53074202723804575       0.24130675303532861       0.81245550737427785     
  0.56812596855638331       0.81191054181119660       0.13429131002312666     
  0.40041923407725633       0.47397517067750350       0.78422699173276333     
  0.41701649485770270       0.35368240982362487       0.83726100828711236     
  0.33983869562397934       0.38895432306202832       0.85628511345693148     
  0.61578477690572131       0.60400610919650943       0.50595032224960401     
  0.43102100054283038       0.89137185166898203      -0.14027515511753708     
