  0.67600564720209833      -0.19954218388969203       0.70936540781134927     
  0.58705150199530565      -0.65145594805683271      -0.48059929436736371     
 -0.32813046813145158       -4.7687598661354302E-002 -0.94342794574769617     
 -0.56658174270456318       0.35263276841332580      -0.74473838324272623     
 -0.92398571577074062       0.25578804155454626      -0.28429364194311646     
 -0.96551151209748631        8.9635036730569259E-002  0.24444443171720537     
 -0.83458172801508135      -0.48631056872567935      -0.25879600075936221     
 -0.62330795636227809      -0.78061084819171767        4.6194103745803919E-002
 -0.61885028347086357      -0.78543611826784399        1.0697231808954537E-002
 -0.39902919404288534      -0.88311450239451195       0.24674780234481269     
 -0.23208185891858082      -0.71535927372261532      -0.65908961474139294     
   5.2506300416386160E-002   7.8024199123063048E-003 -0.99859011143717136     
  -3.3915550079142882E-002 -0.47377736846956514      -0.87999132983733541     
 -0.77684275820101856      -0.12992257302934690      -0.61614564353572976     
 -0.78346468982782125       0.34412145334988348      -0.51745869896772534     
  0.23978703538604718       0.96388488768145852       0.11587968312049612     
  0.98642377998454844       0.16346643784243003        1.5711460152351475E-002
  0.80296347040046401       0.23130169812745013       0.54931702107781222     
  0.32048671737689260       0.55008754223922596       0.77116273241008582     
  0.39737386325486712       0.64003877783085594       0.65760503014703975     
  0.49794856752996036       0.35543699311251620       0.79101944857379836     
  0.36107827182864555       0.45025722697843951       0.81663389053291691     
  0.84619741983560459       0.39220195868145963       0.36073196458033641     
  0.20712953603035611       0.72089386358309404       0.66136933157813049     
  0.64009150531695735       0.50885021662999852       0.57563384356433878     
