  0.44041786617015055       0.17161141094173679       0.88123868888779266     
  0.85013187581058103      -0.52473972706033589        4.3863567745943577E-002
  0.37478284521519956      -0.26774926120419618      -0.88760810725058892     
 -0.22291922942071263      -0.11861559113720542      -0.96759359169726944     
 -0.73716289855663075       -4.2277074534622310E-002 -0.67439121432618165     
 -0.92468970630844849      -0.31363681607756960      -0.21582607499542977     
 -0.80182065085885668      -0.54557002753235717       0.24379702400685732     
 -0.86129106653903431      -0.48196093136260337      -0.16090792193094344     
 -0.58222222994785489      -0.74171807424515268       0.33297383274458159     
 -0.76154102305461391      -0.63978201550914982      -0.10360619110845826     
   7.1444234870104373E-002 -0.53600730448253509      -0.84118481372716281     
  0.23100481717360383      -0.82246251840492723      -0.51980013491881816     
 -0.31606905050535644      -0.28131008472963648      -0.90607118458874314     
   2.0351456481701502E-002 -0.13329813315560787      -0.99086700717921661     
 -0.38432622179064563       0.48371298719209344      -0.78633014775337395     
 -0.37652822876891912       0.68173790861202666       0.62726383356724502     
  0.33242402631467649       -6.3353421803274468E-002  0.94099979313205773     
  0.22506777069080341       0.55183893440029841       0.80300578396186917     
  0.91855900724786599       0.30023289339681974       0.25711779387352252     
  0.50713458905343856       0.52949975570757180       0.68003273251456253     
  0.14095384939972472       0.18824663484025020       0.97195432856216157     
  0.40225634057285470       0.80482391803370434       0.43640382380292142     
  0.13588988454686379       0.77363687895849986       0.61888603053646640     
  0.13162249868403569       0.73772513993092814       0.66214585685789284     
  0.50349459530222718       0.76813704639333269       0.39554856902730418     
