  0.49606028719577722       0.18766018277016785       0.84776638720219999     
  0.90380492786394118       0.33311958297531180      -0.26864101661359907     
  0.47155404243481264      -0.39795536632806078      -0.78693602756136016     
 -0.42768257919064012      -0.17114405129714760      -0.88757947540624016     
 -0.71988045985507287       0.33277066808664552      -0.60912708524574977     
 -0.92199139205529346       0.23256808657561295      -0.30958675372586619     
 -0.73958794333848743      -0.49009863380579910      -0.46131659758783616     
 -0.66491291472841130      -0.72428111928973082       0.18250390699318603     
 -0.88209042996792419      -0.47030590552132828        2.6996825568479980E-002
 -0.79510296913331535      -0.58207184919338883      -0.17030452387413533     
 -0.33327814506503078      -0.68257620279595743      -0.65039634485340869     
  0.39432964423157962      -0.64038792759203367      -0.65909592160366504     
  0.65572686470467867      -0.67272832907037428      -0.34272273658273117     
  0.84595902071436990       0.39280269169263893      -0.36063746431977972     
  -7.0322399860492241E-002  0.33842216172148132      -0.93836304303485729     
 -0.76952718078112670       0.12999956833491200      -0.62524237722009224     
 -0.86049152840121235      -0.22623274248738670       0.45647899817669751     
  0.17948068118678517      -0.33493288183587611       0.92499008089051404     
  0.64587036096320183       -5.4101382084651928E-002  0.76152775214419233     
  0.20152806099542536       0.36142301203122384       0.91036248110612239     
  0.40208797576682564       0.54118740231034257       0.73854008376276947     
  0.54102533127158103       0.24496122195557954       0.80454060845957531     
   2.1583000889398300E-002  0.98654260743054378       0.16207361844774626     
   7.7806187520546827E-002  0.81716694303881821       0.57112554170525431     
  0.61878860182080553       0.70622339155194602       0.34401916731702453     
