  0.30609284075771420       0.49846201329676626       0.81107508538788664     
  0.80967107595748733       0.37412321587797442      -0.45217758469316699     
  0.52363294363540613      -0.22521466690523911      -0.82163671665186111     
  0.27679917112769908      -0.42905188783333797      -0.85982364262076805     
 -0.25416944579805811      -0.36880170955572250      -0.89408231827469575     
 -0.94514285439524737       -3.2907756620249529E-002 -0.32499548356838343     
 -0.62827417978344025      -0.63408840310159520      -0.45078093578754758     
 -0.88248729088180644      -0.38808699801386171       0.26571538044432919     
 -0.34411630229423712      -0.90582500458640647       0.24711339818266698     
 -0.55144880972198307      -0.83331721279290971        3.8556881607345300E-002
 -0.92022951656193130      -0.13734887520783959      -0.36648727580551049     
   3.4397716756657315E-002  0.15211669515151893      -0.98776379167193273     
  0.78308658815619647      -0.23449035334203386      -0.57601186588421394     
  0.37971159828062828       0.55994310650840351      -0.73639854671562777     
  -9.2297178173938441E-002  0.72398803766077802      -0.68360994157870703     
 -0.36901987372912126       0.69629147435020611      -0.61563180192401279     
 -0.68942637264742723       0.14679242121701783       0.70932592069617817     
  0.35589673912007047      -0.71574959595197463       0.60086606409272814     
  0.54556268115229123      -0.18307234114326570       0.81782998162347043     
  0.27043663968205667      -0.52266318845655624       0.80850925495624482     
  0.89134441682280408        2.0939568647303480E-002  0.45284287016986646     
  0.47428227408741136       0.44210913437589211       0.76131191885315430     
   3.0611976103303198E-002  0.56159425719298428       0.82684629599878168     
  0.36245459716862216       0.59555080209072886       0.71690020722582692     
  -9.1133232256645200E-002  0.70709034640188917       0.70122605200013177     
