  0.28724063379446341       0.88653477194191976       0.36269672790805063     
  0.92071392030740840       0.26075390967189055      -0.29033304245808689     
  0.18647952139590629      -0.15874709444104171      -0.96954873426066135     
 -0.38944619971050010       0.45389323065240661      -0.80144406710571459     
 -0.80431991718937423      -0.29682432095653821      -0.51474731014464026     
 -0.22238536758251359      -0.86464747941145692      -0.45047695238782925     
   5.4045361623664051E-002 -0.99713554763659551        5.2913122440579559E-002
  -2.8462924630162246E-002 -0.69368815954425722       0.71971285887469849     
 -0.93020883386000464      -0.18193620748570496       0.31876439859954847     
 -0.57533140328261811      -0.69284485866267054      -0.43469504048421448     
 -0.12586884047569233      -0.85548527690348442      -0.50229670116245262     
  0.31609384156628612      -0.44055741117159186      -0.84023440228644430     
  0.48519120490026518      -0.54402179820163266      -0.68456539334740618     
 -0.65311754201391514      -0.28673674688437617      -0.70087054032814589     
 -0.89375142037671507      -0.11967439835405022      -0.43230363976401892     
 -0.94016697754957379       0.32827435825898571        9.1224996766224170E-002
  0.42302195992536551       0.84565910145883616       0.32544293745718694     
  0.55107884609718272       0.77182214720412179       0.31717925289876053     
  0.97250042436594686       0.12432405372780095       0.19694276902881003     
  0.54010853620814558       -9.4229938434680721E-002  0.83630346634321906     
  0.76751045212518076       0.15384501861492400       0.62230170827820663     
  0.37559767164753144       0.31207735260016117       0.87265922045608646     
   4.7181493836889007E-002  0.47275319957764722       0.87993086031142720     
 -0.58893707411395280       0.13720184273963695       0.79644759845388091     
   7.2071711687722112E-002  0.86597351694649094       0.49486921132932266     
