 -0.54603452312675071      -0.32632814696159573       0.77159331260348452     
 -0.19580259127210897      -0.75133774460529879       0.63020071309274184     
 -0.41776666432279580      -0.82192668105840383       0.38717895751832015     
  0.56587265524791897      -0.41576596889539841       0.71198791924525962     
  0.31775566851396386      -0.89996862738459416      -0.29847580278937563     
  0.68976078513001793      -0.72123068492730369       -6.3689547149895123E-002
  0.98004590258730728        2.0139707805034098E-002  0.19774837797412387     
  0.97625797154349603       0.20592455017613390       -6.7197117739990375E-002
  0.83598241010780883       0.36709678507778298       0.40788890690471358     
  0.56546718504260796       0.53023706466964282       0.63174007146177302     
 -0.24633292888410879       0.59964942616119199       0.76140702246034819     
  0.55675617884825357       0.59215356652468831       0.58256047837660985     
   8.6253491638982341E-002  0.92925181281454761       0.35923725246830551     
  0.30466504263773581       0.93404622720038832       0.18637826388097239     
  0.67996654281977198       0.66267578108740588       0.31385714872525194     
  0.32924693489798196       0.57919062330445714      -0.74574437828018325     
   1.7058195125582362E-003  0.15257829690465644      -0.98828991368599040     
 -0.57355171263255000       -8.0922036907850728E-002 -0.81516259536300939     
 -0.53448530547983586       -1.7414246677201806E-002 -0.84499834451837863     
 -0.62566687142861033       0.18231018303732782      -0.75848794529486996     
 -0.91004210595487822       -5.4064080880136950E-002 -0.41097498773987901     
 -0.35983051271390798      -0.47711343112108384      -0.80180095782177541     
  0.25839894599559166      -0.28030609231263792      -0.92447740876713436     
  0.28580970571841979      -0.14285998437361463      -0.94757787911174962     
  0.88059328579106322      -0.32963874745095079      -0.34043172766159230     
  0.60812640639177906      -0.25127716528862987      -0.75302195190679688     
  0.17891215323579876      -0.56028523611140901      -0.80874649651179475     
 -0.39900887935581197      -0.81949749937247973      -0.41135843581657239     
 -0.85524920055178366      -0.49801184885317379      -0.14329341700644904     
 -0.32107140241354937      -0.89583038279687000      -0.30724758715114531     
  0.24555329342443677      -0.96886739526308163        3.1615668339228048E-002
  0.24657293964771315      -0.40261625806668744      -0.88153385310711219     
  0.78955504161714318      -0.26977718083614577      -0.55120151392849470     
  0.92132174862854577       0.19698605906711394      -0.33520550120375642     
  0.68764419712093605      -0.55532520908741700      -0.46771719053071598     
  0.50400808715807743      -0.85230480755203608      -0.13982976472471603     
 -0.25953444822531652      -0.94860070572413113      -0.18110375833783290     
 -0.21825269309856141      -0.94501350492569958      -0.24354719760921001     
 -0.75656069498561818      -0.60475767820920012       0.24876508084925661     
 -0.59090886514593077       0.15397691743789393       0.79190771052460129     
 -0.40687735012942639      -0.51744882897566180       0.75279315309281458     
 -0.42057296818787715      -0.22410813501396826       0.87914385753996649     
 -0.32885737220615208       0.46596839476470042       0.82141724100855906     
 -0.52065059725715990       0.45208024479595377       0.72425576134473124     
 -0.27999229281372295       0.63360245785454183       0.72121580776189620     
  0.16216601430517569       0.97229463679777395       0.16836069333044268     
  -9.2340023342992891E-002  0.97776983395448813      -0.18825374338290143     
  0.26058792950270870       0.37773610936499080      -0.88848712015387654     
  0.23814428406200963       0.54080152543141313      -0.80673478297375201     
 -0.14688466576521059       0.22920524657303318      -0.96223170281719139     
 -0.53275134613868147      -0.15515428598232589      -0.83192737106599124     
 -0.69378590383452388        3.0457903209842180E-002 -0.71953695928186401     
 -0.43056610918567817        5.6974730493498715E-002 -0.90075896093568353     
 -0.20530505190172910       0.17631093784846250      -0.96268597624493213     
 -0.29434009835903807        4.1311765617699094E-002 -0.95480743845005855     
  0.22029204459625823       -3.1150195010524444E-003 -0.97542898856919114     
  0.50914906420999062       -4.0828438148321211E-003 -0.86066867074414477     
  -6.3896023784281927E-002  -9.4099853571370712E-002 -0.99351019909330596     
 -0.30262382144452704      -0.76740136518757074      -0.56525566552008333     
  0.11144763594697182      -0.99351196344387882        2.2658396583154550E-002
 -0.18043914296182342      -0.85747811204950874      -0.48184333869338891     
   4.5938196431960274E-002 -0.99295202353607204      -0.10925182407717596     
 -0.74814485947383536      -0.64254550603855776      -0.16557337319906357     
 -0.62188368882427714      -0.78310349582536520       -3.0971600518166498E-003
 -0.88730002066417868      -0.24300539289886242      -0.39197838250523165     
 -0.75528771399000416       -3.6785096169112838E-002  0.65436024160670414     
 -0.73195520685129190      -0.17694422669164422       0.65797592342257427     
 -0.92331347621996684      -0.38340720459025707        2.2161680867780059E-002
 -0.95726784366159079      -0.26748653887180118       0.10995102097694932     
 -0.86271705497843143      -0.46028721554354152       0.20941576410698720     
  0.43560191697594675      -0.61574031166941112       0.65659335856537393     
  0.35449970060171987        1.3319597979897707E-002  0.93496125619351411     
  0.52133863647202372       0.62694986199802527       0.57891268483439173     
  0.10687823297852365       0.71623815665342561       0.68962304650375916     
   6.3918475025319388E-003  0.37297688130183271       0.92781861928929044     
   2.9721760272602038E-002  0.89714031485040535       0.44074467941932460     
 -0.37911325291506642       0.86565443122498076       0.32697942926845946     
 -0.44769520681171771       0.89307931560551346        4.4478509815594869E-002
  0.22567211045931618       0.53374129394428793       0.81497995662441181     
 -0.55150682364886849       0.79488195357760394       0.25298795098857585     
  0.16340886686086298       0.62767014623753670       0.76113581557657173     
  0.34822580238974699       0.57412548174157618       0.74102545284560661     
   7.9527808591653509E-002  0.43510662598476191       0.89685982833705746     
 -0.45175027682368496       0.14020280936420287       0.88105894220314684     
  0.18603870462668676       -1.0627942680333208E-002  0.98248493485407984     
  0.31408430920570540       -3.2790540109486510E-002  0.94882866060743509     
  0.48187882521155467      -0.55626201322610414       0.67702686095486309     
  0.55789789165359727      -0.56379823728742928       0.60900040239732578     
  0.94199709266353693       0.13596792018097645       0.30684556717530886     
  0.16423940568451212       0.64349007611317821       0.74762687188481169     
  0.40634431050549474       0.87992674314363106       0.24619753861580052     
  0.65053406558888827       0.64001047025856472      -0.40889121715664306     
  0.31292146523593767       0.84880444696812740      -0.42615861765517915     
  0.83433194583982706       0.35804494575755103      -0.41915870618257361     
  0.66073212095015132       0.64512079521041321      -0.38373457484546591     
  0.35619225713321562       0.76834526821984528      -0.53176369259528145     
  -7.6749334624225687E-002  0.99659422898997752        3.0157625547430983E-002
 -0.42862677555453038       0.86286899330120892      -0.26783612093428399     
 -0.16052724552728781       0.90318259363358533       0.39811079613693012     
 -0.66204560374984989      -0.46394020442969564       0.58860437075278049     
