  0.64562107303494753       0.76246149509375893       -4.2730534194590816E-002
  0.40817270636182901       0.76630104753602613      -0.49616302394115641     
  0.12297135996354613       0.27915197278040543      -0.95234039120552405     
  0.36937386406432998      -0.55691264755821046      -0.74391615894257068     
 -0.46028775984423387      -0.43066149981273982      -0.77631556130003843     
 -0.29048572808255246      -0.79885259713396917      -0.52673766699628000     
 -0.37050709654495367      -0.92881634275564084       -4.9691890527891009E-003
 -0.10554447393305678      -0.64562884847873747       0.75632251985129129     
 -0.39032596589612523      -0.92057949789529747        1.3380149554531541E-002
 -0.54219737639661170      -0.35127690052843408      -0.76329977347290001     
  0.38672800716241196      -0.36257155589409057      -0.84792883860188040     
  0.41051898674829168       0.18710562897450039      -0.89244923952302102     
  0.41596904767033899       0.24672377363277176      -0.87526974750909425     
 -0.65913286297426077       0.42984428404290609      -0.61707192483777185     
 -0.76679497068650615      -0.40546033520646679      -0.49762173335190624     
 -0.94366182340609672      -0.18229409354691622       0.27617245790236794     
  0.56135301185521369        2.4097520219779671E-002  0.82722554699450646     
  0.67343205529052996       0.57241728553743898       0.46779025013901254     
  0.38448278594380564      -0.11707707329938262       0.91567786159791775     
  0.73192668525844318       0.24097150903229073       0.63735081332126831     
  0.38963139892259890       0.41083649021121804       0.82425769713394004     
  0.26498706516302700       0.39253675919356612       0.88073648044014596     
 -0.41668664516905485       0.43971579708686259       0.79562695877529055     
  0.29329883656593081       0.48753336110838480       0.82236671520401627     
 -0.14124283098553397       0.90438510196846245       0.40266369346225678     
