  0.64536481870920737       0.75543370603507676      -0.11324383673516927     
  0.30231595996479660       0.75878840957258609      -0.57692738698111079     
  0.57905900072746075        8.3013678792072942E-002 -0.81104833568036550     
  0.35697034426998908      -0.62823634132817541      -0.69129680510351943     
  0.19398971845924187      -0.91912719708602020      -0.34288946427219585     
 -0.57934003677484491      -0.55134388098279308      -0.60032078649050391     
 -0.95632778584488509      -0.27180503417535595      -0.10751367084206645     
 -0.98263490929916808        1.7305002435309681E-002  0.18474082363497280     
 -0.59694240297426349      -0.80196733325952096        2.2542491342659829E-002
 -0.51206694287384680      -0.81388132609006836       0.27456262137756815     
  0.24558823296135826      -0.66152046660676744      -0.70857398491003842     
 -0.28920262839467603      -0.55336504349513727      -0.78112032899371309     
  0.22291607867088106      -0.17603538963937199      -0.95881174558122317     
 -0.18600740871364521       0.85685990895919228      -0.48082464612587306     
 -0.41202210373526182       0.91106867016153525        1.3844287041064163E-002
 -0.44356403243283293       0.49715180341776344       0.74571511550352543     
  0.11705489746998120      -0.35743771746258751       0.92657240899643301     
  0.58031092251729333      -0.77724881496278719      -0.24315327027631259     
  0.90066461798475539      -0.19006808370539008       0.39073951613182162     
  0.62152569389180901       0.65618493936623856       0.42793356631751356     
  0.12285636811931069       0.58569644228925455       0.80116539509782092     
  0.27196061775566049       0.67257251451697864       0.68824678357858160     
 -0.12510543295044407       0.75299212146701155       0.64602747283291695     
  -3.5525200769949999E-002  0.31566550120531989       0.94820527917695951     
  0.25807853219084864       0.16991673240355973       0.95106454842533883     
