  0.46818531035436001       0.88080828655390231       -7.0563995821746536E-002
  0.41210912315975406       0.55557650081825150      -0.72215013836945918     
  0.62890888373407816       -5.1907984304073833E-002 -0.77574427302160198     
  0.30231670962175944      -0.92947130073212569      -0.21139467400759782     
 -0.58858188728132887      -0.80042697507954996      -0.11352541358357153     
 -0.63594818921409890      -0.39228128994467687      -0.66459407926543435     
 -0.74257588227130800       0.58246191496841826      -0.33063450618514467     
 -0.96475155937841972       0.20661747672789671       0.16298357888910969     
 -0.37831110353349845      -0.87965532869086016       0.28824852410558605     
  0.49327788536894718      -0.86148731142803980       0.12048460505162283     
  0.24843752968255289      -0.69687223229199724      -0.67279111595323904     
   5.3322834385830131E-002 -0.10407349414156464      -0.99313915598481661     
  0.46476275364279834       -6.7230177832852539E-002 -0.88287920239120499     
 -0.23254873706370588       0.96296286832767874      -0.13646830808724658     
 -0.34030082084984647       0.81144822678875439       0.47512853689324969     
 -0.83756049359415141       0.24507512391036002       0.48829356253250866     
 -0.80884845580753839      -0.57072776553768101       0.14154148926074192     
  0.14767350718847869      -0.96253929185705611       0.22739975133224682     
  0.88613347878918736      -0.16142836622064724       0.43440573240727365     
  0.32579615900773984       0.86584647505869683       0.37969296069880765     
  0.24538921758107024       0.38153107416047943       0.89118918942327086     
 -0.50762130240062875       0.82757911598083034       0.23965270735268623     
 -0.18569535559151226      -0.15035333878603613       0.97103610047599720     
  0.45339346862833591      -0.23941424248787377       0.85855412357004646     
   5.0220440896483740E-002  0.68292833008642562       0.72875702623131566     
