  0.85445250398250916       0.48924171539932582       0.17479548721607607     
  0.98690093364133902        7.3772933008786984E-002 -0.14347160532007169     
  0.95879469144840279       -9.2313210461677231E-002 -0.26868384920681021     
  0.88603760259966147      -0.20399935723724649      -0.41631914323774588     
  0.25709521244609856      -0.82787408681507446      -0.49852437063534755     
 -0.39869932439646505      -0.63726445559938460      -0.65949439903265583     
 -0.71623882025853947      -0.69749447501369144       -2.2436792997506280E-002
 -0.79350265433277301      -0.60187338889503872       -9.0010895489651285E-002
 -0.98489186914893523        2.0849531535978252E-002  0.17191074172097517     
 -0.10171260569303599      -0.79959961190489137       0.59185725178010595     
 -0.30496284781473487      -0.43829640280198295      -0.84551400032381163     
   9.5055872987834952E-002 -0.63966377467394386      -0.76275463707565283     
  0.22248957805096442       -3.4576152773468552E-002 -0.97432175246070218     
  0.20848009849849369       0.96307036934578150      -0.17038636159689452     
 -0.43926517229773787       0.79686493502866018      -0.41479197645087240     
 -0.89228073887305859       0.33866885320994017       0.29856069885646624     
 -0.66490015126650792      -0.74588126593748028        3.9609670148845547E-002
  0.33615212624272706      -0.23606017990547901       0.91174411952339052     
  0.68786513639688696      -0.33274322262749056       0.64507635356224313     
  0.55484135076434904       -1.5919174989894064E-002  0.83180385629644171     
 -0.12281094783003720       0.81217094858046746       0.57034710604595329     
  0.18915555812479246       0.94351868172099396       0.27201594084532543     
 -0.38298882255762412       0.75397390555213684       0.53370676550178309     
 -0.73707153393951597       0.63682514352282771       0.22622840324147531     
   4.2736052177409500E-003  0.74245597788583817       0.66988122618864643     
