  0.71893065478658302       0.69469282281171629       -2.3250710569425126E-002
  0.98510441826369066       0.12425331702723580       0.11887135199479743     
  0.99475039219302674       -7.9106929849408314E-002  -6.4913410645148273E-002
  0.75797138486469029      -0.36690415677058685      -0.53931504658292562     
  0.32094711246059687      -0.33835897809451365      -0.88459377849157850     
 -0.74130876156101033      -0.54274470374137684      -0.39482845210748224     
 -0.73444316134498433      -0.65541760077406663       0.17612782673141397     
 -0.98732286087279886      -0.12454598082549045       -9.8396478891124850E-002
 -0.52735135609071682      -0.83053708877921439      -0.17918898233830416     
 -0.75615670612509478      -0.65372622967012439       -2.9479695102694381E-002
 -0.78341414169976553      -0.61846210972922511        6.1375087894869160E-002
 -0.68390421246465993      -0.68758983863889489      -0.24391646515485443     
  0.63333829172310141      -0.75993259630746923      -0.14623630639022217     
  0.34582934350002709      -0.40558020791190014      -0.84611273487902960     
   3.3140781996461449E-003  0.37094942490354765      -0.92864715637826034     
 -0.66201722233292115       0.72013966561970610       0.20768259276066259     
 -0.11216255319398037       0.91806899988575552       0.38022213653310544     
  0.65083152255191945       0.11398092360744831       0.75061753130761777     
  0.57004005727774576      -0.37729363406754968       0.72986563612139388     
  0.37921046151762239       0.29649698342501152       0.87652094367188982     
  0.44885313593939791       0.88412853151162829       0.12979831325739793     
 -0.54991746959715071       0.75817305331077445       0.35037750764750697     
 -0.30451623655897087       0.84160348804116469       0.44606437942173471     
 -0.57597275638045153       0.79887658960589158       0.17335391108127957     
  0.34196713994737399       0.78986462686345982       0.50908972335536018     
