  0.78182781614866725       0.50712950405855395       0.36271880570145149     
  0.92796655016792917       -8.7289656431359552E-002  0.36229628434406103     
  0.50849432636113512       0.28466692757245327      -0.81264891583325238     
  0.59027527102605126       -4.9742767647363878E-002 -0.80566789776053471     
  0.66107086299094930      -0.30409176347609701      -0.68593987600253248     
  0.14226595378914936      -0.56124850692596950      -0.81532846869581421     
 -0.36873104694363268      -0.76562076206662266      -0.52712642099629092     
 -0.64447354406456137      -0.76143243262312243        6.9817630656620250E-002
 -0.82114219641769293      -0.53113552184479362       0.20885533437524345     
 -0.54585185435388150      -0.80759628714870924      -0.22323527965369505     
 -0.76475330814325393      -0.63256217701266593       0.12254578694085959     
  -5.4054771380548816E-002 -0.89595286055638712       0.44084753980467301     
 -0.34353051510987881      -0.93810734293657716        4.4061301805779357E-002
 -0.98689986393096174        1.6706659883958183E-003  0.16132534657702927     
 -0.74257111949050580       0.49506603769840074       0.45110724979348221     
 -0.31400886093646335       0.94907576423371420       -2.5566169005668396E-002
  0.24232347816585378       0.68091608250812274      -0.69110970222636747     
  0.66919347076640656      -0.73175653071347013      -0.12927675135846750     
  0.92250805979141048      -0.33162903008359007       0.19748687557836880     
  0.89841890740174790       0.38552470939221473       0.21027164637938683     
  -3.2524941126157308E-002  0.91948698025810027       0.39177266538209060     
 -0.45502334956883034       0.42540835612535882       0.78229245291379379     
 -0.32655844165835418       0.88108840934334598       0.34211518396948254     
 -0.56824867918520117       0.54291198130560292       0.61833649347188735     
  0.26007691066809974       0.95262276087922326       0.15770185792233804     
