  0.92300178993307846       -4.4005345123471186E-002  0.38227114118234023     
  0.90895580976114354       -4.5287570357437364E-002  0.41442535138739167     
  0.75954419870536305       0.58169411405726856       0.29107484928127725     
  -5.5206993171514410E-002   2.8965299081075993E-002 -0.99805470759576920     
  0.22564520560848511        5.2878767005158728E-002 -0.97277339457135781     
 -0.11160999649045766       0.37469811891244470      -0.92040454603771771     
 -0.16799614416372408      -0.45039595863775628      -0.87688127816077421     
 -0.93307096743666540      -0.27498387258414753      -0.23186728864898140     
 -0.75693279216780107      -0.65330672390338629       -1.5590787141282383E-002
 -0.62090566271345238      -0.69102253066648955      -0.37008650356593598     
 -0.54534057839975181      -0.41174266315758690      -0.73011754730764289     
  0.29190383576351120      -0.86688050003861084      -0.40411675208949721     
 -0.47601282727934430      -0.77219486372622625      -0.42086444456660843     
 -0.82051665486838954       -5.3188171505230662E-003 -0.57159787374315740     
 -0.98612131938625347        4.9511563908859885E-004 -0.16602559535334790     
 -0.43895970539419882       0.88300282130900731       0.16619384645835183     
  0.56422892953222215       0.81278958548040148       0.14497863571417380     
  0.97167883931100263      -0.20940829822714627      -0.10949154245345441     
  0.77124208558898211       0.18583494271425299       0.60881115256107710     
  0.76654065943959460        3.0349636200065394E-002  0.64147822800811649     
 -0.30308640024442440       0.69502562964316417       0.65198006727660551     
 -0.74479752728733251       0.61779064681093021       0.25221292603593132     
  -5.3198079637324716E-002  0.86015771342385094       0.50724616544666534     
  -4.0899428364859630E-002  0.21590143727987032       0.97555820233337343     
  0.72217615808371749      -0.43252066522316057       0.53980317788090881     
