  0.96661338000701269       0.25564645530144303        1.7420203304522541E-002
  0.70121514756794145       0.65854246037621822       0.27316505029539839     
  0.62745061146285208       0.77860786476454724       -8.6904028472746531E-003
 -0.10562188960824126      -0.26074806892174535      -0.95961161986979915     
 -0.65785602342231109      -0.32309584108735862      -0.68031943226619873     
 -0.19126149299384082       0.11750993123860609      -0.97447958283285230     
  0.12898378298856994      -0.61072768394090637      -0.78126492292570449     
   4.3346740044226090E-002 -0.93903309359056619      -0.34108343446914779     
 -0.82170981486492978      -0.55026740204694757      -0.14831981121599747     
 -0.95237509750548233      -0.30419621724139562        2.1126643544576829E-002
 -0.41474016635987759      -0.89280753530033752      -0.17574213871102282     
 -0.29086134390392360      -0.94908316305691176       0.12099929018097214     
 -0.97275373639146723      -0.22003887029993310       -7.3027829582800130E-002
 -0.73294731631010057      -0.15714744010538878      -0.66188587655436204     
 -0.58132880921337227       0.25596503248705571      -0.77235918957598704     
  0.28621808956892886       0.43578137113454551      -0.85333100364141345     
  0.85643954486587448        3.5210821673246240E-002 -0.51504514756189290     
  0.90081650595288021      -0.14645455108651836       0.40875504531307805     
  0.55062563177657464       0.12644722462042984       0.82511969617531311     
  0.49917575390029612      -0.36962654801291261       0.78370899045636000     
 -0.15783242610833612       0.56736074654123059       0.80820214584776950     
 -0.41106010832994139        3.7162904886301959E-002  0.91085043000494070     
 -0.37000882126616408       0.44385545169782870       0.81614080291535984     
  0.44072532941122583       0.67844916987020920       0.58776518093350905     
  0.86868032883014590       0.35736599366631283       0.34305106452889472     
