  0.58000800466918578       0.81412005150051081       -2.8271120678646434E-002
  0.59777884729244501       0.65813472929898531       0.45773259422969825     
  0.65210304115014706       0.71381558900591535      -0.25539954701376011     
 -0.12372670134090298       0.48576893937766702      -0.86528621906926129     
  -8.5164209564855903E-002 -0.29459391866076218      -0.95182008830306997     
  -2.6796582581230924E-002  0.25531399782555125      -0.96648678505002350     
 -0.45272220981331879      -0.30636769941277903      -0.83736577043621752     
 -0.43880779482013665      -0.40800629227658941      -0.80061138180005986     
 -0.75878556402906794      -0.64331925998029882      -0.10190582691627138     
 -0.23502653074154173      -0.97141917433560232        3.3276381725528992E-002
 -0.29948605662422978      -0.84660560100959259       0.43996256457437549     
 -0.48671628352914525      -0.84908706705746173      -0.20532513704693361     
 -0.95260453975239912      -0.27292416811918829       0.13437629738749324     
 -0.99130784076927092       0.10797761951336625        7.5163811196489932E-002
 -0.77864094778417403       0.44818302020076239      -0.43914719040146416     
  0.12952047739685590       0.73028092220970642      -0.67075645400658479     
  0.86129804375585406       0.50673983360150354       -3.7154015447608359E-002
  0.96217557089521921      -0.18951699465221661       0.19570763784394496     
  0.86081243729860502      -0.21218960539926318       0.46257704131586713     
  0.89773218627651141      -0.14569101796978498       0.41575359169359005     
   9.3347216414014111E-002  0.21326344565921806       0.97252506391008731     
 -0.73935442621858549       0.15238466933209549       0.65584597657036436     
  0.12414431387057359      -0.24805455917509092       0.96075861953252606     
 -0.49422012832984979        5.9082483128284534E-002  0.86732676941337095     
  0.61192853350870391       0.68639117623868273       0.39295117134261848     
