  0.33746857147672271       0.90551665441625495       0.25720527179706248     
  0.37598303283840318        2.0930889274908784E-002  0.92639012132674314     
  0.99403864325222635        1.9745489280333962E-002 -0.10722542317155534     
  0.41077816991352228       -5.6682133597789432E-002 -0.90997166486285697     
 -0.36398845474358876      -0.27454339430178976      -0.89002153314321708     
 -0.75718203846880849       0.21018977180033432      -0.61846230317681750     
 -0.16570252902062613       0.72023558553674460      -0.67364929540724805     
 -0.29639636243391410       0.32410276493294932      -0.89839111421404960     
 -0.32085293212651095      -0.71411684116580343      -0.62216600124821253     
  0.39917385846755099      -0.88929197396846749      -0.22320397790228633     
  -1.8712744375806278E-002 -0.67005569685663480       0.74207492634363059     
 -0.24014300979717873       -2.0741735272594986E-002  0.97051590160256629     
 -0.20333676404522674       0.97481385035770918        9.1608501452655963E-002
 -0.71987914993819213       0.57461924212292614      -0.38934141324334909     
 -0.77630186438768423       0.17510660955109614      -0.60555188930408221     
  0.30961101423519038       0.20982510117673048      -0.92742355306542301     
  0.22426187613016990      -0.80526405895075992      -0.54886829592967801     
  0.85732749332056590      -0.40561898224934273      -0.31695868884713196     
  0.86401942666251019      -0.38100439752632131       0.32909889002455595     
  0.13167996221856643      -0.85426004521632448       0.50289180018878876     
   2.2253548917554239E-002 -0.22313339334801549       0.97453387233773447     
  0.49359245926609896       0.50215530847220580       0.71007501739522294     
 -0.19945203844793832       -9.1387706006064981E-002  0.97563680309319001     
 -0.74466959432454582        2.1905747049847778E-002  0.66707370922164033     
  0.31336090780736559       0.84379596145097935       0.43567570152251273     
