  0.18541456800916031       0.44851678726944116       0.87433067514955221     
  -9.7347342074396145E-002  0.15754687844325579       0.98270162108538117     
   9.7227183755938293E-002  0.37801851571580042       0.92067848704903643     
 -0.50939121756625216      -0.40760319373327075       0.75787876598094850     
 -0.27759263254543981      -0.79205138509546069       0.54368826888655708     
 -0.79430853409680602      -0.60472097235528466       -5.8193627268577283E-002
 -0.13427331470338605      -0.95992107727147524       0.24601260611713127     
  -3.2012412390902037E-002 -0.72570334933259317      -0.68726258025618070     
  0.13262328146705957        2.7468393556388253E-003 -0.99116271120661303     
 -0.46352490391769802       -5.4386644654047502E-002 -0.88441322713501025     
 -0.62988286336681898       -2.9516590561558559E-002 -0.77612908032004424     
 -0.28830766759861293       0.34080003682743548      -0.89483742864402394     
   8.5155783374698715E-002  0.86827200732579879      -0.48872509026266825     
 -0.86222985349589476       0.13973274675318795      -0.48686182765262698     
 -0.29858387108796730       0.15961496144433324       0.94094140944547244     
  0.74422310564547445      -0.26932683549257264       0.61122420166985814     
  0.65220405300079176      -0.72961199981759606      -0.20566040691270093     
  0.71870966776259870      -0.22316929878168543      -0.65852249585406353     
  0.27883564034351821       0.19035561240033597      -0.94128392448925802     
  -4.8064693636297354E-002  0.36691676159207315      -0.92901123528643570     
 -0.28576915525598062       0.95825178264562683        9.4610232406782471E-003
  0.42547543381867714       0.78628743571471271       0.44802089644792997     
  0.14663974913376551       0.72660940307023414       0.67121945691697882     
  0.54786114329626834       0.34505539627303872       0.76209247547064862     
  0.42434416116933826       0.15247420541721743       0.89257136945114413     
