 -0.57587915611186535       0.81617063714164573       -4.7208988801205068E-002
 -0.79625105578410116       0.59278157895595396       0.12080668778327601     
  0.54379573240572487        7.1647012861139683E-002  0.83615363837356926     
  0.82885852013462502      -0.52105687131801504      -0.20369901927229461     
  0.69296070817383926      -0.29552427484123761      -0.65762516672246296     
   9.8891431937281435E-002 -0.24857821393467658      -0.96355039112984264     
  0.20018962441328453      -0.42700158307838648      -0.88181277056174923     
 -0.38169527945452042      -0.41785732639866541      -0.82444161007138139     
 -0.26781304666247019      -0.94518090441433666      -0.18684011873219314     
  0.19070953048871273      -0.91521462351409866       0.35498178528866936     
   9.3118489190822426E-002 -0.16740112932876280       0.98148143582560055     
 -0.43002554082385258       0.79462673506365877       0.42853983030895548     
 -0.75065890916744893       0.61182706933369591       0.24935685135581342     
  0.11629482856234162       0.72560265989794803      -0.67821552090664128     
  -8.2894150536059516E-002  0.54293844896595989      -0.83567122748205336     
  0.52913473032558167      -0.30645243952796614      -0.79126692049566605     
   7.8330913267529972E-002 -0.84018532074968566      -0.53661242514821283     
  0.47143484255685059      -0.64654017017930732      -0.59977912398475808     
  0.52325786371340455      -0.85203144294059852       -1.5608597074941711E-002
  0.29236649520890018      -0.68737756431734742       0.66485631271156165     
 -0.18802181046242078       0.26230033625294008       0.94649159129494076     
  0.19424995523334493       0.50165923662921896       0.84297388168105769     
 -0.21839677691687553        6.1586270889915321E-002  0.97391476992095272     
  -6.6841439170407912E-002  0.10986163280360839       0.99169685067936153     
 -0.54903188975135997       0.79335779017236441      -0.26295893369277556     
