 -0.13065467630910901      -0.87784289518651748       0.46078325374204887     
  0.63070719327619429      -0.77296151576857131       -6.8839897518865295E-002
   2.6416379538537673E-002 -0.99956142634539247       -1.3383940169384904E-002
 -0.58828770790851392      -0.79562422818074441       0.14456714791244851     
 -0.83805402071206359      -0.51945373992207855       0.16683306161940747     
 -0.57049422862270616      -0.45277713087118848       0.68522201137168870     
 -0.16052803548387029       0.44915167480861534       0.87891610682720567     
  0.32336128405577808       0.85213228558034271       0.41147059171393058     
  0.33679982235498684       0.56153002134786500       0.75581076651944945     
 -0.63362947299725592      -0.68712880039641144       0.35548235204438583     
  -9.8929667215213041E-003 -0.96399137397259360       0.26574943107343552     
   9.5638609414882808E-002 -0.93599590286622369      -0.33876972445428200     
   8.3010284781731614E-002 -0.27566689986517523      -0.95766228543217125     
  0.83765036104310409       0.53881695399245599       -8.9544194310258063E-002
  0.33040841471476556       0.40198703484008180      -0.85395357210222089     
  0.13629745071758870       0.30129035904962020      -0.94374102616747191     
  -1.3031324859685722E-002  0.39865788632728150      -0.91700712878441781     
  0.47715393941676509       0.54044948543450344      -0.69299240384914984     
  0.39618684232993001       0.20746406209072774      -0.89442419964211606     
  0.20124833950081811       0.75135598022974537      -0.62846105433922239     
 -0.23348252386961849       0.96001794536197427      -0.15443916482044040     
 -0.53664617160087025       0.62018687626937319       0.57217053839686738     
 -0.37387621137374816       0.31302893877508170       0.87305753651070173     
   5.0101348323569453E-002 -0.37668884432690863       0.92498398335097043     
  0.18482506849748870      -0.64331971343710581       0.74295318853755332     
