  -9.3973767630946614E-002 -0.99394041749999384        5.7020851073782776E-002
 -0.68583757834937686      -0.71027362607789013       0.15855028294524784     
 -0.15958519612963257      -0.73754939734924918      -0.65616571965170623     
 -0.82087784338343772      -0.50112894507553574       0.27391485291899204     
 -0.54282935886532691      -0.30491287471998008       0.78253717226969444     
 -0.71733293096290873       0.27684537563135397       0.63936695578339153     
 -0.32916032084776570       0.64897074748808314       0.68592306571811779     
  -3.8279596545321745E-002  0.96462145412028788       0.26084501670374649     
 -0.20276599087672798       0.66936114601141461       0.71473184422835523     
 -0.17867452073224491      -0.79119770674876977       0.58487742688241418     
  0.23309249898657322      -0.90843987255378511       0.34699407036812074     
  0.90469975215530929      -0.22878367226743385      -0.35941117088086116     
  0.41277948629158168      -0.61449307343418524      -0.67231789980503820     
  0.36166548008174526       0.24314891081064147      -0.90004260326323526     
  0.23862493035129634       0.28775408958320120      -0.92749971781288088     
 -0.13119646418590847       0.41398473505705824      -0.90077973274538492     
  0.20886766801530471       0.16406071350310708      -0.96408421807571953     
  0.79513584160720885       0.13725892683910929      -0.59069364343503139     
  0.78251098991298873       0.10872821201094908      -0.61306991981199455     
  0.15924519223177758       0.88961425394313420      -0.42805075392092118     
  0.34410899001805267       0.82450972551161572      -0.44919117926057323     
  0.43444850874976582       0.47495096512220569       0.76529476280357933     
 -0.29910638620487068       0.14854427484863986       0.94258684912379975     
 -0.66528784016226328       -8.1881485174987806E-002  0.74208322452254849     
 -0.43165468211312269      -0.42591748074987529       0.79515315191572844     
