   1.6007005272229438E-002 -0.92423736334296192       0.38148272828931640     
 -0.26111350709957049      -0.88222644617334423      -0.39178595442219016     
 -0.27845410898796374      -0.96044667688201080        2.3430864343429629E-003
 -0.82499908867072358       0.12141011334219208      -0.55193848214335117     
 -0.91066426353522800      -0.17178967121103692       0.37573781814589563     
 -0.52177119011120277        5.6613602765115137E-002  0.85120486673415929     
  -1.0666104271522675E-002  0.37506687927560478       0.92693638955977753     
 -0.31255229104333926       0.72980185043472023       0.60802987135963127     
  -4.3944397666651848E-002  0.72305709796652795       0.68938909404917426     
  -7.1329905397781959E-002 -0.55563395902940094       0.82836160471696374     
 -0.34583715136964022      -0.55915032007026810      -0.75349026821707088     
  0.49840359805982054      -0.72240042457742293      -0.47930311913380219     
  0.75989454344360396      -0.34942943243778551      -0.54814172856190901     
  0.73178799576395159       0.31095522529678477      -0.60645954285213721     
  0.58757990629913426        9.9261038432133006E-002 -0.80305485489028960     
  0.36567089263641228      -0.46129869854575922      -0.80838623751179173     
  0.49436545701349538       0.44314919347040793      -0.74781119758822467     
  0.59518238500277221       0.49268922032656459      -0.63483482950795334     
  0.86402389589753970       -4.6256070653865562E-002 -0.50132133731339334     
  0.72039511158378056       0.68930932668369871       -7.6704206879818160E-002
  0.39205058396264492       0.37602557887367072       0.83958388720083121     
 -0.35284888080482835       0.43223285469133160       0.82986289629080279     
 -0.96232684847160832       0.16069594757986660      -0.21932589710767736     
 -0.89463117086288635       0.42930350056751720       0.12382880327690517     
 -0.15891602502863394      -0.28644949097798222       0.94482399742363299     
