  0.20313905958964523      -0.81790403392020505       0.53830057938486842     
 -0.19068780048679884      -0.94879958022023647       0.25182835289021704     
 -0.40315613808882211      -0.83253338191892634      -0.37993854280916994     
 -0.96733738607432895       -6.7459490434932545E-002 -0.24435138357114869     
 -0.85084579468274457      -0.17083491471786899       0.49686705020963007     
 -0.48754039148013800       0.19446790023104726       0.85116778748678301     
  -4.2707919165197998E-002  0.85008109052016056       0.52491730127766345     
  -2.9689529992260957E-002  0.52887145991233053       0.84818247488322451     
  0.14823855182529502       0.64399038465945491       0.75053428717075321     
 -0.86623692377005934      -0.49539003890058192       -6.4979237110590463E-002
 -0.37671194562743049      -0.87744139019100853      -0.29695911638009953     
  0.75588048002798669      -0.41950060912819659      -0.50265687984323326     
  0.94525231294510914       -3.3576032921710436E-002 -0.32460855639547481     
  0.84910761583614014       0.10858126078281743      -0.51693942250122449     
  0.68967204125331016        2.0242046059728087E-002 -0.72383888751903869     
  0.30999078877192032       0.26721262009239560      -0.91241609287644043     
  0.47378404736903501       0.48193683435853729      -0.73706550872161603     
  0.62228242425407199       -4.7731063230094239E-003 -0.78277825846179327     
  0.70541905788481596       0.19202911713988324      -0.68228203181921687     
  0.65816972445929955       0.48725175277458327      -0.57393235073767224     
  0.43326495001940729       0.89170312679514785       0.13094661793426882     
 -0.30548646684404679       0.79887691777419823       0.51814446713512030     
 -0.46396136814740085       0.25345686433032993       0.84882240002877218     
 -0.46115288342439120       0.15980770206717315       0.87281127196513253     
 -0.25330071128302456      -0.71848713805002007       0.64777695398973767     
