  0.33270707803932448      -0.88950802807760376       0.31317961014093065     
   2.3112149030562773E-002 -0.89809951813602884       0.43918456722773852     
 -0.18855769654372276      -0.95392768717725984      -0.23338372417712722     
 -0.68642760973985950      -0.57870189669184591       0.44036490703969117     
 -0.88193224603274878      -0.13302339496196766       0.45221708260570526     
 -0.48831375443135794       0.48564047402924354       0.72505379608538600     
 -0.31648637992193773       0.89155711873910237       0.32397881929152500     
 -0.16458548189038830       0.98596239852455947        2.8102808518071315E-002
 -0.77254458524713332       0.61462744286664550      -0.15939877753780493     
 -0.84429888577473855      -0.53125802578301806       -7.0173367602504810E-002
 -0.19674467942238394      -0.87410809247955323       0.44410198578786231     
  0.67986770006158193      -0.16706313475909054       0.71405169239869792     
  0.98873485660019866        3.5701361749942040E-002  0.14535747697649795     
  0.78523231903288948      -0.29656496837894497      -0.54356179471762578     
  0.35085183830717520      -0.31527120212135784      -0.88176360588846403     
  0.84147183699801165       0.10641980315622340      -0.52971688007403872     
  0.66912944297299259       0.42691349588061300      -0.60828501180089611     
  0.72325786916435097       0.39691758625475593      -0.56511457635909190     
  0.60630928949805407       0.48420158628569349      -0.63082316801681393     
  0.75518789293356148       0.21330455678179142      -0.61983256805583764     
  0.39072760410572399       0.90162388716543940      -0.18548936757257409     
 -0.19780952255320047       0.93514455101000171      -0.29389804610370962     
 -0.64117627291595602       0.50302160686556163       0.57953623706888791     
 -0.57584475736189655      -0.12842050360113916       0.80741005051563541     
 -0.55461923964379822      -0.63265280471383112       0.54050710236284449     
