 -0.32877663471542140      -0.73174124284376862       0.59704327982706207     
 -0.67195665037101293      -0.73796898755401663        6.2257798151417965E-002
 -0.84363500826234950      -0.53691682264404794       -5.4625636754620545E-004
 -0.64825685440668523      -0.70412674230315009       0.28977332777240616     
 -0.82395541430632990       0.56495612270006079        4.3841243812070191E-002
  -9.8523849529120883E-002  0.55531350414235559       0.82578445322682414     
 -0.50933886804389483       0.65887454502097864       0.55358671536007320     
 -0.21076210404279611       0.60137256761835933       0.77066878126439742     
 -0.62684448116816138       0.68048721141783375       0.37947747169733109     
 -0.69530464092191613      -0.71830736099027248       -2.4207260473783437E-002
  0.33454085205347805      -0.89474368925638692      -0.29583128442269563     
  -4.0553611221806592E-003 -0.91953109271432365      -0.39299634041270104     
  0.63807280688664503      -0.58187111178200723      -0.50427086212209682     
  0.86712298989460124       -3.4619280470601664E-002 -0.49688955092250320     
  0.48474612249924665        1.5890831245782000E-003 -0.87465345796879401     
  0.63912506594647256       0.17736691797307994      -0.74837164997589212     
  0.34747496920566640       0.45285206490661040      -0.82108839541508072     
   1.8422948569284531E-002  0.39817394391976046      -0.91712491262061457     
  0.35724317330044209       0.15358378510237974      -0.92129763707709500     
  0.29438835793183477       0.18528196317675127      -0.93755324586690292     
  0.60976650136869992       0.79258059797034019       -8.9973859462225136E-004
  0.13950085966952833       0.85533292043680986       0.49894399021182795     
  0.38480907955623950      -0.30821204753809522       0.87001569298687254     
  0.52078770112898409      -0.20628780550610759       0.82838729568497937     
 -0.25166167404403600      -0.64387284017008184       0.72256084000496712     
