  0.39232718847610881      -0.15188759346708955      -0.90719873023123165     
  0.91582890883087842      -0.39699153303234169        6.0457691406840930E-002
  0.11238159038484963      -0.82902398077870931       0.54780436054886750     
  -9.2866138934639686E-003 -0.60087320653948206       0.79929040308596866     
 -0.90403209969951381      -0.40195968104712010      -0.14544544518604158     
 -0.76967170969527743      -0.62762740023438890      -0.11700130670126148     
 -0.92818811589494299      -0.25196273873350938       0.27382768267886537     
 -0.95021083729156641       0.29780009883334124       -9.1730397516372797E-002
 -0.96568967571996445       0.25835230993021580       -2.6410872033924487E-002
 -0.95369154225676356      -0.28178732263934331       0.10520621192534918     
 -0.90702462770608749       0.26957730029340077       0.32347241598190490     
 -0.69245149850603427       0.62392268206637758      -0.36225875975585481     
  0.27419594857195551       0.95238019778513461       0.13337368801035038     
  0.67696639488753152       0.66727861962315671      -0.31057325059763019     
  0.83744426089063617       0.47509807297759804      -0.27012761975465788     
  0.37555336237159681      -0.90986531494690048      -0.17636547470530189     
   6.8539803952259205E-003 -0.99075714557178662      -0.13547435717214151     
  0.15035792945860504      -0.89658901681326519       0.41655807275667373     
  0.43470708621496795      -0.71343122747667220       0.54958678373449565     
  0.92892836405994839       -1.1059831403684103E-002  0.37009427795392741     
  0.47054034943258838       0.83042808397407619       0.29829679331667180     
  0.46237199618077518       0.84233204231249625       0.27692754944474030     
   8.3834739592407032E-002  0.61571524245839759      -0.78349631565301681     
  0.36788517933271375       0.89730160650215052      -0.24394737505451999     
   2.0294445058964959E-002  0.49380271130432263      -0.86933711401746339     
