 -0.18849934469808038      -0.86924385789387881       0.45703732075417464     
   5.2268925123173361E-002 -0.94986696539458182       0.30825429034897650     
 -0.26892860181050532      -0.80566760809282312       0.52780404734925312     
 -0.80933754677774772      -0.25451103779024908      -0.52933625137401663     
 -0.84994023166413035       0.48945538003225986      -0.19502572537024832     
 -0.61771346983349706       0.67674289702788626       0.40056100722434879     
  0.38115277254615548       0.62126544495853187       0.68465451936056732     
 -0.39972088468938433       0.79915778120055447       0.44896553886656032     
 -0.60411917256755698       0.54551124966846543       0.58091092417120493     
 -0.50481385869201933      -0.78059041927070150      -0.36856690765080180     
  0.39043946169976795      -0.86043008606009164      -0.32744021400890816     
  0.61676064457858137      -0.77454644746063717       0.14030006423780580     
  0.36523768447341909      -0.81099069482151964      -0.45705090170942569     
  0.71595569115811797      -0.44301205478117478      -0.53958110383600932     
  0.26713816572238819       0.43794661687838821      -0.85839382638696504     
  0.42556595454595147       0.16779895597951339      -0.88923401234071808     
  0.20641014541531835       0.19699363311533935      -0.95843015414876254     
  -9.0373316112670549E-002  0.69804762715068669      -0.71032540005554357     
  0.46346229350312862       0.32043397169434967      -0.82615057482579257     
  0.18897060774954899       0.53837043027066500      -0.82124745918446873     
  0.70393218573815053       0.45876052567552866      -0.54223450458616829     
  0.70058520521157275       -2.6738309967248367E-002  0.71306762163118331     
   5.7934739790664477E-002  0.61935326459657392       0.78297196601087038     
 -0.54366316414055182      -0.17121309719516914       0.82165469590669893     
 -0.71799845625123326      -0.24711047866252620       0.65070317976481440     
