 -0.20798419996259529      -0.63978881646458019       0.73987353168819603     
 -0.16173601343727245      -0.71077610012693460       0.68457198120121854     
  -7.3870818161975632E-002 -0.99285500635228507        9.3712531634265461E-002
 -0.63917270277941129      -0.59224842799290012      -0.49061191950623190     
 -0.89423247443303899      -0.42276126109794449       0.14704148320875851     
 -0.27501888835005167       0.78019973202944093       0.56183003585774394     
   2.5405822757587859E-002  0.47772813070186049       0.87814029477419486     
   6.8336127335137655E-003   5.5830626344921662E-002  0.99841686829647391     
   1.0209767274731052E-002 -0.11053599765134425       0.99381967875234956     
 -0.93817772801861088       0.21809215737944831      -0.26880915449334569     
 -0.67034184975223221      -0.14840844699263400      -0.72706033953996674     
 -0.54593041459532665      -0.69082245784669427      -0.47405096155839094     
  0.88448221343549893      -0.26378763727134086      -0.38484710800399302     
  0.88671342934980635       -1.5083069285088756E-002 -0.46207336563761220     
  0.86542973410095547       0.10844116161596287      -0.48915425971909243     
  0.19808042365895656       0.36601288871094495      -0.90928472496823165     
   7.9502948816214780E-002  0.76003257670885915      -0.64500369260244828     
  0.77065357866230011       0.46916199344717879      -0.43125408473385213     
  0.23165794444010512       -7.5345172433086111E-002 -0.96987509596277233     
  0.13331347193864809       0.95446260468291422      -0.26688696944881368     
  0.45463573256940737       0.45432382092598128      -0.76609151960472766     
  0.34383006519813880       0.77409898324873627       0.53155587702433704     
  0.39895477705806964      -0.13045781861470740       0.90764301541124015     
 -0.14117102111020788      -0.64987112562424232       0.74681876173445827     
 -0.67106131310805517       -9.5018768450488622E-002  0.73528779922684850     
