  0.25548646027005123       0.40968267722879537       0.87572071609464841     
 -0.39942052651011034        5.6314801568426880E-002  0.91503654906604270     
 -0.86091352004395905       -3.0626098960073733E-003  0.50874210699148592     
 -0.76385096917754636      -0.44135853709486267       0.47088675774543132     
 -0.79300416145725972      -0.14741174260582418       0.59111266104981075     
 -0.25774545163545010      -0.84620010907143262       0.46638252279512560     
  0.20973676444737152      -0.93436242059566044       0.28805790497359229     
  0.83970539236329289      -0.50492014317158929      -0.19987621933486516     
  0.49585346256415175       -4.6765901131561274E-002 -0.86714606275671413     
 -0.41281668510284575      -0.21645174821893354      -0.88472087417086609     
 -0.56013610522043378       0.37221153525348666      -0.74007169696774566     
  0.11178999585447347       0.34393695034520871      -0.93231452365286915     
 -0.16364232122711367       0.44561601930787859      -0.88014064446518359     
 -0.84685732810331560      -0.16834327155396089      -0.50447319924870460     
 -0.64129319325218592      -0.29761968431929386       0.70722384277828476     
  0.57694328304791520       0.11016986075729159       0.80932011585441732     
  0.87478472399541873       0.32813667319038431      -0.35648002801250339     
  0.88379235879691320       -7.3220426891554266E-002 -0.46211452651697166     
  0.82692268772039257        2.6756990931174354E-002 -0.56167867323726994     
  0.88943457335076481      -0.10635714596205079      -0.44451580087905390     
  0.39617058666918026       0.65234247697154402      -0.64614097455340880     
  0.37594207122029866       0.74421183121152645      -0.55210172013080605     
 -0.33281806943168291       0.82536890405893459       0.45606831162923445     
 -0.17648382558848882       0.17227062735692414       0.96911108251620093     
  0.30708681046440151      -0.26484071900987027       0.91408811631765008     
