  0.22999597025960150      -0.95153953741205488       0.20414299499612193     
 -0.31283224970722112      -0.78256401672872200       0.53826530936381489     
 -0.33638936352772053      -0.80493707828910954       0.48879289694187333     
 -0.77601250553669254      -0.62771436345390841       -6.1475760786739359E-002
 -0.80320107692519549      -0.35476763109144788       0.47854775932602894     
 -0.91020086876295170       0.36085620545564073       0.20326627238022354     
 -0.72636356739440788       0.40914392248072995       0.55226553274592938     
 -0.61669592295615516       0.44083655757009238       0.65218806192616019     
  0.18568015962636683       0.52866230952653803       0.82827473751599967     
  0.60343588243223978      -0.24316872832687844       0.75943011881088951     
  0.64819357968707880      -0.73641477125384991       0.19374820755705294     
 -0.14338053247750474      -0.94733467464745069       0.28635473999408628     
  -9.2746368123994713E-002 -0.19200722704421083      -0.97700119547654263     
   3.0741641373970729E-002  0.64567948372916917      -0.76298948601988648     
  0.42974654242502225       0.11571628296141133      -0.89550413239210636     
  0.31473041059596463      -0.14465824385549539      -0.93809315162767082     
   4.1493281438805207E-002  0.29827107459550589      -0.95357887647276351     
  0.60882535313606789       0.35735853712255983      -0.70825600267441402     
  0.83086035095269151       0.43719001741919533      -0.34429052540514865     
  0.31328184284006955       0.53654961081387575      -0.78356174107865251     
 -0.22268543896484252       0.85322047557838787      -0.47162062648574299     
  0.24018651748440933       0.80935440802320135       0.53596257241725076     
  0.12585274421552509        9.7938908083103349E-002  0.98720264234698951     
  0.50923900213063134      -0.42568890577760016       0.74797365876538280     
  0.33737691203107423      -0.87244533000436875       0.35357596833206900     
