 -0.62214302215150241       0.48126098294517522      -0.61751593200729260     
 -0.89542011171869196      -0.19676184797579574      -0.39938402410566304     
 -0.96143740172202985       0.24520192651774647      -0.12455576181755630     
 -0.70327697253900723       -7.0789533339009725E-002 -0.70738274071820295     
   9.9808529214639230E-002 -0.23681921326114821      -0.96641343002173252     
  0.44753747403172273       0.21137675432395969      -0.86892466708500082     
  0.45529855255350926      -0.36716613203857484      -0.81110557853250531     
  0.71829427799091783      -0.49538546185664006      -0.48851466138344185     
  0.91147825212644262        2.2449378611461412E-002 -0.41073522042849686     
   5.9715148055511591E-002  0.51722910686034584      -0.85376117978573651     
 -0.54407574179649887       0.83552985699363003       -7.6625356513293358E-002
 -0.86115687263810103       0.50675695453347391       -4.0077796098655166E-002
 -0.49138655208981441      -0.41325620842695820       0.76665413494082579     
 -0.12357558773623754      -0.33671514727508073       0.93346236330725141     
  0.28333053846682310      -0.47562207218385111       0.83277094715390299     
 -0.36949356476977591      -0.90091393112247220       0.22765894294570588     
 -0.68842038527417082      -0.46341367134314160       0.55796518023190356     
  0.45095711458949822      -0.68678268572540713       0.57005896483512930     
  0.68829428271098692      -0.69410933742980263       0.21086300785135367     
  0.36400520722456509      -0.92817514527836142        7.7402253203106397E-002
  0.97641326261005557      -0.10706557294665742      -0.18749427641611235     
  0.90673139802536940       0.27766930089756914       0.31739239306262962     
  0.64682138078928042       0.67727251148530254       0.35060525743380611     
 -0.36067726885867490       0.92332737176446855       0.13182743371227540     
 -0.80612258752362642       0.36638492188572286       0.46468103350468004     
