 -0.78135443195078880       0.28861694366025209      -0.55334032159519819     
 -0.86983883556375663       0.33789830801095261      -0.35945115605381295     
 -0.93751030618545717       0.26720974543664405       0.22287525151910453     
 -0.55803555771322666       0.42731960772310645      -0.71133274153734694     
  0.16189837915180141      -0.53159145789633211      -0.83138404887251538     
  0.45468265187823531       0.25777808577987332      -0.85253395508486585     
  0.46021568092822562      -0.14153389715436560      -0.87645289832603435     
  0.65731963083257783      -0.44594568418906710      -0.60750584332601898     
  0.33260376215128840       0.25836807583047811      -0.90698438508853474     
  0.45794396487964600       0.71584833254872160      -0.52711335575708873     
  0.15996018869828285       0.93567908425889279       0.31451135005281800     
   7.2282512360836354E-002  0.50809606666737739       0.85826197949340921     
 -0.45959616573884232      -0.49903722375189435       0.73466537535681031     
 -0.21639939129673352      -0.79987414286676295       0.55979698018081392     
  -4.9660670236242738E-002 -0.73154552555461916       0.67998158936303199     
 -0.15022895996798247      -0.62244741143704596       0.76810837749775951     
 -0.29420646169855130      -0.45553616064021701       0.84019602727219378     
 -0.60082123936028631      -0.79389701812029656        9.3495256314202524E-002
  0.26721355954923115      -0.93008245974197679       0.25207842365686284     
  0.43193241586876174      -0.20677253823246725       0.87788353758041138     
  0.85948264384792028       -3.1789326100943011E-002  0.51017548321165673     
  0.96662539503157785      -0.13537208337188877      -0.21750803369900668     
  0.46011157889521742       0.80423125586220379      -0.37617738111273918     
 -0.20406419677870724       0.97491221042849463        8.8904361819238692E-002
 -0.50686221752232574       0.85475505182691791      -0.11173403163176203     
