 -0.45689901645935183       0.88557314566368739        8.3686871358344905E-002
 -0.66116618799839866       0.28920104389937917      -0.69225864245609769     
 -0.18753030730450521      -0.26587264426287527      -0.94559194205265651     
  0.56822300054379860      -0.82260816348839139        2.0938744356959554E-002
   9.5228747291225713E-002 -0.82210574927800106      -0.56131419249239223     
 -0.84378141164035880      -0.52608051378769816      -0.10617072281516926     
 -0.91366232286352311      -0.33099058941872522      -0.23593725754072833     
  -4.6316700078543604E-003  -8.1206262701986415E-002 -0.99668655580924836     
 -0.56864024835133553       0.25537152714117395      -0.78194223001479135     
  0.34522429040366914       0.59423006817190283      -0.72643706912279271     
  0.10938680559789110       -4.3272544902613994E-002 -0.99305690351497755     
  0.29875620685996640       0.64038865156362756      -0.70756420472715809     
  0.15043423576314177       0.98844910878707548        1.8382057784966870E-002
 -0.10574797587132191       0.58970954702011114       0.80066223574766371     
 -0.72347900022205625       0.19106056093819382       0.66338073403717279     
 -0.38222289726434705      -0.86636368417698983       0.32143370007855643     
  0.38895785168915781      -0.89615923767638250      -0.21356593908362653     
  0.50061174788085105      -0.81114857643323746       0.30236710276422646     
  0.41556556343799717      -0.54178018704633168       0.73060214303580862     
  0.47613417759484061      -0.21745732501055334       0.85206135737126043     
   9.3566479299179703E-002 -0.15945234607632133       0.98276154955427708     
  0.26020461165730524       0.62921231091872343       0.73238338857500362     
  0.56445642310637023       0.15407953961637583       0.81095526503349913     
  0.40659162651228731       0.87752766932975590       0.25422123988916290     
  0.28202865206676081       0.91664414712149345       0.28323726266379345     
