 -0.11490116372940490       0.97435580334387306      -0.19346444392624809     
 -0.68357834012457652       0.47519092997085377      -0.55399840521967492     
 -0.83179021497570660      -0.36808733528383625      -0.41549579044110069     
 -0.31625213621861181      -0.61748633007763942      -0.72020498367089381     
 -0.87804116611988370      -0.41728848076113567       0.23433743709207319     
 -0.86182768484473482      -0.50705181626412377       -1.2308422256137888E-002
  -3.9333619046529197E-002 -0.99907781776004989       -1.7215704240203838E-002
  -5.6233666299645449E-002 -0.87685015577475522      -0.47746369400434546     
 -0.37464769270853682       0.21764372321617098      -0.90126040415229891     
 -0.37545788482529591       0.62267707209440148      -0.68651630760709303     
 -0.31472003350782118        1.2196711861144106E-003 -0.94918376140295002     
  0.62942302168331354       0.47674061148099406      -0.61363266629131374     
 -0.39073764490031088       0.83428356297469519       0.38896661734398247     
 -0.75198454623249444       0.65712176029609570        5.2059911379689565E-002
 -0.53636953974616164      -0.73284242719178883      -0.41862834798919002     
  0.60575170634113518      -0.19634384127481741       0.77104731778167790     
  0.96140197930374238      -0.15369395571771510       0.22822007397841321     
  0.93092666405204327       0.31808956134502708       0.17942847354944086     
  0.63419945020372770      -0.63629276853112771       0.43922951867593446     
  0.62402474503311889       -1.9438304220783964E-002  0.78116276787580241     
  0.46713139195300402       -6.6077711361657715E-002  0.88171537284617107     
  0.24726021116840027       -8.3864855886386022E-002  0.96531294092647768     
  0.10963990818617325       0.49502293299836492       0.86193467637554055     
  0.42434284910952680       0.84466906330828728      -0.32629330348554753     
  0.25951419498466927       0.96493521804322868       -3.9400603818841404E-002
