 -0.66981020486946286      -0.73842697023607529       -7.7973707624342400E-002
 -0.28713624094481932      -0.62289063763256614       0.72770875539996838     
 -0.50294253013263746      -0.28415598120606023       0.81627457986183904     
 -0.68782395492090209      -0.15276394998323445       0.70962059061337057     
 -0.72719398024538129      -0.60925091958850508       0.31623129521828813     
 -0.16125969952585573      -0.38342506076760074       0.90938469971966596     
  0.21769792512021349       0.96989888039390426      -0.10910442341626025     
 -0.37375302360989276       0.79962865169614539      -0.47000286885194653     
 -0.17725535535459325       0.90035092562092356      -0.39742766603704432     
 -0.11869743107479291       0.99265318860116825       -2.3464164510663781E-002
  0.52240424190755119       0.64512119625762809      -0.55759523865982685     
  0.93891007672726423       -9.0527545950493130E-002 -0.33204311654390689     
  0.72874776021320720       0.14493548698133085      -0.66926856089144726     
  0.45602371592035795      -0.49335637451160907      -0.74070362375714627     
 -0.15086538359214854      -0.94452100479299972       0.29175281924675583     
 -0.77441794225144989       0.29049567207602889       0.56204013666652797     
 -0.71162003723994205       0.69464864063986975      -0.10516743153554926     
 -0.76295993038058052       0.53159337800912221      -0.36783233285082462     
  0.47121803358144193       0.73471620733840270      -0.48800170030634699     
  0.73229389427570990       0.68050094086520452        2.5770562432341888E-002
  0.90662526919963982      -0.40592097006615585       0.11514680763793642     
  0.94012556447258933      -0.34082714479888865       -8.8339873286588655E-004
  0.58009463243196191      -0.76719872107066056      -0.27367195656687543     
  0.32843856769981328      -0.93617793816793859      -0.12529555193591835     
 -0.51841444358356548      -0.84369770451487003      -0.13935798534815211     
