 -0.57260067267680759      -0.79611280206275881       0.19578783425390053     
 -0.83621280491138483       -8.8265511741999161E-002  0.54125534116454666     
 -0.75576820572600911      -0.24271568598479412       0.60819693766956429     
 -0.99272853817867224      -0.10487189930676782       -5.9092590241122615E-002
  -3.7029909023025998E-002 -0.83146453052357971       0.55434242154010005     
  0.58711108257376932      -0.58388588697184829       0.56069407676038796     
  0.21983936474181587       0.97512180753538580       -2.8427349134629173E-002
 -0.58034720495074621       0.81293554625699904       -4.8300303701733729E-002
 -0.54331519447232823       0.73110675456109964       0.41266392244854744     
 -0.37555179717198717       0.86245696642009684      -0.33930639356537518     
   9.8968553944105780E-002  0.94492408000050121      -0.31196747965998911     
  -1.9103954828950082E-002  0.71536894232689330      -0.69848573017922266     
  0.50671827041620432      -0.28377044153741404      -0.81407059333700371     
   9.7208844147026893E-002 -0.49548369436099854      -0.86316067405900387     
  -7.8560353287265849E-002 -0.87909956820906521       0.47011936789078285     
 -0.22826536937435241       0.63855780375283488       0.73494139386127366     
 -0.38928640140585008       0.86040722608572029       0.32887003965083256     
 -0.36168162421707301       0.90649047901351054      -0.21785640720788080     
  0.77336044385602798       0.59667952588420892      -0.21421290173417706     
  0.95976208607028568       0.26042256443669753       0.10505629954561442     
  0.69117145505722011      -0.66371836695641906       0.28593696696783794     
  0.58826795189485948      -0.37170192449828077      -0.71817720382764128     
  0.16573406514975497      -0.85320745012562316      -0.49453944908272202     
  0.49522674571948611      -0.72441124988272843      -0.47956106114595348     
  0.11553112904397647      -0.98870962961569286        9.5424454554576807E-002
