 -0.62633112081105746      -0.34532346665687230       0.69889987156933198     
 -0.82823042334118124      -0.37478209777513072       0.41662062483674445     
 -0.84733850163535585       0.22917735992312688       0.47905657426345444     
 -0.56253486165031763      -0.76925036362836741       0.30299902225198749     
 -0.90530885950739093      -0.41205485215143517       0.10308572993328943     
 -0.36463823592640543      -0.60507550501654161       0.70775885026574070     
 -0.16959455792064915       0.77345595075912499       0.61074018875376146     
  0.17375185726490197       0.59747994171170227      -0.78283332284028695     
  0.31635705381264545       0.94862499693103741       -5.3693296191168454E-003
  0.19106042935931022       0.66874655598436028      -0.71852206381717820     
  0.15276755475243517       0.98640721626574679        6.0521714399074160E-002
  0.35412868028136907       0.67129380767142577      -0.65112018981458131     
  0.11718187640730662      -0.11209867946351802      -0.98676354508270470     
 -0.39918320413915276      -0.66865032820419157      -0.62734321397911419     
 -0.40624420514260284      -0.51135872163489926       0.75728323868681380     
 -0.55300211151919076       0.18058818861843193       0.81337357394178800     
  -3.0428653307047963E-002  0.92873351209463240       0.36949717261471549     
  0.18059234481637185       0.95049529272286304       0.25287369081296590     
  0.44255077857053271       0.53575798059350699      -0.71910513460616687     
  0.49190971641517184      -0.71285222025408068      -0.49986652515962771     
  0.49418180231753761      -0.23005348591707789      -0.83836730606314269     
  0.21983099267384265      -0.86518066818231243      -0.45070694033221431     
  0.83303582748584715      -0.52624062136696736       0.17065203939084012     
   2.2477205172234008E-003 -0.99740437484569500        7.1968470812884350E-002
  0.56649676695233520      -0.77244604913493631       0.28706883183027337     
