 -0.30570011650029522      -0.24554313356534946       0.91992174032936003     
 -0.90064997856361773        3.8151175101328497E-002  0.43286730524693406     
 -0.80512175588966139       -2.5642083423345091E-002  0.59255501158194335     
 -0.35552780747852697      -0.91325633624662217      -0.19890410356472321     
 -0.81727088239037049      -0.40197304412984564      -0.41289947516295122     
 -0.97245281847110743        9.6597876423021520E-003  0.23289955850179628     
  -3.7995922050083585E-003  0.81629810736097941       0.57761835412142282     
  0.75436871214514289       0.65470571014314305        4.7835961811469083E-002
  0.72845890636207589       0.68394193598489916        3.9636472383155284E-002
  0.58283389958899257       0.74288307795347630      -0.32928616427092938     
  0.29231623701766940       0.95164687561013483       -9.4442796005194493E-002
  -2.6921989088825517E-002  0.65768162200654245      -0.75281477840060129     
  0.30546666137980694       -3.6723622706850180E-002 -0.95149434802354327     
 -0.58519833119125442       -3.9575317455104619E-002 -0.80992388989294328     
 -0.90667060384429088       -7.7272244006076664E-003  0.42176854568317595     
 -0.68241199741116776       0.48452114370642968       0.54731446819056351     
   5.3246291502695747E-002  0.92965821941917315       0.36455510901311916     
  0.54557099220399996       0.66776663866703867       0.50639906077009733     
  0.91803620118758111       0.39355641265875152        4.8196300316788482E-002
  0.74635776653147246      -0.51654922528989466       0.41967485294040607     
  0.61526718594552088      -0.74652148873901736      -0.25328236565056750     
  0.74601224904728303      -0.59198854392902811      -0.30498407848311959     
   6.7472269849946059E-002 -0.97523931517356954      -0.21060809799497274     
  -3.6425411265232181E-002 -0.90317159794990254      -0.42773152101613643     
 -0.18214435288167591      -0.98083255276713965       -6.9216603106722008E-002
