  0.37006670868584712       0.10628245603568681      -0.92290555890698300     
  0.68764554681617640      -0.55240715204869817      -0.47115808420241601     
  0.81123420615527897      -0.54899090410907048      -0.20126611729020971     
  0.46842177511204575      -0.67248202140858138       0.57301742685810764     
  0.33162055625504772      -0.76529420696225769       0.55168159608516665     
  0.27554677564336205      -0.81850874835576659       0.50410058847180172     
  0.33742367509862331       0.36280062016766951       0.86863166733022823     
 -0.25205731450709623       -6.7799502258730368E-002  0.96533431395394276     
 -0.52235245131043306        7.3551082378653567E-003  0.85269796469370729     
 -0.60934778310576077      -0.20000860462781592       0.76726256086094957     
 -0.89602049641850190      -0.13283487249267373       0.42367696025130591     
 -0.70409554945868980      -0.51874667121574947       0.48492406450395270     
 -0.30971449032667236      -0.11561796032237456       0.94377403107554825     
 -0.47612072932111132       0.36580290978981667       0.79968573971282719     
 -0.53349308309208654       0.48977314851050441       0.68957044113782051     
 -0.92418244558486207        2.4655945331050224E-002  0.38115468202900227     
 -0.81583938429489788      -0.15666083593392263       0.55665382556648679     
 -0.15662340707634004       0.40168819679701528       0.90228360336968194     
 -0.25306402588976307       0.22279120402082164       0.94144711917952717     
 -0.25319811035150969       0.45281665179970221       0.85489636609786079     
  0.39990965560469333       0.46716245941641915       0.78856293589423909     
  0.58242889964191513       0.48233863645187008       0.65431339329685012     
  0.34325897995644150       0.93399561804098785        9.9123449089761076E-002
  0.96762739543153931       0.25221112494062875        9.3151525237492941E-003
  0.65215561692680302       0.70229167014882055       0.28544607432992081     
  0.82796225863309392       0.48574970656798677      -0.28022441158523442     
  0.81302787413562028       0.51511562824476398      -0.27136979459124383     
  0.95567888291545122      -0.12706108311037792       0.26558116256292758     
  0.80665989107762770       -1.6160639377274019E-002 -0.59079493384892912     
  0.88105015766715877       -2.1143814514944542E-002 -0.47255005955181262     
  -8.3823370758765128E-002  0.64105829941418013      -0.76290097605574880     
 -0.21645673689324404      -0.34010274573660354      -0.91513747786654764     
 -0.37077875326815291      -0.39388030925677542      -0.84105969948910719     
 -0.43000318305146629      -0.52904104610645886      -0.73158241784517863     
 -0.69399889835191986      -0.64344078584837805      -0.32303170772097761     
 -0.84967273913463781      -0.40322717745563025      -0.33980005846470096     
 -0.24232141664016879      -0.70881276149507755      -0.66246871637779337     
   6.6794459673978318E-002 -0.62317135807869306      -0.77922779636460371     
  0.27412905953350042       -9.6174220415305517E-002 -0.95687187127994355     
  0.24406395839302583       0.43427658529728907      -0.86708513519496688     
   6.7270636932057537E-002   5.5091485388345969E-002 -0.99621262270885902     
  -3.3418403053704006E-002 -0.16482232428069279      -0.98575697398296658     
 -0.24035648235891091       0.48084316765718488      -0.84321919422261371     
  -9.3367266311768712E-003 -0.29366556421672579      -0.95586262712224923     
 -0.27394123635211010      -0.33294957167714617      -0.90227533588470210     
 -0.18118936969113858      -0.72351024548775544      -0.66611060416806933     
  0.18012815539396662      -0.54386754812892235      -0.81961084529585915     
  0.42830204869635169       -6.2093991202472894E-002 -0.90149969014917797     
  0.48625714590206548      -0.36618058718096036      -0.79338878592465034     
  0.86874971133193890       0.20743153877616313      -0.44971779571374121     
  0.32176642813573914       0.72950780340123422      -0.60356004713821099     
  0.22357380481065747       0.75097357640187556      -0.62133198963893099     
  0.35740821008132906       0.53085168556927120      -0.76841125661636078     
  0.22166040132641279       0.93340652641114019      -0.28216825288631853     
  0.13092312895888680       0.47388716443821211      -0.87079853564664056     
   3.1774938445673744E-002  0.98272576894003683      -0.18231954461332664     
  0.11017843650450090       0.97988388786471903      -0.16639795200830917     
  0.34947329946432648       0.79244966021038932       0.49989193731641840     
 -0.26042226589688044       0.41638963266830592       0.87109122210678835     
 -0.64676208735948082       0.50550436417027811       0.57110781833139612     
  0.55046984921668951       0.10878804006268938       0.82773673800472702     
  0.98518994781797298       0.13830381194595878       0.10135493238941393     
  0.91489010488898004      -0.37931287983008405      -0.13819491731346029     
  0.99090181750178385        4.6498159157996072E-002 -0.12629928450547567     
  0.87755569215607532       0.34849302693347084      -0.32931537671845801     
  0.50966344555091669       0.83751894837827745      -0.19699031290018615     
  -4.1171908366322105E-002  0.99884461806378089        2.4785135192142413E-002
 -0.51699282682525105       0.74929304052458257       0.41385789400794593     
 -0.68398710073963864       0.71829101186231714      -0.12735646155424057     
 -0.56710746472770024       0.77143039683394421       0.28859013547031032     
 -0.61466079877617319       0.56153790542368665       0.55395603004231608     
 -0.53125344302099242       0.44697759256303110       0.71970883767320937     
 -0.59895769355247441       -3.4110914483364119E-002  0.80005382746877607     
 -0.15654273570516941        7.7208848840574912E-002  0.98464875237756344     
 -0.35338065311456351      -0.25941114686065853       0.89879250713876713     
 -0.42258406789265762      -0.13783114241406491       0.89578193872401246     
  0.13351815994271182      -0.34952189887123858       0.92736580871571717     
  0.37380853818622983       0.11391061478203868       0.92048440976427293     
  0.28657794196745401       -4.2992308272500432E-002  0.95709181618438133     
 -0.56104371481793458      -0.19972775782535485       0.80332980326721204     
 -0.22314025529306300      -0.14321670644654505       0.96420817330199049     
 -0.13821337583679089      -0.35532408581880193       0.92446841848537242     
  -1.7459468973731671E-002 -0.89567667834806552       0.44436297641290312     
 -0.39395257472775652      -0.90512312570915987      -0.15985460947957220     
  -8.6878659671659697E-002 -0.98938123052640703      -0.11651986601316708     
  -4.7170201597837809E-002 -0.97377733792386922       0.22255935888455336     
 -0.13499492763120477      -0.92602437280302308       0.35249855388156892     
   1.6284163860655763E-002 -0.99297603076540908       0.11718971086552310     
  0.48303004512007991      -0.87450587629383081       -4.3834322611893933E-002
 -0.28118610480697731      -0.95671656383674997        7.5018603985223600E-002
 -0.75351448132733800      -0.62151414444726460       0.21432707407599222     
 -0.99822453885305806        4.9817243303832991E-002  -3.2649843815808960E-002
 -0.57395399613412146       0.50326568146597861      -0.64598797525978013     
 -0.39003628031238402       0.57729371785634342      -0.71735881075208496     
 -0.82749806449572860        6.7493403870557995E-004 -0.56146816269477229     
 -0.19693705364782388      -0.37374725689943489      -0.90638225096293135     
  -7.7959692298448471E-002 -0.46805739136150482      -0.88025255737689456     
  -2.1563626230093596E-002 -0.32674041281133315      -0.94486809273022543     
 -0.27889365126194210       0.61844033698317302      -0.73467671861703432     
  -5.3149671846663436E-002  0.17201518609155714      -0.98365943706978443     
