  0.10817554731392043      -0.97853216291093559      -0.17542194022459467     
 -0.61570573310501864      -0.54079440361357922       0.57310371072070654     
 -0.80622041073556161      -0.39423409920337038       0.44112143944576826     
 -0.93604197787636367      -0.11458086157801373       0.33271104852908073     
 -0.94042871665541838       0.17867119545372237       0.28925841872791103     
 -0.30741095653571382       -2.4533826391599234E-003  0.95157368853675839     
   9.0165559228676681E-002  0.35010593213084490       0.93236044972733567     
  0.49820484034416729       0.86601939828609054       -4.2453961532835371E-002
  0.64615436247645308       0.68940042067792828      -0.32743182469291737     
  0.67672751262493647       0.61724280678795718      -0.40131183775836288     
  0.71564248974027134       0.31505907222312463      -0.62337276800341024     
  0.37874104696063599       0.53883205108217613      -0.75247275038617822     
 -0.74958520136200524      -0.37936280230278424      -0.54240749453528947     
 -0.76739317561311182      -0.61738878212524584       0.17302833793442290     
 -0.32978545922454583       0.88032307074690519      -0.34098803790574383     
 -0.34611700751869340       0.88301135736581893      -0.31700782304114689     
  0.24208431281016377       0.95883912734364596      -0.14840051673121712     
  0.56922279536398968       0.60534888094476358       0.55636152057533617     
  0.99813190400918683       -1.2327901453227555E-002  -5.9839159793016884E-002
  0.96870674178426386      -0.24719082931798994        2.2448659710375320E-002
  0.70911356942367532      -0.55804418266998523       0.43098101564615310     
  0.32261374596549125      -0.93704844907943774       0.13364346221171011     
 -0.32850803717372185      -0.91217920805463371       0.24497257378137202     
 -0.53620755975805290      -0.52668216079195851      -0.65961151776013471     
  -5.2967648054835385E-002 -0.85358271096667115      -0.51825764229613536     
