 -0.64172594801712479      -0.76481763081596676        5.6936800354020906E-002
 -0.74097216181190251      -0.66279533073979269      -0.10799354133150502     
 -0.99149263670322141      -0.13007737989846446        4.7145097367922162E-003
 -0.74888683437807102      -0.27096248314670202       0.60477090044258641     
 -0.46807822767065299       0.75108679025362923       0.46558716293213154     
 -0.59580104692551150       0.22731320962472279       0.77029203372007049     
   3.2103403340486149E-002  0.68288139757008393       0.72982351863082062     
  0.93426544898037067      -0.29160655623333814       0.20521619624977988     
  0.91447376422539517       0.25561657978470786       0.31368439343166826     
  0.90253176924118650       0.38495789924922247      -0.19298658325386470     
  0.61982764016354253      -0.26805150302666603      -0.73753785544500361     
 -0.32150557761915327      -0.21307512361510034      -0.92262297568193130     
 -0.22513049882004810       0.32594329902152386      -0.91819236782059499     
 -0.71541533081814745       0.68996653533657770      -0.11012304275680064     
 -0.50337285011891808       0.61469836389863830      -0.60725751965991648     
 -0.15940987543747309       0.77509671451570683      -0.61140295612630169     
  0.54142742744491468       0.83495004267277784        9.8563517850682819E-002
  0.48877316723102066       0.77733507877913022       0.39604414690078704     
  0.76840538332968245        4.8975243325301482E-002  0.63808666528236802     
  0.59176178782551703      -0.67419797025835204       0.44189940412842998     
  0.40413619283481395      -0.17422506776163593       0.89795298507461963     
  0.54103490522873188      -0.83635789907686919        8.8242257313931927E-002
 -0.30940106146882118      -0.90814698737805677      -0.28202842494702818     
 -0.23909580726091684      -0.68585222665764245      -0.68734264973083181     
 -0.68716123045456179      -0.59959036883692673      -0.41024484513298648     
