 -0.23765602486735102      -0.97118161350390153        1.8052352649727876E-002
 -0.67778027085030912      -0.64454747127303647      -0.35379720423091454     
 -0.99585638516693187        3.8988858656210483E-002  -8.2157951672072696E-002
 -0.22963588300755430       0.84176379480095431       0.48857044015946349     
 -0.78419445625795781      -0.38861700118780196       0.48375187975043071     
 -0.31124436761922469       0.27432991902342962       0.90987363911365982     
  -1.6807295028727631E-002  0.69032692748281599       0.72330232131933458     
  0.59984969249042108       0.52460002352175283       0.60413174203985642     
  0.95833909776395632       0.26498316497475188      -0.10663065214525347     
  0.89325590096019325      -0.24430595385750717      -0.37737050270202060     
  0.75652380673862774      -0.25977099417355842      -0.60015894596661112     
  0.14450185934288648      -0.54883268736207447      -0.82334797863926790     
  -3.8834357912010675E-003 -0.23378112086190220      -0.97228149548111631     
 -0.47479438410874697       0.41067065506274858      -0.77840857259484320     
  -9.9577543753203615E-002  0.83385206643371135      -0.54293189635932115     
  -9.3153485658974244E-002  0.93290492478237319      -0.34786610847621724     
  0.21819074870576427       0.89599797830400330      -0.38675627991585260     
  0.35562088588434848       0.87924897559217108       0.31694640626282833     
  0.71713534368357645        2.7184367457828453E-002  0.69640355326903480     
  0.53997583228999735      -0.50250906729131517       0.67521162447986194     
  0.75439411931677103      -0.47406515764134449       0.45403935848200205     
  0.10934427597829464      -0.89158733032181181       0.43944949848691967     
 -0.86741180227948955      -0.41641886465551953      -0.27238225791199389     
 -0.39915810575121197      -0.55495302484260201      -0.72986296441945087     
 -0.56192222344320075      -0.81984139256446287      -0.11001593447603042     
