 -0.94983711503004586      -0.31262737154027509        8.5779645139897193E-003
 -0.85010892295031315      -0.49545957031867183       0.17842262552684657     
 -0.99696044642755666        1.9755453005899554E-002   7.5363056834976766E-002
 -0.34228241291167227       0.38508286664453367       0.85706122046687494     
 -0.53354573141372585       0.84548732211842315        2.1912111427267379E-002
 -0.43552210660539559       0.31058148164062210       0.84490214694953947     
 -0.19178115674440668       0.56444612872801592       0.80288265374319789     
  0.32811728466736267       0.15157678672161304       0.93239665659506443     
  0.83747230002687711       0.51800931907580583       0.17408759874932392     
  0.79774798250163026      -0.14605713811193413      -0.58503458771353190     
  0.81614416256537226        4.7092651870900726E-002 -0.57592620017690921     
  0.42140145078575414      -0.50566478970628592      -0.75281069182561233     
   8.3595059211516456E-002  0.10720464854571131      -0.99071642229530210     
  -4.9089704717692639E-002  0.20703035872426567      -0.97710216019474794     
 -0.22474558567233158       0.86092958581804169      -0.45638763127849280     
 -0.60827889590774065       0.78503443711893106      -0.11712265933896120     
  -4.6951869921508793E-002  0.89918577946300826       0.43504075202487474     
  0.56897027543649104       0.36179846749901562       0.73849488460317880     
  0.66123081571801368      -0.43140757046727041       0.61372739590831416     
  0.69920611461110072      -0.69017539246555937       0.18646376839873305     
  0.58154161949032679      -0.66465781636911692       0.46908350209743105     
   9.3688284993358559E-002 -0.97369201113249138      -0.20771704964150059     
 -0.15525088612495366      -0.87132936509438064      -0.46549146058936652     
 -0.90252316181155723       0.13286371809732833      -0.40963297573196711     
 -0.50502322493395502      -0.86186630276567255        4.6238711426295431E-002
