 -0.40732042014437209      -0.75271312077257824      -0.51721662110783118     
 -0.93741580953696924      -0.17479918828274751       0.30115916689657812     
 -0.77023178319226859       0.13834109179064841       0.62257910540158723     
 -0.74763541240875553       0.56307436994050430       0.35212007047095928     
 -0.27876378026260679       0.62672163549848958       0.72767489060142310     
 -0.67316454093145017       0.44621038051828399       0.58969975169598887     
   3.6213697102494877E-002  0.27340064066807085       0.96121831954267645     
  0.17523883425912914       -4.2672269224910339E-002  0.98360074644476081     
  0.73638056477249503      -0.29504976669188482      -0.60884258967355753     
  0.83900512529548610       0.26559794718392737      -0.47489802082089683     
  0.93064170801607060        1.8051050034963843E-002 -0.36548621163259587     
  0.30594501525536277      -0.63221863084596741      -0.71182669973220680     
   1.8610398958111646E-002   9.6491968410188311E-002 -0.99515976259238736     
 -0.24101998473636060       0.91753811055087220      -0.31628022803272293     
 -0.14194803218720969       0.65779050689764940      -0.73970426874091399     
  0.15141261106481912       0.42601564457845054      -0.89195565572787827     
  0.46197002557061506       0.72708016119622143      -0.50787610169130359     
  0.70856551902945397       0.12512198498848121       0.69446338572673394     
  0.75161264328177946      -0.36965180818228033       0.54629293896821629     
  0.46782741081743034      -0.58461666208403518       0.66284302221685798     
  0.66094129568148641      -0.72191318088108503      -0.20493404532437848     
  0.10788481453744445      -0.65249637875225353       0.75007289146283496     
 -0.79040563838704014      -0.55845570193102212       0.25176607354185554     
 -0.80890918845032767      -0.47873101157823200      -0.34129539023244532     
 -0.53265670334651716      -0.65568307046905272      -0.53512292744781653     
