 -0.17728318140899371      -0.92764811841713402      -0.32869384233150045     
 -0.53279037633797965       0.47199834710359090       0.70239018729842340     
 -0.88159958424782137        6.3368268427461405E-003  0.47195552510765870     
 -0.78937660136241661       0.60791647446771280        8.5569511464348630E-002
 -0.86878787281510494       -7.9087180003647561E-002  0.48882803725694446     
 -0.74686106988934298       0.60743365524407300       0.27059729629212226     
  -8.9673642367233131E-002   8.1555476764216803E-002  0.99262648668788933     
  0.46058082242770354      -0.38739232152438902       0.79861911774997907     
   6.3931465013282979E-002 -0.99501529257259347       -7.6533230220144327E-002
  0.68171735663293598       0.16764773755705806      -0.71214863740473278     
  0.81306801234397463        7.5950394112689473E-003 -0.58211916535993213     
  0.24839712281637610       0.30707602991701832      -0.91869645761097207     
 -0.45937819347689601       0.45741497639162570      -0.76140870413368877     
   2.1490491610563558E-003  0.93005324137815504      -0.36741849407685284     
  0.41371945993138420       0.67811285755128636      -0.60745301126731777     
  0.71335876242318130       0.10135268831172739      -0.69343125733273425     
  0.67468759572387149       0.66606366678234574      -0.31805005890392313     
  0.64018877185733802      -0.63192971636741047      -0.43683311454097729     
  0.55891313289479216      -0.62435916868840968      -0.54570297630893605     
  0.32841016887418689      -0.30460023402892156      -0.89407240110046404     
  0.90111159541906394      -0.35283583445561778       0.25200152087894478     
  0.60074422494567892        8.6372536795300547E-002  0.79476170081475439     
 -0.70891791846143759       -3.8930093326364504E-002  0.70421575722067131     
 -0.97580446616797767      -0.21329950096547190        4.8051708549399483E-002
 -0.44316897339623540      -0.87280838906195146      -0.20446705603112553     
