 -0.95783148250221317      -0.27067529940702206        9.6404011423365715E-002
 -0.38778125867059304      -0.26174692329781446       0.88380667771180654     
 -0.55397355166155804      -0.14794041701615074       0.81928440548601833     
 -0.66735110668344644       0.36182574105423682       0.65094134414623672     
 -0.66342601189396988       0.58435831474599964       0.46732353539029009     
 -0.86329445924533910      -0.16286752421889242       0.47769953547302668     
 -0.19727387937108121      -0.45583689578721459       0.86792611491817306     
  0.20230492376825132      -0.97880095225951513        3.1959563122575314E-002
  0.51819729052538954      -0.76654400016430002      -0.37931762930855056     
  0.80592338628257854       0.34592317461623301      -0.48044214293322318     
  -9.0632894286565430E-002  0.84724491458653528      -0.52341353935533241     
   4.2668415490311834E-002  0.30523456114308400      -0.95132080236024130     
 -0.59526666095985059       0.70268884280704447      -0.38972553488858730     
  0.34352679797551589       0.80974556291392374      -0.47571153277370687     
  0.51402024298415827       0.41613229401805285      -0.75007806505576358     
  0.55519187555299176      -0.14469643620026426      -0.81903902389989569     
  0.43975608709607444       0.79230768306805011      -0.42292211956018166     
  0.92686507580549693      -0.34205040487413874      -0.15466949207091896     
  0.85067333840896764        2.5886098002353551E-002 -0.52505693143728027     
  0.97358078838314122       0.10079036264321728      -0.20489448818721345     
  0.94889927466328494      -0.27134869100084630       0.16112124141651801     
 -0.10177390169048095      -0.43640221607792262       0.89397716902445168     
 -0.45272953754638567      -0.72038866420779091       0.52542947986758926     
 -0.98893579769413287       0.14147959019031622        4.4603963934338839E-002
 -0.98321051992008235        2.6427923922187871E-005 -0.18247485530908317     
