 -0.97021721939497352      -0.23976333909096301       -3.4526633450558751E-002
 -0.65905097925600942      -0.20260441236334414       0.72429500815110182     
 -0.38775036430906173        1.2952785442332623E-002  0.92167341305230499     
 -0.81013037413103828       0.41326567730166391       0.41581276660858058     
 -0.86504314428425566       -8.9330626587426673E-002  0.49368046110850849     
 -0.67588969098434748      -0.61195468146809184       0.41071230009632120     
  -2.4402233864152852E-003 -0.84302155327986605       0.53787424739935297     
  0.68966577052139200      -0.67804959238390872       0.25418472660478419     
  0.98902476426866937      -0.14280476701611070        3.7905331825203586E-002
  0.95533452375952299       0.10990925605994184      -0.27432809397787533     
 -0.31002685953981890       0.48359979256309327      -0.81854418756521174     
 -0.35005446185810202       0.82653173487964926      -0.44080286406745611     
   7.6294992815557100E-002  0.85624931517955050      -0.51089743033784873     
  0.28730048710980655       0.60445704530967936      -0.74302766468145109     
  0.27548997321642343       0.23892638543731412      -0.93113879577595460     
   3.9498223037325975E-002 -0.32837083159926833      -0.94372267501194651     
 -0.15300139827504441      -0.21327283919412499      -0.96493796079745442     
  0.68359391515660284        8.9977819138092191E-002 -0.72429507193131548     
  0.94783639975746214      -0.31607463377704742        4.1267240972678892E-002
  0.91986247835471591      -0.36595444435376623      -0.14117494668968392     
  0.58561819683803806      -0.31582343685337388       0.74652989509213297     
  -6.8589436390183028E-002  0.29280362021577899       0.95370935258296219     
 -0.31484663986719863       0.26818069111876891       0.91046730324343383     
 -0.79600602790765407       0.23383438605666282       0.55829730738397421     
 -0.80769795339601091      -0.58297369438186619       -8.8123139632448250E-002
