 -0.94151604517909726      -0.33355612576110738        4.7831450297296421E-002
 -0.57798265319926900       0.61837161976908595       0.53249656568366011     
 -0.53407764375637823        4.9627735470347795E-002  0.84397758164048975     
 -0.81586015395058242       0.15093200927780878       0.55820402880226327     
 -0.54324093870853363       0.12726687828483890       0.82987494491803360     
 -0.39781735940822271      -0.14876125372801069       0.90532394088678492     
 -0.44245759853069094      -0.84083785400184796       0.31180599221312572     
  0.12408324621469360      -0.47340191713970076      -0.87206305555118868     
  0.34507059033461029      -0.92267419034352283      -0.17204251265325629     
  0.87146522723754849        2.1948174792512182E-002 -0.48996595324481496     
  0.31543380372155549       0.92122352103770855      -0.22770318345736823     
 -0.13479157252848464       0.88224913963264806       0.45107392697068416     
  0.16950548176018176       0.56193969146895117      -0.80962440353846865     
   1.2757800351512097E-002  0.80558130164656250      -0.59234787495831742     
  0.33494718320244571       0.30006919781580116      -0.89317907554249720     
  0.82508400435453499      -0.16760625311727273      -0.53957810340513268     
  0.55120495558207128      -0.46529566528902983      -0.69258432035745454     
  0.35004680504977009       0.14095010884863218      -0.92606711478703152     
  0.48202458397701820      -0.82895689361727309      -0.28369485184994991     
  0.80042902934953741      -0.58205881651848657      -0.14325118878266244     
  -8.5525722290318879E-002  0.32020563614939729       0.94347957127055149     
  0.13826084829508847       0.37972434251367715       0.91470944104195417     
 -0.33461487455486166      -0.18615243100930959       0.92378577503441595     
 -0.56112713513977819      -0.61924656027596936       0.54924496884015184     
 -0.82397642737693533      -0.53471710974308106      -0.18745788773795352     
