  0.60369774208742788       0.67528725934402334      -0.42371706782496288     
  0.42461982944290627       0.86420043688253778      -0.26991777513885851     
  0.47421430115434399       0.82591024665285817       0.30494763657801205     
  0.24783088626332725       0.94914779202819344      -0.19416055392881221     
  0.68375632641682860       0.68717833444732024      -0.24548568746705371     
  -3.3093335333855903E-003  0.93082619815112566      -0.36544717422233908     
 -0.77019421580850722       0.56195762777969349      -0.30166951207463394     
 -0.15582468070480476       0.75809060279766227      -0.63325927299418394     
  0.29115263803306107       0.70383285529815676      -0.64795791002906911     
  0.47417537903258583       -8.0314842547400400E-002 -0.87675950863728791     
  0.63169879944633256      -0.73366211845659390      -0.25039273695506620     
  0.82645058347809741      -0.56046656033571784        5.3447804577582907E-002
  0.17236196678754628      -0.91277342823916907       0.37031881008888506     
  0.32311457328589660      -0.94541407828002832        4.2298854833160059E-002
  -7.6316901115088598E-002 -0.97485066445407198       0.20938460453823932     
  0.25590915223267113      -0.90472152232295378      -0.34057227257836264     
  0.38494132244278101      -0.82789303408369641      -0.40793786584686764     
  0.33930913377056249      -0.86184930717326780       0.37694175075842451     
   1.7187686085934357E-002 -0.80646303600120306       0.59103464789361393     
   2.4062485109525251E-002 -0.68963042857202661       0.72376161047537690     
 -0.51857761703154015      -0.60343645706342119       0.60575712740390675     
 -0.83817175680157807      -0.27443208391496648       0.47133336124048419     
 -0.96773897489701510       0.23592008508713591        8.8447667678463820E-002
 -0.70012631477374454       0.45771157525632800      -0.54801757019069242     
 -0.56549507858899983       0.53785999551972630      -0.62523750792090649     
 -0.59324001581665231       0.61054877339893687      -0.52468702950894197     
 -0.59176988182089063       0.78569028393422147      -0.18027530252658563     
 -0.84863413931734621       0.22627966377137121       0.47813974039879115     
 -0.75038248339292846       0.30538256620635695       0.58623170920232170     
 -0.57788661313381240       0.39522078767932167       0.71403612748015810     
   5.1948934212879411E-002  0.60387719096203396       0.79538270440709036     
 -0.59387071036389405       0.63914685997805309       0.48868074522337862     
 -0.72470237907151747       0.38624848082997532       0.57062997890455636     
 -0.83583165248902047       0.28174630340611195       0.47117350224143539     
 -0.78756095336948151       0.41003921195209364       0.46001694467644844     
 -0.82678749311441069        7.6833412565276843E-004  0.56251386728885089     
 -0.81375118344544528      -0.51525880260962031       0.26891890557273818     
 -0.58563023886710308      -0.56958991075101451       0.57671878493344564     
 -0.75837471560176251      -0.39436633246471797       0.51898264571589181     
  0.19045355648520945      -0.32805692666078723       0.92526001518060375     
 -0.30968385065788256        5.0154944185212227E-002  0.94951587359847867     
 -0.49907174144007888       0.14684723190869767       0.85402768536899409     
 -0.16942330887847590       0.47995076247615254       0.86078046446654044     
 -0.90591096864117837       0.42255166680656281       -2.7846108787534133E-002
 -0.98683385902300436       0.14685323947234624        6.7772123636856377E-002
 -0.94648242144255257       0.11961964198690900       0.29977019056467097     
 -0.78905139317443196      -0.46099235189304116       0.40605904795437575     
 -0.73329189440136244      -0.67974997056758302       -1.4932351410354983E-002
  -4.4937823170457497E-002 -0.74330184921552900      -0.66744509362304660     
  0.12121416188118705      -0.65916089267645317      -0.74216847448907175     
  0.87472018320580980      -0.44068701322974058      -0.20164215199965982     
  0.92782748164164675       -1.9942510639787928E-002  0.37247612081838083     
  0.82891359813147003       -2.1252065737339954E-003  0.55937262207741822     
  0.63630290128767719       -4.6240311507575738E-003  0.77142545728593415     
  0.54895138030395807       0.28035035254836921       0.78743638593120158     
  0.57898340981695295       0.27252408315862831       0.76844572694192270     
  0.91809547732827435      -0.16798515758762009       0.35900094893975731     
  0.63487524045116384       0.22311111745655299       0.73969916745213471     
  0.61621647195488838       0.18147403511122071       0.76638399922750711     
  0.35722665330900411       0.46297347150548385       0.81119953331336614     
  0.55565784176004673       0.74828179168794295       0.36237925315731218     
  0.13396153271492969       0.99092766843039937       -1.0801096785154646E-002
 -0.20206484239042738       0.75610151817985449       0.62247915119773833     
 -0.36403938906519795      -0.39097050065886013       0.84535045444099666     
  0.23159497366586243        5.5274237047256355E-003  0.97279659526537499     
  0.59579820793794958      -0.10949952576257564       0.79563455761782154     
  0.28163162572986927       0.17851840374590816       0.94276975286268261     
  0.96336679544806236       0.13508549075255885       0.23168152195693295     
  0.92721599496669982       0.29067203121630436       0.23617846842274301     
  0.43760423227173445       -4.7761090919937271E-002  0.89789833171245714     
  0.71495195018749080      -0.50694499698415862       0.48150854504965207     
  0.65985457404368852      -0.55897146401662423       0.50213827132448297     
  0.39586823927286069        1.6970321534939790E-002  0.91815050254411068     
  0.37098190856590041      -0.92485170426689389       -8.3795874787580937E-002
  0.70567719138446383      -0.63999029797539986      -0.30402651209572779     
  0.87007066666538846        6.8291018406947540E-003 -0.49287969970013440     
  0.58990308033562910      -0.24794363491867999      -0.76846490467284356     
  0.66798464186460715       0.37752779778943524      -0.64130279909670651     
  0.48427571710039319       0.13293331879748488      -0.86475763227645330     
  0.68616674997527416      -0.24347787245813099      -0.68548794070473662     
   7.0618349756363469E-002 -0.22122943314511723      -0.97266159921525119     
 -0.22749519895849513      -0.27872762127944267      -0.93303635919868144     
 -0.25464605929050899      -0.75073427252624025      -0.60955183253133594     
 -0.20317920867100381      -0.72720777360751421      -0.65565773324854615     
  -8.8136888916774708E-002 -0.24708234010190638      -0.96497782669957433     
   7.5641095888707391E-002 -0.65967771355186233      -0.74773239789094159     
  0.18320307617468440      -0.27718367020252505      -0.94318918879150893     
  0.64480548052068254      -0.36458045039823667      -0.67179385787450296     
  0.52352218077570611      -0.59379628512896043      -0.61100777245702209     
 -0.17658241695852250       -9.6247867657265507E-002 -0.97956878165471972     
 -0.25101339876326173      -0.51392010756570394      -0.82029165342637889     
 -0.61310338115705565      -0.22327534604593588      -0.75779440738359949     
 -0.64616482742651160       -9.4103215495116424E-002 -0.75737414837736972     
 -0.53793583587868465       0.22789615705754898      -0.81159619151146067     
 -0.68175035986655386       0.41032927007423681      -0.60567841049699667     
 -0.71135346875779237       0.45781182927390063      -0.53327719945928620     
 -0.64380108897088451       0.70596483983248015      -0.29518435385401148     
 -0.45094583838901531       0.57433700946246169      -0.68321654722448544     
  0.17783089557293558       0.25230193230003783      -0.95116765479982479     
   7.3228300253284598E-002  0.28372831504451279      -0.95610452320027495     
