 -0.74681788975424945      -0.65470442188850109       0.11672685853154570     
 -0.94257092173328949       0.32479716104434347        7.7890061499498259E-002
 -0.62445279914139051       0.22315931627156133       0.74850425597033354     
 -0.94225800823444428       0.27333257519645138       0.19349198757187275     
 -0.98362723169077459      -0.16458416567948453        7.3413360391232779E-002
 -0.45790097359782872      -0.85763338436914860       0.23407621919733235     
 -0.79873324091854969      -0.29991610137932490       0.52160860996073000     
  0.53080041551442969      -0.80314260668182347       0.27057877267448832     
  0.80654534321627835      -0.54184666182110108      -0.23640390100305408     
  0.75277807600652347       -2.4436060846978712E-002 -0.65782068013571426     
  0.71202891516012923       0.70124773281119868       -3.5587093208370606E-002
  0.48765165838700086       0.85559958729147112       0.17362374923688836     
  0.24166240136292011       0.70758646444243478      -0.66401858340362707     
 -0.35321999086565992       0.30592088695062231      -0.88410861831577214     
  0.40383204777368259       0.34647722424984728      -0.84668365418676839     
  0.61852497918244242       0.35964373797628690      -0.69862953835477681     
  0.52353520914713780       0.52976312062788100      -0.66727949227131567     
  0.76604432194447103      -0.10488386245024522      -0.63417306172221377     
  0.74607756299980788      -0.50524626273352480      -0.43369860961508544     
  0.59773616512034744      -0.79083420616339173      -0.13150184511681517     
  0.36052946373347200      -0.17985647417502665       0.91524322148670756     
  0.12391458155577827       0.83161945532164605       0.54134486051720554     
 -0.38806692141887472       0.25382684714704085       0.88598871108375321     
 -0.82850698720088478      -0.10263343810233685       0.55049300589800687     
 -0.80210835728353236      -0.59036973131271064       -8.9920873692936318E-002
