 -0.72666509331069962      -0.58507920603083996      -0.36005578017032441     
 -0.98905927876905453      -0.11320604742514573        9.4584004499789265E-002
 -0.95318962510889560       0.28534620545185208       0.10003540182853263     
 -0.73579135221373870       0.46368196837451758       0.49356875732950178     
 -0.68210156344520301       0.66873730437230205      -0.29585110256086544     
 -0.94044077595344699       0.12206823819656520      -0.31728613607862177     
 -0.98935746595652485       -6.3953277337197481E-002  0.13069729482242692     
  0.21428652331813183      -0.97630311902297540       -3.0224256983999307E-002
  0.80893643737830623      -0.57655034447690812      -0.11494146582174032     
  0.55577569565882234       0.33032565607510062       0.76288815500931584     
  0.82900840996908531       -1.6209367297285213E-002  0.55900117407061900     
  0.91790123234657250       0.38367676667027056      -0.10123964823180492     
  0.37385956488006222       0.55055671942417428      -0.74640225377780167     
 -0.45013916649923091       0.89224914211071715        3.5583692698868893E-002
  0.30593105540713378       0.39756176596770132      -0.86507273195850010     
  0.13109054608822451      -0.63055578529618328      -0.76499324856877726     
  0.19841684750323105      -0.13098734122139002      -0.97132541975726383     
  0.95605989253374568      -0.13049501021092133      -0.26252720658703588     
  0.96365678061415105       0.25549011996827198        7.8041064670811247E-002
  0.74550629486879971       0.26988858750692390       0.60940997255090623     
  0.48769476645332382       -3.3961265733730372E-002  0.87235339582292060     
  0.33623693289514672      -0.69021120750652498       0.64074426567052178     
 -0.65792194381406433      -0.44919485430608097       0.60445239573752729     
 -0.96238145261751673      -0.17375632424029630      -0.20887958120484199     
 -0.39004923058243524      -0.88847313912513637      -0.24182034400603281     
