 -0.78174157486809970      -0.31330608454439868       0.53918402008052080     
 -0.95433833497385390       -6.1406256620880978E-002  0.29234844628823897     
 -0.99352119784180404       0.10637166259046110        4.0008734505507987E-002
 -0.99692313064018967        6.7785486196269062E-002  -3.9362411710614983E-002
 -0.79859356825719763      -0.15491223310624719      -0.58159308177821067     
 -0.93497287280780628      -0.18799152391454804      -0.30080710438724878     
 -0.65782641033157485        2.4823857830056632E-002 -0.75276038016934410     
  0.20139666442755411      -0.96445105434380396      -0.17109514117174435     
  0.82037014349736515      -0.33879460858753124       0.46066369604097984     
  0.26683009006568820       0.34305656925516137       0.90061861702189372     
  0.74541331602459626       0.35268463033249214       0.56566115282952589     
  0.39782391192659694       0.88067732950968214       0.25718393493204050     
  0.78917172310467443       0.60851098126967151        8.3200824071763116E-002
  0.22019042205020123       0.37289204017123934      -0.90136990432025588     
  0.37822977171510203       0.78181649816983678      -0.49568659753700872     
  0.66593544290819418       -4.9573992669346034E-002 -0.74436040002776283     
  0.42780498679753859       -9.7621974020922569E-002 -0.89858379879642303     
  0.67608560265597406      -0.70575554085451830      -0.21170114415003327     
  0.91919515535070295       -8.4790085711043267E-002 -0.38456586918874730     
  0.65468206820906982       0.49868537916850803       0.56807066652753746     
  0.48129109443638518       0.19427815694634223       0.85476013018258146     
  0.53048395846090046      -0.72458777541267172       0.43995377659269380     
 -0.71112174432856390      -0.56914964859635175       0.41276451185357810     
 -0.72548879153185120       -1.4388293908955907E-002  0.68808356350087108     
 -0.81465363049583062      -0.55933950520236919      -0.15322787031070456     
