 -0.95943531464209586      -0.27054970158101110       -7.9288939909910677E-002
 -0.96813526110635462      -0.16355024453162076      -0.18964554757804936     
 -0.89475049964768905       0.43121633625843070      -0.11607762370100350     
 -0.97510483216081578        5.1078964274131597E-002  0.21578115234025841     
 -0.83394417500207607       -2.2174696951705153E-002  0.55140311551097765     
 -0.98634403391446057       0.14859605960965172       -7.1025754694146459E-002
 -0.97128853406213878      -0.22988833287072977        6.1236737415780396E-002
  -8.4301878672579114E-002 -0.87695098032981966      -0.47312807077031416     
  0.52157134359929691      -0.78183314112103008      -0.34161421659651725     
  0.92921243413165566      -0.20596240236535879      -0.30682852062190041     
  0.79997221306938726       0.58534645187184819       0.13196207636242235     
   9.2034456182163771E-002  0.81371306511727648       0.57393440960854958     
  0.87492502746144407       0.46822779961501010      -0.12356748758988366     
  -8.5719213747942460E-002  0.46158793878862336      -0.88294325477877089     
  0.12614260937211447        2.8075549908001547E-002 -0.99161474656147608     
  0.79825048658387399       0.14395263406240050      -0.58487075479554540     
  0.55038158653836611       0.27748133621346383      -0.78745426359420878     
  0.39213264136997078      -0.62181704386082470      -0.67792002148953590     
  0.69168025693326263       -6.3115939920043246E-002 -0.71944061624065303     
  0.76164611342223720       0.31013231650493195       0.56895794586952686     
  0.61219702925453712       0.41844340683649284       0.67090976490655674     
  -4.2088624885820533E-002  0.36697092682654320       0.92927976762613884     
 -0.29814688345415280      -0.20919092062454475       0.93131498141863944     
 -0.29724595794066555      -0.49359379614163190       0.81731879025166210     
 -0.37564504338825283      -0.84646826527806485       0.37733576196141611     
