 -0.94781706920969022      -0.30316545809922596        9.8658544131932993E-002
 -0.81080581473391122      -0.58116932756006479       -6.9542386334250417E-002
 -0.91543160004129331      -0.34692301354370714      -0.20403286088174949     
 -0.92711006035903543       -2.9619566971987865E-003  0.37477748437381775     
 -0.94679102707493068       -8.8754092532322498E-002  0.30936945891468903     
 -0.78274688477295107       0.51660828610845688       0.34702045055350861     
 -0.95136418805195588       -4.5684993005499233E-002  0.30466221148399414     
 -0.43735681845612856      -0.85323936242834142       0.28408027695144372     
  0.60109783644913339      -0.79843317910968514       -3.4436165770495464E-002
  0.86767260262594703      -0.48884402244297831        9.0419999856721445E-002
  0.67512800730581801       0.72012180729514430      -0.16008359194253244     
  0.24819715874866108       0.95725813821714489      -0.14850935056806716     
  0.77314907720707216       0.48986540844131488      -0.40283046809603762     
  0.14942405356313934       0.23009120631623745      -0.96162908077528686     
  0.24205882034738152       0.59355220590075741      -0.76753065499848228     
  0.48876094441263773       0.35827650392873972      -0.79545627532220242     
   5.8071710389094013E-002 -0.49235980007044056      -0.86845236123064173     
  0.79438295939921200      -0.38995774885090939      -0.46571307467931194     
  0.49459464512705592      -0.56740469987659992      -0.65835252226263441     
  0.98623206238139405      -0.14427218882070059        8.0819890273447909E-002
  0.57678978486114751       0.50316300204258457       0.64353751829657235     
 -0.48157310032283401       0.70119016968049386       0.52575630760733549     
 -0.22742954220019021      -0.14226151576553347       0.96334701144845603     
 -0.13644599869052546       -2.8956827617608802E-003  0.99064327810907815     
 -0.51885795961842818      -0.19522334016914314       0.83227054807546097     
