 -0.87229782836723946      -0.48897490306964403        2.0686668021903387E-004
 -0.52682892273341808      -0.84121268045979014       0.12170666540992389     
 -0.34149191293932135      -0.77363491962062636       0.53373428271063006     
 -0.86809594039552940      -0.18879036397531471       0.45909436583218266     
 -0.85642265847984234       0.12856359868547768       0.50001163100009038     
 -0.69652920241735827       0.62023381471097072       0.36077289985385386     
 -0.12644578197075679       0.27728559357673155       0.95243066089694928     
   1.2617418747564016E-002 -0.74526459523009014       0.66664944599142928     
  -3.8899636117623183E-002 -0.99915191141739035        1.3500971109224406E-002
   1.8623229535588856E-002 -0.36965082474847899      -0.92898409194368814     
  0.43511711877054488       0.64561116941604935      -0.62758211484875148     
  0.71859539641029568       0.62043603291688332      -0.31413338777707661     
  0.56605178211146567       0.74391988245553620      -0.35520217968893708     
  0.47628749926225272       0.12928791693654726      -0.86973263281352364     
  0.15239663886210894      -0.22512034515898496      -0.96233886685462944     
  0.66974922833810424       -5.7606514931892908E-002 -0.74034955296665372     
  0.58085879186283540        4.1380614860760029E-002 -0.81295184889966776     
  0.56787808639077841       0.29042010070672658      -0.77017572287278724     
  0.18705501530243529       0.24459816295922010      -0.95141061583690700     
  0.96490550151989496       0.25796965824909623       -4.9081855705242511E-002
  0.20076620374116078       0.45104218718128858       0.86962858555711531     
  0.26991980212842731       0.38043822811195183       0.88453945927244781     
 -0.13793338198576338        3.4152044517918867E-003  0.99043562057939538     
 -0.40783365273190852       0.10204607876190080       0.90733583060996881     
 -0.97592839301714085        8.1343285679082195E-002  0.20235375355535187     
