 -0.71593778961056009      -0.66909711095523949       0.19935430148077959     
 -0.12197606413325884      -0.94971286525831433       0.28838743617120510     
 -0.60471320650657079      -0.66880721571950508       0.43245675630988101     
 -0.65085851230071490      -0.74419622163059906       0.15018382295183216     
 -0.61726626790678341       0.43994778045145627       0.65224865272400612     
 -0.28398599367860927       0.59343542306976882       0.75311775575962925     
  -1.3229473538326656E-002  0.88823876281684366       0.45919155181634308     
 -0.47756146648472192      -0.30656133119721024       0.82338034707148455     
 -0.61990316830679182      -0.76644030099913540       0.16819431300600587     
 -0.50235035352103363      -0.58462685817218529      -0.63706793909364123     
  0.94216104091130681       0.27521142377554420      -0.19128838232451612     
  0.84179668564374177        9.0132860193268383E-002 -0.53221650439703605     
  0.78446029537165340       0.12156869548842744      -0.60814726609815017     
  0.32856289566744967       -7.8791868560366268E-002 -0.94118981350172248     
  0.15719815152645497       0.13955028762974636      -0.97765763863386068     
  0.38343707872519706      -0.33990609215721634      -0.85874318347984913     
  -8.5018625729039995E-002   5.2894873411323304E-002 -0.99497435426544345     
  0.60240534435533433       0.22394121749741180      -0.76613192871585956     
  0.18157026506439611       0.26657584003852075      -0.94655668628570810     
  0.74440302632904520       0.19197771750738638      -0.63953787250857719     
  0.94731801581828723      -0.31119894408000520       -7.5787822963731238E-002
  0.74898885104058277        6.2983347385945188E-002  0.65958229127909063     
  0.14194698460686084       0.51362268532114808       0.84619311666101404     
 -0.35334683210171003       0.22155704625038114       0.90887759984527361     
 -0.86173434655477898       0.25132616489937204       0.44073696782186456     
