 -0.66445973257901614      -0.60713446330682408       0.43575337892682864     
   2.9756184174402421E-002 -0.85917027831240111       0.51082384671035652     
 -0.69443401831452256      -0.56564584013358132       0.44475406434019032     
 -0.59017987639628988      -0.63442505871143851       0.49919190535888525     
 -0.76751512404820055       0.21636448775439482       0.60341274663041888     
 -0.44253447853293187       0.69673791529257234       0.56455248888246856     
 -0.36150706401559879       0.82240101471720695       0.43928261251605583     
  0.22122541099848178       0.61013689155095274       0.76078399766102900     
   5.3978509858955706E-002 -0.10389064933594329       0.99312287933264742     
  0.63514312192493061      -0.76555697241823517       0.10254626591587224     
 -0.11807584819358595      -0.76133781957332292      -0.63751299481710211     
   4.5181111030967905E-002 -0.16761730347216502      -0.98481628072586758     
  0.10617744176770223       0.14686861248964503      -0.98344087851025819     
 -0.12144301460803673      -0.15670421320374395      -0.98015069441751190     
  0.27357018751429396       0.16577905719060895      -0.94745799732779934     
  0.38437254141158628      -0.39872894971290401      -0.83263015443212074     
  0.47450804167287619       0.29806940026677631      -0.82824920827753701     
  0.30974672269257714       0.66651402816460625      -0.67809735144813421     
  0.41232818408090510       0.41902535392019780      -0.80895192773401292     
  0.51964930508278406       0.40322149665319534      -0.75324433244713274     
  0.59129753120615236       0.72691870484548593      -0.34922260255496634     
  0.47729656487254735       0.13586027978557208       0.86817623414687972     
 -0.15814231918413599      -0.35144800343747817       0.92275419682754123     
 -0.48482145452816117      -0.26318938958892824       0.83407403894199794     
 -0.65599847520239363      -0.28481168051001471       0.69896230740807552     
