 -0.89960562924204102      -0.29600193459181845       0.32108031168840534     
 -0.24039512986329847      -0.80184030887661806       0.54704871867014926     
 -0.67712607011951476      -0.63740506635414262       0.36771601345409122     
 -0.92595352730330482       -9.8393243840000491E-002  0.36459406857654331     
 -0.74811704273689028       0.47621336286983118       0.46210574914280050     
 -0.11768315773293590       0.97403471292776289       0.19340902873904056     
 -0.50562374376530950       0.37917659012303101       0.77496434965966554     
  0.49583866541103927       -6.4265181427211715E-002  0.86603348915589329     
  0.40555529024014736        4.4268360855224204E-002  0.91299792923392142     
  0.57916892244139151      -0.74936865771125594       0.32095166944280090     
  0.46496563325490337      -0.49956932204118143      -0.73091548921003646     
  0.34160048018374767      -0.51114126966873508      -0.78869747963314041     
  -3.8885708227674134E-002  0.22052723321801543      -0.97460537711672524     
 -0.41594532059998912      -0.10818755267607844      -0.90293130620050643     
  -1.2703416600285422E-002  -3.5459737196481933E-002 -0.99929036333022436     
  0.63784756439497747       0.29041412055231897      -0.71330927596606564     
  0.40066013102217246       -7.7719868081267199E-002 -0.91292446648927095     
  0.18737304128028653       0.18917655869920175      -0.96390018831831736     
  0.49473138749521828       0.13858248034289328      -0.85792525919747531     
  0.82727281997471880       0.55677507431931861        7.4974648700689844E-002
  0.97056512142996831       0.23625183563672486        4.6780500445229641E-002
  0.78946051953615815       0.12221174805743211       0.60151174280345676     
  -1.3496155855148882E-002 -0.11383059070531958       0.99340850127064162     
 -0.49265796809074741       0.63106651796408486       0.59920211646938726     
 -0.84169425997135305      -0.25406489909182628       0.47644705873870136     
