 -0.18453010216212096       0.82983810175592365      -0.52660931084644058     
  -3.6179422271763698E-002  0.94864879572106287      -0.31425548806832165     
 -0.45904538268426975       0.88722567439292521       -4.5912300468079564E-002
 -0.44522563010613936       0.65818189248653625      -0.60710026741835277     
  -9.1307725758801694E-002  0.99037565060828003       0.10401427738046126     
  -1.0914583846494158E-002  0.92844668011957343      -0.37130531107756104     
  -8.1004863985868855E-002  0.54924490020249150      -0.83172606765220047     
   2.5753162464377186E-002  0.80948543117462202      -0.58657489831999954     
   7.8583659727083907E-002  0.86047337772236021      -0.50339862400981294     
  -9.7803314053299284E-002 -0.13327623589702611      -0.98624132782261764     
  0.18819747988144572      -0.54317033073539578      -0.81825894457382731     
  0.46938202971929760      -0.78502235039858725      -0.40425291532810143     
 -0.21407133682428597      -0.97660852955251587        2.0229749270281386E-002
 -0.29477586624742108      -0.91410550546022595      -0.27842110833301381     
 -0.12757783748204632      -0.95591227779810839      -0.26449123338632929     
 -0.54038785007059875      -0.71042821952007995      -0.45085775628860980     
 -0.28526346439425343      -0.82811584003028205      -0.48254420665129555     
  0.64932317747828405      -0.75904730046054636        4.7186935194567334E-002
  0.30888217244409577      -0.80227451448334097       0.51083011555381741     
  0.24322720858472630      -0.87580106816528913       0.41690887973826024     
  -5.4558308861853921E-002 -0.56300226579100787       0.82465255692826012     
 -0.46266319226678987      -0.37932235584715623       0.80128479386300089     
 -0.44369533905090242       0.38208500259828398       0.81064511155867502     
 -0.74637715419629236       0.31620735812685041       0.58560571236992209     
 -0.64312496542386866       0.61808507607666219      -0.45206317874812446     
 -0.50074299267414646       0.82618426520207944      -0.25821699250871283     
 -0.34458117792911841       0.93875623726865265       -7.3403418417719579E-004
 -0.65164413514913211       0.32159839767048604       0.68697481157718931     
 -0.67897549989833283       0.38281579991335990       0.62645377632710753     
 -0.36294793898947569       0.48593662117203790       0.79506879814716813     
 -0.15984547674218724       0.93633179146610024       0.31262149614978468     
 -0.12257460968071013       0.80941126586895651       0.57430729382973034     
 -0.65735461936952444       0.33972077340332085       0.67266239712934006     
 -0.44318249692058909       0.12428199325998535       0.88777432975647153     
 -0.80679011613105800       -3.1888866023127536E-002  0.58997695610675227     
 -0.75727877388577913      -0.53035001490200506       0.38112690841174218     
 -0.39882294041216987      -0.88137580907347268       0.25321324092762787     
 -0.42783796099948712      -0.78514763117056885       0.44776989223823743     
 -0.59717651268707628      -0.58654611692460723       0.54712326345674545     
 -0.44002717255574281       -1.2295826861444648E-002  0.89790027288913687     
 -0.95553511458310880      -0.14716323158284023       0.25553009229587209     
 -0.83647210980571229        4.0970853367791188E-003  0.54799418191156213     
 -0.88691850606992961       -5.2631666652859510E-003  0.46189594354934782     
 -0.33586933318566298      -0.91156814557105004       0.23713984693758894     
 -0.22105740922882830      -0.85568689625904026       0.46790336330872156     
 -0.50092767318393427      -0.78109944004407073       0.37276685877553839     
  -3.2220468241141581E-002 -0.98273952915881835       0.18216711902818744     
 -0.20731781149130971      -0.97659177657822738        5.7339575846435689E-002
  0.42452866040957787      -0.90266774397232885       -7.0472409372446546E-002
  0.42395014532716541      -0.90435519240510798        4.9070971531143426E-002
  0.91702860997758950      -0.24188616728456910       0.31709558583960662     
  0.74062669347648380       0.43917017036814621       0.50852891989434812     
  0.76541863759134177       0.37055656126287495       0.52613890193831492     
  0.57430240489174367       0.63245524776309070       0.51978563592360005     
  0.31145065246988285       0.79501106448595971       0.52053424327415343     
  -2.2250196408035036E-002  0.61315535982787328       0.78964893052176899     
  0.44532274043517744       0.85902762686831069       0.25250582790961285     
  0.35714336767871535       0.49762152645056046       0.79045647023484866     
  0.38101679220439660       0.46880281205364893       0.79690032467610883     
   2.7170984255443096E-002  0.10131555026632964       0.99448323107472958     
 -0.41448777934952608       -7.5000387962501178E-002  0.90695910744386588     
 -0.52835654196073267      -0.75956157173627714       0.37934889390745974     
  0.19333406876758177      -0.65400314036460239       0.73136983137603739     
  0.87402766878882532       -2.6229065460988694E-002  0.48516767237379999     
  0.74187139126634338       0.51987754008635212       0.42350228114416205     
  0.74634705154215808       0.18761392735514748       0.63856643578934669     
  0.92049898352981541       -7.3737173041672432E-002  0.38372444622723223     
  0.58976992401907491       0.64467726366299982       0.48637707844688743     
  0.46429728652048990       0.41499092761346690       0.78243885366732346     
  0.54834958047442239      -0.36266523559579672       0.75351620054500457     
  0.72611133452643539       0.63079427288572143       0.27360722791404662     
  0.63427981768562791       0.59814595593000441       0.48980662335381997     
  0.85883792199661380      -0.21425901489531379       0.46528539443724637     
  0.69811700480566130       0.37691662368770562      -0.60874174030455941     
  0.88383195239750467       0.12458654286662244      -0.45090938475236447     
  0.91958633424892777       0.29860184116132471      -0.25533882258223523     
  0.54378769109943237       -7.6272065892107388E-002 -0.83574967482691376     
  0.87670376093376945        4.5657120453202575E-002 -0.47885900108122120     
  0.28142495518650668      -0.67697878736068440      -0.68007331668131443     
 -0.36898069585869808      -0.63406204657455878      -0.67957234138633404     
 -0.23159392268071535      -0.27644066205884948      -0.93270832275573679     
  -9.6540426136449642E-002 -0.12049190283083126      -0.98800893086732555     
 -0.28030256635897544       0.35196945679071823      -0.89305541417037571     
 -0.41637818080018546       0.29431608438859630      -0.86023674242832227     
 -0.51178065156480546      -0.14935216635540347      -0.84603457085916334     
 -0.16632929349047931      -0.72652998781008737      -0.66669988971022598     
  0.31004200595858900      -0.63702003152474551      -0.70574742930979317     
  0.72888511277016144      -0.59399894568058187      -0.34042876628214491     
   6.5516713312593677E-002 -0.81547642746550486      -0.57507021877750641     
 -0.27368113009015144      -0.38250559394868228      -0.88248972211042775     
   4.6146446203354820E-003 -0.41845294407870931      -0.90822675508206485     
  0.21638945929464398       -2.8943609417438836E-002 -0.97587799922944662     
 -0.16221114096914502       0.34487021875551044      -0.92452802984063787     
  0.21402063980227734       0.38669156511339814      -0.89703110269866282     
  0.11738746716336430       0.72414780202135631      -0.67958085860374784     
 -0.49151296310388015       0.38524122774250902      -0.78102765863206358     
 -0.29142357461668633       0.60206486779647095      -0.74336410669526842     
 -0.24449159395906161       0.49156591246267334      -0.83581505979977344     
  0.39969218463566925       0.60630114342507857      -0.68749187705936654     
  0.51970933910837691       0.40108751608596127      -0.75434143945797749     
