 -0.84628195566408737      -0.30627192033842870       0.43589489826054084     
 -0.55953760741671510      -0.41165779033066296       0.71934381873096709     
  -5.5023760851711928E-002 -0.72877451581804431       0.68253944269610078     
 -0.57078863897810461      -0.28050975129194800       0.77169593043091689     
 -0.90011607529023063      -0.33620532372811901       0.27705059339585186     
 -0.40326820682420828       0.90271337338524016      -0.14994438594449305     
 -0.24011298223441779       0.95441388580030140       0.17731297288711700     
 -0.36055217011781132       0.91540150196368442       0.17900341568241301     
  0.25017001523430021       0.85993698619726877       0.44488576426722887     
  0.96224895839734204      -0.22745205830807042       0.14947408884040431     
  0.36952551652806753      -0.66085562652367158      -0.65323864974956813     
  0.12536906429921249      -0.30834507084599810      -0.94297715507944413     
 -0.21575802725800550      -0.31460253874299920      -0.92437747500152290     
 -0.46991826784811419      -0.72251006962520636      -0.50710553224435784     
 -0.26392912173579175      -0.24607620685603165      -0.93262421109422966     
  0.33611591772503768       0.34856865379801005      -0.87494341727983194     
  0.49646849833492024       0.66951747075533130      -0.55250826827699551     
   8.8576089585198442E-002  0.82142785295234189      -0.56339201161170516     
  0.97987589283944188        1.5653338065184975E-002 -0.19899298389518466     
  0.95373302479306210       0.11691779398831055      -0.27699015662651916     
  0.94930716764333611      -0.12300388190381384      -0.28928523380493976     
  0.68742901359666009       0.13490720932174041       0.71361151625975494     
 -0.27947089277088039       0.25575797787356880       0.92546414130847920     
 -0.26394056818077744       -7.3108197531999070E-002  0.96176429956722853     
 -0.96969414974661805      -0.19073827865305781       0.15268321781936336     
