 -0.16295333481969909      -0.31685525578931928       0.93437088864637230     
 -0.40342036526639130      -0.85872473234187030       0.31598076358017496     
 -0.81300083248375588      -0.40973887832378009       0.41369517518419835     
 -0.97159178167883942      -0.19732668318168797      -0.13065829433540740     
 -0.81660297074623056       0.28169892268806507       0.50379093394465169     
 -0.10514470306423339       0.57314498385260593       0.81268039160679562     
  0.35381438602881660       0.78249272815485826       0.51236755422628033     
  -1.7198545377334236E-002  0.99654932562935528        8.1201303096580912E-002
  0.68752417264697940       0.65693431814222403       0.30943143614233187     
  0.82218750514569572      -0.44714572639562417      -0.35223345347715235     
  0.42491475774360665      -0.83271792930850985      -0.35500464625101685     
  0.16163009900603423      -0.51251398502590906      -0.84332978498815536     
  0.42243368819845906      -0.23678516129280699      -0.87491860562374058     
  0.29154720286252900      -0.60343687386027356      -0.74220224182415839     
 -0.40830419911679355      -0.20720136974691669      -0.88901927614569320     
 -0.73830524541520071        5.3531160869408151E-002 -0.67233903605873491     
 -0.43052015744943972      -0.11520031440946150      -0.89519901786678746     
  0.34455933275578776       0.64906853104777018      -0.67822482129037331     
  0.95615988459623247       0.23885311492241090      -0.16943277304218299     
  0.89877516302378513       0.36579788534188129       0.24165080883575346     
  0.94448774602485341      -0.27079906659783409       0.18603968162364720     
  0.23726720924610162       0.37713683420140004       0.89524973035746336     
  -7.6593044905598415E-002  0.70474962449105150       0.70530948685791661     
 -0.65449027713250896       0.32216203721650088       0.68399861031696219     
 -0.88003852784907599       -4.0353183545655244E-002  0.47318475258505815     
