 -0.48392488839983894       0.25154548568182999       0.83817752953672309     
 -0.38990664302199007      -0.30484803974958641       0.86893065453357976     
 -0.55177046516114470      -0.61255668130070406      -0.56597143564823149     
 -0.38467372228961466      -0.88745672043744428      -0.25386353958427454     
 -0.76048160056358305      -0.40330820328443384       0.50893047498430133     
 -0.89563828449093097       0.15870783549879300       0.41550437579581639     
   4.6208739250224673E-002  0.58456028886650580       0.81003334566992391     
  0.89373408078382177       0.12689694819683117       0.43027497880289067     
  0.53113586541785129       0.79371263745748111      -0.29650453893174167     
  0.18280146249529339      -0.17089627290848800      -0.96818288004673214     
  -5.0592131780445415E-002  -2.9859922626939813E-002 -0.99827291920726413     
  0.24819947076392213      -0.64931078282866972      -0.71888283469209258     
  0.30160179955659450      -0.31057093365538457      -0.90143333068655329     
 -0.27675760016960999      -0.77152492783483517      -0.57284772538419360     
 -0.15825698082689335      -0.24511404606175341      -0.95649037237329848     
 -0.29295597101526599       0.11060248023038406      -0.94970726564210661     
 -0.16558786098666584      -0.22360114972866840      -0.96051193961026182     
  0.60844384177715183       0.27335528078628629      -0.74503220190116082     
  0.16647665222145416       0.94374272713959129       0.28571872398609421     
  0.59804732581990638       0.79161001500393247       0.12527162577825487     
  0.37862295163209064       0.78719775078544019       0.48678985369021588     
  0.29449439706231556       0.28241047713191025       0.91297172601621490     
  0.53785630311441346       0.26436737607608574       0.80051264054149074     
 -0.25180652573022044       -9.3136415228570121E-003  0.96773277803393076     
 -0.37671328298328899       -3.1874616282220242E-002  0.92578135175690068     
