  -9.2854264487680596E-002  0.15963525864156836       0.98279940464210580     
 -0.86082154223522778       -6.5361217018337942E-002  0.50469216729967148     
 -0.99134305951601398      -0.12272311568848983       -4.6668782126140257E-002
 -0.76391320753222558       0.27096550546016174      -0.58567423215345260     
 -0.56981377083624807      -0.81751189186410789        8.3585723817879015E-002
 -0.28421509057001798      -0.36280135248723300       0.88746659707605491     
  0.41424377296212916       0.13687711848393039       0.89981484261910039     
  0.95013587319715309       0.29828010276159028        9.0943953951983542E-002
  0.45669064301550327       0.76843700197654108      -0.44826134182572319     
 -0.30539709874704257        1.6754207684240859E-002 -0.95207767991996273     
  0.53225091183052309        8.7519077572813520E-002 -0.84205069794897114     
  0.18594350255365472      -0.61491606079300887      -0.76635713087104262     
 -0.45351258355958474      -0.45229965843786618      -0.76795270396692150     
 -0.40159884047944783      -0.43754670923170136      -0.80453169519050249     
 -0.20206690876410105      -0.17135288155901365      -0.96426508511091580     
 -0.11173867966528281      -0.27759318377640108      -0.95417843812756242     
 -0.49904468127501184       -6.0130950857077231E-002 -0.86448752150631580     
   7.5794584775160961E-002  0.43983071821217451      -0.89487659497592464     
  0.59734384557248021       0.78886535041718631      -0.14447072045167902     
  0.62645862838986510       0.44655328688113727       0.63885816022927788     
  0.73320721889431062       0.22277681092228832       0.64247775578346655     
  0.56417930900128754       0.21625072861896871       0.79682954869067835     
  -1.5198849497452977E-002 -0.36266329025136279       0.93179629365971095     
  0.20368293267832988      -0.71451510389262562       0.66931414839735248     
  -6.2435406358750348E-002 -0.41332329850404181       0.90844134150014288     
