 -0.42053589839118338       0.61919809979352314       0.66313141335364123     
 -0.40817945731558614       0.72299504034783024       0.55737572808473279     
 -0.98421213396173390        1.0618705400512452E-002  0.17667404579650786     
 -0.93700780158950536      -0.31631203611857578      -0.14819944523148221     
 -0.50480686227464655      -0.64188553959276518       0.57719406256661154     
  0.32674311598718836      -0.63493710323537056       0.70006700471462335     
  0.93108368847345546      -0.23618211413907078       0.27803088680840055     
  0.99287035887913599        9.4717070484771876E-002   7.2367997194910549E-002
  0.81096246123383819       0.55541430963097438      -0.18399682368647857     
  0.43436769138637260       0.77406135797333109      -0.46060147934214590     
  -9.0856485957433758E-002  0.53317791140329429      -0.84111022687342307     
 -0.61071638303851672      -0.14208818492673167      -0.77899707778180338     
  0.19236909627118137      -0.96793417523185232      -0.16154740238719043     
 -0.12051807125407402      -0.64193116647460036      -0.75723165016380023     
 -0.45212501077792333      -0.30503381484045139      -0.83817500942998791     
 -0.41492941411685652       0.31730857529280898      -0.85273023245707891     
 -0.44577879164176248       0.48670924592350023      -0.75126252325999543     
  0.48334593979834523       0.41975295429905696      -0.76823444327734469     
  0.58734900704129300       0.79637305353788612      -0.14426054043405950     
  0.97697846500272600      -0.20900837777143375       -4.2761863175803674E-002
  0.68031408068320609      -0.53463130963297323       0.50134031793212963     
  0.14170401043807199      -0.56755485611953072       0.81104960311987051     
  0.49006764960014493      -0.16142022056304486       0.85660796821459451     
 -0.32062632079694137      -0.16751584197620964       0.93227528396886472     
  -1.6203121134155864E-002  0.24690607242490858       0.96890394274419189     
