 -0.25256747490233328       0.66134275320036295       0.70628282820043764     
 -0.87713613351456854       0.31813644660133317       0.35975186535580844     
 -0.91160457356488178      -0.12910750037945076      -0.39026703012343117     
 -0.90519126956090035      -0.33185461978883901      -0.26552076535654856     
 -0.39370013192916176        6.4426931495741496E-002 -0.91697839484745891     
  0.74909269758279207      -0.49309218711092584      -0.44240278642696784     
  0.62145121027859296      -0.57987676884123807       0.52682191127697098     
   7.0517014726699370E-002   2.0296487626322319E-003  0.99750851182330313     
  0.77906245976304800       0.50985331345208451       0.36484418941500257     
  0.46601080816922724       0.78763280432258687       0.40307380493455203     
  0.64941835673858239       0.35546647826672950      -0.67223461734693646     
 -0.43124745466576647      -0.20155960946469956      -0.87943126887594081     
 -0.51189082680820885      -0.77630402363990814      -0.36785845689626778     
 -0.63195290537126836      -0.53301676126483166      -0.56260879623730953     
 -0.46156929011747350      -0.54586417797104747      -0.69927540327717885     
 -0.12323836193860235       0.15450652379102547      -0.98027549201881037     
 -0.69448929452306740      -0.17348708511610056      -0.69827419477649277     
  0.10254482360530601       0.67801159654265719      -0.72786319738355809     
  0.32191072524452102       0.64800004925475363      -0.69026764456865486     
  0.81450185491129767       0.22642286905222686       0.53415298624664520     
  0.81273789810424124      -0.45137181280397193       0.36840276273550226     
  0.76121930866823251      -0.55589391647800834       0.33395676027502358     
  0.80539689567087380      -0.38507139023907377       0.45061720435756702     
  0.22258112225251828      -0.18980711802109210       0.95625880490866122     
 -0.49261766498724330       0.30677711803288771       0.81438052284787155     
