  -5.4134958750161888E-002  0.59462964035426757       0.80217516606614958     
 -0.62655478601585446      -0.16856732420213549       0.76092979789987714     
 -0.56295510370986723      -0.79162007314736871       0.23752728474256607     
 -0.23296454734769517      -0.96699908849300464       0.10315174517564324     
 -0.53237812308373433      -0.83114040795313837      -0.16055888741938812     
  0.54128823285195005      -0.12327518012935584      -0.83175133239456289     
  0.34133938478768155       0.82566576422302951      -0.44918088804263778     
  0.95445323553627470       0.29831983661212169       -4.9291234574703885E-003
  0.76082840595947188       -9.1853248679025626E-002  0.64241973614785897     
  0.77994524061539894      -0.43173726999557960       0.45308757579320724     
  0.69632808295414217       0.13750284351207964      -0.70442896655055143     
 -0.39741327277303917       0.52388246708607378      -0.75339886600899553     
 -0.52899801969625582       0.24305902806518115      -0.81307035613989531     
 -0.74284204776213048      -0.16215344524837649      -0.64953210257129146     
 -0.42861870826116821       -4.1599736684788835E-002 -0.90252726542542927     
 -0.14678109463290978      -0.15431810727773215      -0.97705743537655132     
 -0.87667825590801041      -0.14575593000946702      -0.45846531437520588     
 -0.60586604264111033       0.71836833389881072      -0.34186733571054789     
 -0.35596949168672570       0.60917713775523219       0.70865290221985189     
  0.86457003803204180        3.2283502646901628E-002  0.50147425137699797     
  0.93046015038927665      -0.18752846413919186       0.31476496576836399     
  0.46177937526389068      -0.86233235856048440       0.20770823758434703     
  0.31252086895787085      -0.67987549145067816       0.66340034865115760     
 -0.35305145318381570       0.51890878681040631       0.77851675792866037     
 -0.14605117305713389       0.90966353025726743       0.38882041686174501     
