 -0.89658906944892547       0.40249442169965316      -0.18473299934060949     
 -0.74396502513664964        4.1766235379539940E-002 -0.66691200540673590     
  0.17900130417250512       0.33794017959880795      -0.92398861904096730     
  0.83862610752264077       -6.9630946420349865E-002 -0.54023863531037264     
  0.66365544746921989      -0.26625720746812831      -0.69904831486507901     
  0.93270687112645556      -0.11333608711607654      -0.34236358438174574     
  0.86559116302802175      -0.49475635850832511       -7.7253376647353475E-002
  0.99132714130550870        2.6325331084536368E-002 -0.12875354695804336     
  0.93592897991243207        8.5900175615262420E-002  0.34155249141132371     
 -0.47788687372110872       0.87743805494087224        4.1552324443075078E-002
 -0.94634246631831009       0.32314160691036525       -3.9291635189334772E-003
 -0.97258900483218058        2.0075490071908356E-003  0.23252225146536731     
 -0.83137541000447268      -0.49412632203341483       0.25427171591358227     
 -0.92720037206175410       0.14225442373482750       0.34650129722182399     
 -0.39115391496758461      -0.48898460978090913       0.77967471820171541     
 -0.74865862823334584      -0.51038450983548855       0.42310508209156744     
 -0.39185146763727030       -2.7550312165073934E-002  0.91961590221684553     
 -0.21468185811159812       0.18858931028341933       0.95830359064575488     
  -6.9386073722921021E-002  0.27875905743202184       0.95785122053107730     
   7.9741206375329041E-002 -0.66491656513590425       0.74264884125248964     
  0.43453847935899181      -0.78814045088309659       0.43590244279903934     
  0.89350388131388059      -0.12630414827886430      -0.43092699637478105     
  0.14342664140190262       0.43245751561270251      -0.89017374468485844     
  0.49005153038534510       0.59415155936175712      -0.63783494892878934     
  -8.1360186749903946E-002  0.35992139294616643      -0.92942837858098970     
