  0.12947431859670042       -9.0365408530519234E-002 -0.98745657816687604     
 -0.30470147854596308      -0.25519125805241544      -0.91762434077650690     
  0.74038637151448328       0.39352469038490340      -0.54494617984994531     
   5.9573712286606191E-002  0.28027612161411636      -0.95806903115450004     
  0.59318731545600822      -0.35736364116543090      -0.72140143939077206     
  0.87731319114627615       -3.7874540168549020E-002 -0.47842145002890263     
  0.92577039027441821      -0.17264242347973660      -0.33636851533137702     
  0.98938261695410989       0.14086550162469466        3.5762378570268039E-002
  0.61603510447934073       0.58864444760038892      -0.52344862628371247     
 -0.95059375021827974       0.21756700886432020      -0.22144100500982561     
 -0.46642488716741548      -0.23890876229129801       0.85168681328954576     
 -0.76212422583673467      -0.35922281896716007       0.53863311328402663     
 -0.66353738797504991      -0.58084513852902231       0.47152630871083534     
 -0.46246243588172514      -0.31005847466552694       0.83065771391495902     
 -0.74855003267244002      -0.20872881387393175       0.62936883529839671     
 -0.59723787652789628      -0.67190962449559999       0.43800042848219956     
 -0.58206426969132319      -0.73200598943513306       0.35407402810680089     
 -0.41999347576421542      -0.28715305840639849       0.86089987882640329     
 -0.43555864143367995      -0.19852784719767655       0.87799508185379360     
 -0.11527389435473077      -0.51307446108876364       0.85056835507721407     
  0.79956822881004652       -2.5477458568514029E-002  0.60003462115319717     
  0.21007393038814548       0.94431009575091696       0.25327334410509361     
  0.18643816992590220       0.97352019913998211      -0.13228465769366424     
   4.3872857920415731E-002  0.59616321754508905      -0.80166363918054628     
  0.10780982227099632      -0.10851549509100522      -0.98823146557222308     
