 -0.61319090163947942       0.73297486471334827       0.29452464386700822     
 -0.85370961087717878      -0.38084468849132447       0.35515802615718789     
 -0.77977109823612800       0.57071318587582198       0.25737811449906633     
 -0.80647253625392579        7.8776806006778638E-002 -0.58600022449101641     
  0.15188652088609175        8.0024310306963664E-003 -0.98836554263629228     
  0.94790883798522430      -0.31760027550683478       -2.4472430764485721E-002
  0.65254200083381153      -0.28973410708903602       0.70017361014046409     
  0.67361761736659476        3.6814866723298312E-002  0.73816256418319437     
  0.90955821200570330       -2.7843662167598718E-002  0.41464272506592198     
  0.77301581691246701      -0.63333697622843199       -3.6480424133910644E-002
  0.43818280565002549      -0.70205872725635621      -0.56134603616292411     
  -3.6991915580896276E-002 -0.65769251026422748      -0.75237767120243593     
 -0.56138165188954414      -0.51205838382587732      -0.65011295362837485     
 -0.76075401095240913       0.62459922060852580      -0.17643454433608888     
 -0.67279821625192560       0.73579125971166903       -7.7160756477411718E-002
 -0.10450674730539476       0.98825341687851231      -0.11150571194166327     
 -0.23978454690234549       0.79178808313452786      -0.56176062737876187     
 -0.40266174957772150        5.7715373684300686E-002 -0.91352747690886105     
 -0.23549909750322728      -0.66228335582195419      -0.71128119030124626     
  -2.0484724443632751E-002 -0.96528354779099579      -0.26039978576891154     
  0.15238587813173229      -0.96086027549400777       0.23135702955303214     
   5.7249650752219737E-002  -2.9961062804227730E-002  0.99791022251723005     
  0.68750664145054274       -6.2286708655094711E-002  0.72350188934534021     
  0.41731138728403178       0.61211103342160911       0.67169285302629766     
  0.14794664955599640       0.87238920682135723       0.46588502949416399     
