   1.1880094711007942     
   1.0387279121489923     
  0.81995551636573905     
  0.91702996414219506     
   1.1833566605273875     
  0.95037876501441199     
  0.96501094344743177     
  0.87069935349238459     
   1.1899458920354706     
   1.0305140189644255     
   1.8604795936339671     
   1.5856596864515902     
   1.5999940698133539     
   1.5650190869590093     
   1.6196779858156132     
   1.5576843765265345     
   1.0749193705996269     
   1.6792480484651453     
   1.4984570955002718     
   1.8513883145660095     
   1.6620235782522912     
   1.2692504653233645     
   1.3460989109843391     
   1.8004245329947273     
   2.1871649450253328     
   1.8216370545979783     
   1.4450076322477281     
   1.4191156795898092     
   1.3570214806918337     
   1.6630921435205506     
   1.6567967333388043     
   2.0910129431896305     
   1.0826505407687661     
   1.4151215928392749     
   1.2793013584372042     
   1.6454346774274577     
   1.6731722022053095     
   1.6379682950932819     
   1.5786251111653895     
   1.6657546892124311     
   1.6056098830613850     
   1.6901443938341807     
   1.7287998160916278     
   1.3694606945926435     
   1.5205141988961621     
   1.3836830134409064     
   1.1595279556516471     
   1.2025525747388437     
   1.4708146505368891     
   1.6017519717128281     
   1.8889918525860374     
   1.4140731679076379     
   1.5868534837822366     
   1.8760534644283289     
   2.0296807169182376     
   1.7336308712485329     
   1.5519743375072008     
   1.5551853576099326     
   1.7247851061551422     
   1.5007347911214466     
   1.1679008065583201     
   1.2617745011256338     
   1.2774418850523652     
   1.3771462524808715     
   1.4168241633572130     
   1.0978250347288714     
   1.5964138582267993     
   1.0584722359601930     
  0.74476590019766709     
  0.96216544549537808     
  0.83114518553392380     
  0.90578526640278423     
  0.87180643971516059     
   1.1368935032120580     
  0.74733710449991619     
   1.4116953154545235     
   1.3120614629229492     
   1.2250314843638637     
   1.2709953215790131     
   1.1638811736789905     
   1.5364415608414439     
   1.2565342152426784     
   1.2512543024750351     
   1.3745872228196689     
   1.2905477931176905     
   1.6708916959173061     
   1.8222325283372773     
   1.4073254067560508     
   1.1628421628616998     
  0.93862194332774718     
   1.0258581866636129     
   1.0306199257627904     
   1.2747708852152171     
   1.2335562484216358     
   1.7983737284201942     
   2.2551452343284257     
   1.5686791457139777     
   1.4385767637609597     
   1.9476675446962974     
   1.8546885705690586     
