  0.76640391295835641     
   1.4400941838937937     
   1.2194305319369136     
   1.6564364752608065     
   1.4848775676205723     
  0.89492888894564959     
   2.0711447839192876     
   1.4319909291547783     
  0.14425964723113402     
   1.5030839705234049     
   1.4424654810173805     
  0.53573712062004397     
   1.1943773805324096     
   2.2566948799776583     
  0.77690526012303118     
   1.3582792712790521     
   1.7903686198103574     
   2.1102008078705636     
   1.2970779366918210     
  0.69479979007471993     
