   170.30341985747077       -26.652645495501044       -167.15013676952370     
   163.10886955400392       -19.635085505503607       -151.91228052691065     
   156.76321476671743       -10.341102331782869       -138.80492596757671     
   150.95404226780445        1.2878105581774211       -126.80204157201015     
   143.26688911273865        13.692570894367305       -115.90971815058441     
   139.06772995122287        29.953027884870814       -110.57915614670540     
   135.73582244029956        50.267929928039706       -110.02168135399779     
   133.29907160372741        68.527918695220336       -113.94503664295499     
   124.63552855494994        81.120658675436815       -123.40296506254077     
   113.06577740255554        93.800923893261938       -129.69018615768772     
   95.278484339386537        99.828519312932400       -122.34541802041946     
   80.049900229503251        105.05640823641369       -116.48935031502160     
   60.962411219076742        104.81934102722272       -113.94000864976238     
   42.940085500063681        108.55091409853233       -112.76233320616620     
   24.128270257228813        108.72889632905938       -116.17038850652638     
   6.1912898674197621        109.11002824172684       -120.67128956542551     
  -10.437692726904007        102.83846227565324       -131.04502985680097     
  -25.016741522076181        92.345835648569960       -139.86065629569538     
  -43.458024160170069        93.116400484197527       -147.07112894840549     
  -59.231953946624181        93.487008149678289       -155.11887003604932     
  -74.379866488872963        84.274750651096895       -161.32386051863739     
  -81.099947236441793        72.105389990089719       -168.74796750636466     
  -88.866536142549322        59.620992382217707       -178.60561510919104     
  -96.480730914627131        44.771252706578636       -188.42914632412192     
  -98.200728996059254        34.207453076144354       -202.86855350661085     
  -97.385695964248427        25.801691648938309       -219.76791692126045     
  -95.433068842242008        15.382376611893196       -235.47502908799146     
  -92.493811514054258        4.9455029100377139       -249.33569057079731     
  -85.446740762917145       -6.8714723646655154       -260.76606697154813     
  -78.496606081377081       -20.070702772257732       -269.99695242110550     
  -72.014244305610205       -36.912237761821260       -277.64956730457590     
  -64.975976338042443       -53.485216416881684       -284.74600444274654     
  -53.369345673467954       -67.718658478427415       -288.17253500970645     
  -39.902616276724267       -80.605782508684570       -295.95993928344649     
  -23.382819127771661       -87.436430369411852       -298.55950514327594     
  -4.6948240028189971       -89.860830413789273       -302.63296504749644     
   13.677268000457941       -91.449437987126061       -305.06213721360791     
   30.792979610728274       -94.613784774204461       -301.87176164770597     
   46.297027554896289       -98.626238537874357       -301.25729867119861     
   63.784557047118803       -99.520991036146370       -295.86357627323764     
   79.317407943352137       -101.15186299013963       -287.12152466325989     
   94.407027677300562       -100.46137982275152       -275.31851598884913     
   111.33312562824759       -98.061092463772425       -266.68111460962143     
   125.99334722769360       -94.216804722221767       -256.61463763170195     
   137.08523172256560       -85.865965349606370       -246.38852421339897     
   148.81193704000830       -76.335006802772980       -237.09453077332716     
   158.67924846559407       -68.188859171729192       -223.97347609892486     
   165.77767093886797       -53.705224834881676       -213.14524528621823     
   170.09421849171372       -42.606109084745256       -197.54311700497669     
   172.31129960929164       -33.350464839409412       -183.64793862635801     
