   168.93827105214038       -22.008547672486795       -173.59983197939971     
   166.99115448205248       -8.6046562563466633       -156.47425430470275     
   165.23869069618590        2.6283312315241778       -142.21121778548203     
   149.52590375493389        6.8919382505275042       -132.76956251726097     
   128.79544790705970        14.299592178794585       -122.67669197207704     
   122.67717860262755        21.274925733833683       -109.37187776025426     
   126.23961260924337        34.960473623343759       -97.138288521357197     
   128.49693371590871        56.818716340082844       -102.90723201561150     
   123.68156498792793        73.514964158018358       -109.87714486572938     
   114.68872029969822        85.436143578618996       -117.75209577939248     
   106.02606341101728        86.658655204169577       -137.56927494836140     
   87.295958414201422        86.596061040851382       -150.42579480541755     
   67.140348012192433        92.655694848278998       -157.86352895093086     
   51.214667447187111        100.94504096401528       -168.22051039223035     
   29.762895955887085        104.20883400524725       -173.38452645008374     
   10.839017163202247        106.76834573670170       -173.10068533736262     
  -6.0814218249046128        115.88451285487393       -165.09454450757349     
  -24.699354149287487        118.53285296769589       -165.34435210281669     
  -38.159880253253554        109.23776211932430       -175.78466851171098     
  -41.414439047870651        106.58190175430978       -196.74951526152725     
  -44.069008495470740        101.68436954232378       -211.24334134287685     
  -54.511792338195320        87.958414029936222       -215.50061745132416     
  -68.831444648251178        80.964846736869276       -219.90733078924691     
  -82.075641976945718        65.588768365050129       -221.68732300436537     
  -88.260285730473967        46.404272646255990       -221.09777921698023     
  -84.033410308149058        32.952003601734319       -221.26748023027397     
  -87.880370327081351        17.162778356148390       -225.90942591182818     
  -89.170879191598885       -2.9594565508226118       -238.88775690215948     
  -82.400888637507677       -19.906094599984485       -241.99874073676764     
  -72.940530396642288       -31.430437581718046       -254.58008551472287     
  -59.219585648688707       -36.419617200741158       -270.72111429627711     
  -44.711227841071960       -43.983847324410220       -277.95048435446904     
  -33.702479913052599       -48.686720738365807       -288.40987202012843     
  -22.917398141020243       -51.812463398841771       -305.15080078386114     
  -10.284311641213426       -56.885649033062705       -307.29957269341378     
   6.6253179108494678       -62.300169272158065       -315.81927313834211     
   24.675891905712103       -64.413858296646382       -316.89518922872139     
   38.144559952993099       -56.768459171495643       -311.10413598868530     
   44.339931713574330       -59.550003165534505       -295.73781281725212     
   59.649824277936617       -66.761164665108595       -286.18926720462787     
   68.419951109745298       -78.656702271834348       -280.22920140027031     
   87.555584278079593       -81.593822106085966       -270.11583176570576     
   99.417514588068428       -82.499149010349996       -257.20756468347025     
   113.83476969311256       -88.531500115325514       -246.72720650071872     
   129.47698152328113       -89.477215198404778       -238.48453874551629     
   142.63333836108367       -86.312686325516538       -227.02728329963455     
   151.85308887318055       -81.704000745211403       -219.24611304406505     
   158.45059025536665       -66.467193101928117       -207.93304562239553     
   169.45321274682863       -52.449783958952509       -194.34784820493982     
   166.57740423941576       -39.522597068076657       -178.89996727870536     
