   175.15942363647611       -25.959105312919032       -164.55850275673455     
   168.98516498876722       -18.179255479418245       -149.61713806575980     
   163.11061808354816       -10.319966963354021       -137.26775296468443     
   159.65825549025419        3.4524254589338570       -125.63110778289906     
   153.33827403619324        16.770423088076299       -116.26242300025271     
   149.65442634902709        33.849276818585722       -108.45203756365999     
   142.37246436167916        53.444539739817984       -105.98894608285154     
   137.26659471283182        72.774268018764928       -108.31969833192800     
   125.11475930984506        85.911533980062060       -113.03568638955554     
   112.26711118997935        96.291691266660479       -118.29785668762234     
   97.382157623910885        105.20804490010582       -114.09274879709626     
   82.072419327269358        112.52905274924549       -114.75351921386738     
   62.325205929779507        113.06224409949304       -118.15842784205056     
   44.388480716909775        117.13277110165515       -124.16899086370920     
   26.176964706650480        118.98539966833880       -126.52819856178925     
   6.4313144359630021        114.74294294152207       -127.32880778418622     
  -10.714264745366201        107.88648908145630       -136.58407768329815     
  -24.589308941807122        97.092709170050782       -145.22005275465744     
  -44.074970015911425        97.428415483554986       -150.48135074356816     
  -60.000444739940406        100.22961562964424       -158.68850698268645     
  -74.425751862133126        93.184370771920698       -167.75618966329912     
  -81.932867774673070        78.586240433435961       -174.59560835834631     
  -88.334315053325668        68.585677580062935       -182.38378280974109     
  -96.097604760775170        51.380325951236578       -191.91634840515511     
  -96.127105109479274        38.858990276758938       -204.27729894029127     
  -98.274726444503216        26.297206943302587       -218.22358553992382     
  -98.423129434162163        12.087947203713453       -231.77377011525274     
  -96.211479985504326        7.4635999841893119E-002  -245.47209345200329     
  -91.280289277513177       -11.462412611265250       -257.19141797061161     
  -81.350844954358863       -21.241163541423035       -268.14772618567861     
  -73.161196352592981       -34.008699344922803       -281.12941117307008     
  -63.745925837144654       -44.866229667789511       -293.23114194187036     
  -52.266153227768235       -59.801965359422056       -295.61239887103875     
  -37.926722634754469       -73.666871994417008       -300.61625808079322     
  -21.904040331608197       -82.360251039767732       -298.53810283691433     
  -1.7965429988341928       -87.997896154842238       -298.87375505541945     
   16.657805544207566       -93.666138926867959       -298.42050380024182     
   33.184607890448113       -91.672368732127794       -301.77364187163261     
   50.976260427288970       -90.121240909157876       -304.44447472933285     
   69.606702778152695       -86.871224935322260       -299.63160280997147     
   86.163212749422868       -85.150518008219478       -292.88870816463435     
   101.62511789507880       -85.221596575574381       -282.47841131105992     
   118.87531478053488       -85.244058213448810       -273.24348953829474     
   132.60012072659973       -80.651844400596559       -265.20116838732037     
   142.17392937717574       -73.165193294405412       -253.26751300426943     
   155.68047474304680       -69.008093831258662       -242.72347048071001     
   163.26725286388549       -61.478351514988162       -227.04189725734818     
   169.23728460899352       -50.032933990429122       -212.65656073738796     
   172.04352989345321       -41.801114302788775       -195.19553924258261     
   174.06419732784059       -34.819117809288421       -179.94011855163492     
