   177.09628178814890       -30.869886689977442       -164.85207431645841     
   173.10383386801206       -21.096907078571874       -151.37961208909508     
   168.62387715005096       -11.105404357702872       -140.06264651476891     
   167.96694291890080        4.7641886839503300       -130.37227440955917     
   164.84537237897709        21.194640081826787       -121.40998351966115     
   163.72317034613974        41.524459099998971       -121.27595034437152     
   157.03075288599823        62.593646163546168       -119.69274770834130     
   146.35362157633364        75.512460518657917       -128.88852851601715     
   130.37206137075964        84.284051860336575       -132.16327494244300     
   116.07108104745355        88.016936297800569       -142.53687552220273     
   102.53976466896592        99.342591601049833       -149.38330449563114     
   86.383142817911320        107.91579149010555       -151.89841652731241     
   65.750136523861343        110.44300252539790       -150.33959567108994     
   47.108704362916797        111.46076427326116       -153.75689540357502     
   28.824310481335591        115.09122215337032       -150.83765546008581     
   8.8934947393610617        116.57041020628338       -147.61300128199011     
  -10.174188861796143        105.81476917142510       -144.77633261919550     
  -27.206891013855561        96.379458427832688       -142.10179695078472     
  -47.490634770715609        96.610493327876128       -147.83032282028248     
  -61.908749878407569        96.966470703378590       -158.90296372039305     
  -72.895057874050565        97.909656192171155       -173.70980784865228     
  -81.995968003262234        88.325652046995032       -184.57994438450754     
  -90.905138364619603        81.073162212808626       -193.18174859896715     
  -98.701420482239655        69.368233659611533       -208.88110394620551     
  -96.823909278739592        56.258626935501091       -219.24970704751146     
  -93.503243504803351        43.942494188586203       -233.10692473374863     
  -94.651715813503429        29.663173181102337       -246.31098174391639     
  -92.258863947103649        14.226270248702207       -258.80135307137863     
  -92.759037219790585       -1.5867774375036694       -265.12576574131174     
  -83.019101754148906       -16.362162003007789       -272.35069473878912     
  -73.641446659472280       -32.168101031356386       -281.34077191181859     
  -62.815262507199186       -47.768189918726748       -291.35151353140577     
  -50.630299519528101       -62.280631598510467       -290.14840179263405     
  -36.826037082738551       -77.588372633753607       -292.24178790149455     
  -18.869632641365925       -82.941407459345257       -290.71252180807915     
  0.23128537408823102       -88.000174328858833       -295.07412359470919     
   16.456035379503113       -93.506696745225085       -295.82388047062148     
   32.380876313860441       -91.186169857754919       -301.24314670203069     
   47.126796074915191       -82.399020161533826       -306.71327952996955     
   65.987115838166275       -79.221716346612382       -302.83864393073833     
   79.965626056530098       -78.370070770862071       -293.94237024329675     
   97.187668084337830       -82.036270209768929       -284.55073663725176     
   114.15103666201802       -83.314686468953610       -275.03830554227483     
   126.49958554503694       -81.666666674820206       -264.63899236625565     
   137.10282531619416       -76.670772463013009       -254.83052385490311     
   154.07159714541794       -71.929126602892637       -246.75471933713524     
   163.38155624896527       -64.657737448178906       -232.91982503314057     
   168.22611399114871       -54.196839595511818       -218.91730621748570     
   170.95260712339734       -44.541327557249211       -199.74271649442016     
   172.07638629637231       -41.164936313363619       -180.78169495324423     
