   167.07365911148094       -38.105005975766979       -152.85906154347683     
   167.10450023480499       -23.605447215009058       -144.50636546660320     
   167.14424905700773       -10.633975534090277       -138.74493740088289     
   164.54418499337243        3.1544629406593137       -130.78471573564039     
   161.26291484084913        19.872059420774015       -119.89670269515656     
   159.59365706104111        40.109338434342540       -123.93852255543673     
   156.95185346785246        61.301833294464402       -126.51069699135873     
   144.65105980224257        79.650917410287548       -130.28915245007698     
   130.24274394897455        90.852686199545815       -127.75077198277243     
   115.35603351508747        101.10672496292963       -127.56933852914685     
   102.06746608871870        111.98416832280986       -123.16666635865278     
   84.286679556350464        117.44147332671402       -116.36060654921653     
   64.572276727135886        115.80180721323281       -121.82511229853672     
   47.730405007364418        119.19260689220351       -123.71407346128825     
   29.061345762824146        117.51882623037724       -127.35229960301665     
   8.8229470192783328        114.12787222023249       -127.21833832647903     
  -9.3000614390169645        104.10458037588870       -135.81438392234423     
  -24.059673399318335        91.730776379418671       -142.11763138598033     
  -44.011217273479318        85.027581999663909       -143.07016784398428     
  -60.771484104122585        84.369115761107892       -150.90407577151160     
  -73.516537024517703        85.394848275590590       -161.94448671787882     
  -81.448604126754446        74.913252461199448       -172.47393054695877     
  -90.391279975619028        61.950939938555479       -175.18380357311844     
  -97.849008789056626        47.010267623662571       -186.51532986697504     
  -98.659133771932403        37.872684754088958       -200.08531547924920     
  -98.532077622173162        25.092601470331761       -214.97792641014789     
  -99.870914726005651        13.216904173590475       -229.65434838624785     
  -98.751859225816631       -2.1433994637625000       -244.12915747872961     
  -96.110017565850455       -18.847243905123491       -250.39732445344941     
  -85.170877321431377       -29.027496348517580       -261.91240438942708     
  -74.502105337163300       -42.506723391133207       -274.39578294486989     
  -58.006188004018632       -44.901342649271299       -287.40688131283844     
  -44.156585208922415       -54.154917258784614       -292.55489784089502     
  -33.714382759640202       -66.047895252176559       -301.45585605300516     
  -18.290847077041089       -75.186386488088729       -298.84052850362360     
  0.66367940832459693       -84.025773099713007       -302.78974668541758     
   16.530781125707659       -90.533542323762418       -302.89202107061243     
   33.262177204152088       -89.928144783687628       -303.47045759315228     
   45.745862275562793       -80.171959003051995       -304.68040683193999     
   64.379520658288556       -76.141906724628797       -296.50659760621352     
   78.784998164559099       -79.830149224769514       -289.32924886853039     
   91.406995555116751       -88.374292693218308       -277.51687836361958     
   100.66029378786271       -94.242059740869948       -260.89507900463042     
   108.34196068277258       -93.705717248876113       -246.44089317587569     
   117.60793371536342       -91.137119078627876       -231.58674709726017     
   125.98677744009284       -96.638643473975890       -214.54539214600058     
   139.14097048290765       -91.169123765375190       -203.61086635841863     
   150.38556927018152       -79.371974297004016       -194.91767415622064     
   160.05987748276797       -65.916371990656586       -180.53788352262930     
   158.84854726345512       -51.375960508354240       -165.74508597354335     
