   170.82962418395772       -31.220367435584638       -164.85764996775822     
   169.72273134154975       -15.990223795532053       -156.73622767791846     
   166.31141444393054       -4.7630050211049610       -146.77070579908036     
   160.24586700878351        3.3401387723925309       -135.25815444049897     
   155.31230453272192        21.693049593992846       -126.97062643054613     
   157.87999642138388        39.496247030729933       -134.49773180752589     
   159.41619332164876        60.712963082732109       -135.35115387779524     
   146.45150596667344        73.448006363656816       -147.60888901222887     
   129.97888619899348        77.690079807297934       -154.16985516628228     
   116.42226265780161        87.644072033724456       -163.41891271202380     
   102.49112013274174        101.26388734113358       -168.77006950122842     
   83.830929872271213        108.50763770341736       -170.77704461480215     
   66.091517732334580        111.02772167877373       -161.19420992199437     
   50.400389557088708        116.50679547743778       -159.19350439179971     
   31.254668772990378        118.48188425735273       -156.38995951050146     
   12.442492662967737        117.68102324255801       -153.03108456362907     
  -9.3117553812739224        110.33608886836130       -151.84781039829082     
  -26.875409787226161        105.14676336837651       -147.66268060920351     
  -45.384877964607000        100.35475220839230       -154.84153927718208     
  -58.334889896917439        96.196179149851588       -168.12140858335658     
  -69.316086689121590        94.915522146861221       -181.14035076439171     
  -78.893861636409611        81.607004640375763       -186.29287621640546     
  -90.291455770681978        69.322568012472047       -181.01933379516842     
  -93.403817032826396        49.431005934228899       -184.90893795975759     
  -93.884453679754557        34.915920155863674       -195.62171623955899     
  -97.305198349651079        21.890485742904247       -209.90662781301012     
  -99.033396392077819        8.9263363654513661       -223.58749750540250     
  -100.88693291991639       -1.3889565115258038       -242.12351130006024     
  -93.942252970952779       -12.228336257978674       -254.73346159356640     
  -81.286040954211330       -19.708313470879421       -269.14840355926430     
  -71.270240318051378       -33.831708636889175       -281.45939231234991     
  -52.675817351494040       -41.152624210875743       -289.83740899045478     
  -39.961623886524251       -54.027437980923899       -291.51758437849770     
  -34.240495985940662       -69.941785735632394       -296.26475113719920     
  -20.651856750674444       -79.032469422668584       -291.92216916660180     
  -4.3824313618492301       -94.093317713707151       -292.60121556907319     
   12.275790482315903       -97.577792705474621       -295.58626161962763     
   30.035578468558807       -93.504087279921407       -297.06313055272602     
   42.083830987589963       -82.765573081720802       -298.73249594520217     
   59.301607074570143       -75.690090995472943       -290.94453521501373     
   74.635392589362411       -75.102178204858248       -285.51812534199331     
   89.492181927813618       -80.353778745803140       -276.62381916817924     
   102.06973581264663       -86.101270803907553       -262.30216055067649     
   110.74371878813774       -89.208171116435452       -247.06534168275607     
   121.17295688011239       -91.211011102940745       -231.96082255610114     
   124.22944069144403       -92.938892722299386       -210.45712416531796     
   135.28520730969885       -88.196898596093945       -200.01434701389471     
   147.19247505584869       -77.825087633281711       -192.70191904863711     
   159.21088000102341       -64.659949898232881       -179.91674587231205     
   161.24707546180232       -46.726277299959172       -171.42660479876699     
