   173.18515518064288       -17.671145132830880       -172.15984051988991     
   168.35621339142156       -3.8203034856279618       -160.90725105632882     
   162.19676355005797        2.5176215167692018       -149.82570460101607     
   153.03070335931008        6.1194449432431339       -140.23995739538847     
   142.71767517376182        19.992120348640661       -126.25544849946469     
   142.68087656676056        34.244461655517028       -117.81501652333780     
   147.05396252384841        56.994309921001410       -111.94878137209449     
   138.81297737702664        74.926694651006557       -120.98392152468982     
   123.81165989339470        80.039301189611095       -127.45876433138766     
   115.08618493990147        94.454402225909092       -136.03661833910832     
   102.45959422277244        109.99311185229071       -142.14361474330460     
   86.658050560774981        118.65860807664771       -149.76569172956164     
   66.490747770404639        120.65589209279941       -151.23505954716521     
   51.792516966552029        125.04302918192818       -154.07767152327389     
   33.319154606603348        123.98769892840205       -159.33997775631138     
   15.518655250697019        125.91295108798300       -159.23495162844588     
  -8.3802259673165125        123.22331787391805       -155.92147196735183     
  -26.432479640742187        127.16402688661549       -159.31459978332879     
  -42.801898048602709        121.95627682470362       -168.40698502653848     
  -48.966137144150188        109.35376224124231       -180.92696910623843     
  -55.706666714803426        106.30718366513533       -198.38435877031577     
  -67.386099491447709        94.985785053112423       -205.39104738125488     
  -83.999338848258361        87.686545288301076       -207.02198814445202     
  -93.063200300567885        68.860194449104924       -212.74284382533102     
  -94.970836683391340        53.201308353786800       -220.54293602598381     
  -97.878078276035367        37.997477953635396       -232.66564913004220     
  -103.25670755500933        20.598504497906660       -238.36951727986448     
  -103.03407084675305        5.3580521657311380       -252.04555014007985     
  -96.435121464461460       -9.7512385436376388       -258.21741072460276     
  -81.534653673106689       -17.501154007198494       -269.87359328019016     
  -70.830264730098207       -32.160462165148907       -281.29728932556145     
  -53.029711220581490       -37.111690688360056       -288.77863723872781     
  -40.728591844493245       -50.237487908345564       -292.40103961996743     
  -34.036409318086520       -62.868338876674301       -301.09995371648029     
  -21.924558203669800       -74.727505020115530       -298.56876134168039     
  -6.8681818950390774       -91.348421578842775       -303.71909807277711     
   9.7939274967590144       -92.912155740829263       -308.22751192197501     
   27.588591719947072       -89.682630830499917       -307.54588567193224     
   37.319299893215707       -79.161308273923510       -300.69085545224488     
   53.769307793246000       -73.264744580077632       -291.33659120109894     
   66.825981113964133       -72.668472005573193       -284.60697041274653     
   83.213239096044589       -79.051110865728361       -276.56316795877296     
   96.154304642570651       -81.706429831758868       -261.52221671107338     
   111.30587428459442       -82.769257734821480       -251.63665952925200     
   126.64871082984530       -81.140219209261417       -243.12664322381897     
   140.29133631060535       -83.734183846432245       -227.60050965932942     
   152.61694532112068       -77.550375922904450       -220.58316827554228     
   158.67580816945025       -64.412585453239288       -210.87956699537182     
   167.24534662262943       -51.432114335835777       -197.41808423720138     
   166.83947661636691       -32.451102766453502       -185.50829619882927     
