   162.27070106245660       -30.270325704402794       -164.09124223201340     
   164.65323004317193       -16.647442294872555       -152.94735536729615     
   166.68491877887297        1.1683221489417426       -148.10268919019410     
   152.37902796723219        5.8916098716216601       -142.41047959643959     
   135.50006765444436        18.696778180513277       -132.01189572425997     
   129.67795138129071        27.610392247647315       -121.10648603324971     
   128.72144303244261        45.586919497517833       -105.00605460246639     
   126.79678722745567        66.450035926019751       -106.78732447805415     
   120.83739922455774        80.746584805085121       -117.96305748085682     
   111.39007311698523        91.405849122473768       -126.26249423379231     
   102.71789969207681        104.42641689349139       -140.18441945358680     
   89.393035405267909        110.55081395318757       -155.84726064701431     
   67.239946200481427        113.23846371909720       -163.02870988580386     
   51.431065172193328        117.18015804224498       -166.51638127281464     
   30.451582568618356        111.94135850813365       -170.85987786583894     
   13.168558713120355        114.38924403757288       -172.26246371308318     
  -6.3008212383914213        127.37595104813924       -169.65972883088594     
  -25.133991769065446        132.42416251605897       -173.79162238823383     
  -39.122994306711703        121.58092986811030       -174.66223838305842     
  -48.075202974157335        109.12232784138907       -185.20713240678788     
  -60.760276095585425        102.88113163732062       -197.69979885872596     
  -71.297280625895496        87.729969259742703       -200.74574659631364     
  -87.564406398191863        76.623060489972971       -198.87589899789492     
  -95.167144478650968        60.057600859898677       -206.87767164881174     
  -96.999679983196373        43.035222160395293       -209.63699704031538     
  -95.073440640631063        27.655353434122080       -217.85299484602672     
  -101.07824238812056        12.382810241973019       -225.72535322556848     
  -94.357507904589099       -4.8144741734274916       -239.90198854904742     
  -89.155476227395098       -14.857585023143443       -252.05790624149262     
  -77.972591357580953       -24.095560647107050       -265.17161871872793     
  -63.189013550438510       -31.801888231815290       -279.12988393321336     
  -49.221103440287038       -42.598309813311289       -279.78152433591805     
  -36.995978111723772       -51.081587091976232       -293.07070373378627     
  -28.710540066625654       -60.031811097636208       -308.61422747189914     
  -14.406097884035766       -67.861691678279527       -308.24144429876094     
  0.39152341797568191       -75.621537253735610       -316.56538007983818     
   16.960255496910268       -72.173049682554506       -318.98443230662798     
   35.086436171450771       -70.137776143291788       -316.93242042443796     
   45.996192652968368       -66.063016025980289       -302.93696397317763     
   63.364133793127706       -69.300504575943933       -294.16619459784459     
   76.183227371679351       -74.131445774440138       -289.05900957193091     
   89.755529493515624       -79.958111822635615       -277.82381864630349     
   99.761739590303876       -87.116547459919715       -260.54627898400958     
   107.30360832738302       -92.547951079633634       -245.11715620462849     
   112.82179235150673       -95.457169159327705       -227.29149361968331     
   112.30297993657328       -91.020692588067647       -211.43367042504119     
   116.25366978464335       -89.526212491665888       -198.72812039526525     
   126.74842935514583       -74.658691320280923       -186.63734820274519     
   139.88658824703461       -62.827240085849041       -175.80781472980357     
   148.71236468253227       -40.892069655156455       -169.33418354152903     
