   163.78625335319433       -29.449776163918333       -168.02721024759461     
   166.84400965281679       -12.405570979068450       -156.20520608188366     
   167.28340202557587        3.6388599359726630       -149.57276704132954     
   153.83341841842642        9.1399057241612791       -139.48367699459547     
   139.48973775568700        23.254148967621269       -126.21629372301393     
   140.51891189999330        34.717606064988175       -117.05468326550773     
   144.12534664748958        53.944853446159662       -109.60564451573784     
   144.51370010955031        71.936847799452082       -117.32261349038508     
   134.77986198221529        86.543103000525690       -127.54249262584848     
   123.74989211415019        93.060049397331738       -139.66860225506784     
   108.40923429019334        88.545033640024343       -154.44222028584321     
   89.152570318454011        88.204958677050513       -163.09824458345128     
   67.183341865409474        95.074071764413318       -168.83567257250215     
   48.087653425838596        101.83700970696296       -175.46700514489885     
   25.884519420435197        105.76197681619105       -174.40556101210305     
   6.8180145800870315        106.84755890146667       -174.21912241615257     
  -11.556588560917529        116.11895558450492       -165.24345848804217     
  -29.559483337336697        117.69065843220859       -165.14909543485885     
  -41.374680848554775        108.46238228090618       -173.85249076818636     
  -46.747659480132910        107.74120280963304       -192.77689236089438     
  -54.148426375155708        101.97694501825133       -209.08550303212616     
  -63.554191240407498        84.939038111927800       -208.45460351339713     
  -79.776028854897319        75.997494023129747       -208.81119544694525     
  -88.431450499804953        57.982023872605204       -208.18115431076194     
  -91.029978466166256        38.729329021123519       -207.39310909478968     
  -86.428697058564495        25.502276771719977       -209.04602013763812     
  -90.214730862320081        9.0306516434655322       -215.33948365239911     
  -89.448190249906872       -7.5536197537713798       -231.22792660069260     
  -86.842977302319653       -18.836021578871875       -244.60525811939956     
  -77.397614752953842       -25.822971077275092       -260.23645211070613     
  -64.646861887541178       -30.676849113054477       -275.92217421058001     
  -50.163125272122329       -41.034193530602444       -280.15454315067689     
  -38.826009405696880       -44.235455338828245       -289.35659751702650     
  -28.881308647837930       -49.980867162469970       -306.54233316643655     
  -16.388936285647379       -57.751409454397375       -308.65713301561146     
   1.0336032065198646       -63.394497163827445       -315.73490089795513     
   17.543062371392491       -63.814437382455715       -318.29061690791622     
   32.555066707808955       -60.733608468758611       -311.19635639735026     
   40.246456448305558       -63.347003915085374       -298.13256254650565     
   60.102198245417078       -70.651590185316167       -290.40291014230183     
   72.564251861710957       -78.685900653271403       -287.76776233583837     
   86.746244940649106       -83.176930406332275       -275.54480243374769     
   94.633896040838493       -87.318978383787737       -259.87324136710981     
   102.54474133119685       -92.815333954325311       -246.10773865958888     
   111.47258934719292       -97.428412172803561       -229.65443369549342     
   114.91177613889461       -92.333881769218820       -214.36915315045621     
   119.57930412620073       -90.365677351863766       -201.77235626193561     
   131.10417227202549       -74.835784334981895       -189.49508810728440     
   143.53005480824692       -64.729770190271509       -175.88366882690585     
   151.14873219717376       -43.886271962015250       -169.65674858399041     
