 -0.30586293293966932       0.39797138795650339       0.86490845794310234     
 -0.46284144719704556       0.38589916758267462       0.79803485338394875     
 -0.27459776407295639       0.84695854630646783       0.45525519085955096     
 -0.34644048258617355       0.59379958383325315       0.72621005657103999     
 -0.39759812646153286       0.77655718462042600       0.48874806275695548     
 -0.16466257242440180       0.98611176000688860        2.1675654977315342E-002
 -0.21624716842331868       0.97584411645797309       -3.1071249142172234E-002
 -0.20434541622561361       0.80025570724848683      -0.56376746437144309     
 -0.45216682939253688       0.73305745879960682      -0.50810620985711619     
 -0.91257430731307132       0.31853364378448829       0.25640680843036406     
 -0.96721661562976635       0.12832338482645977       0.21914636058210379     
 -0.99766024238646323        6.7217798875779861E-002  -1.2482318521764499E-002
 -0.95747985386566259       0.24009316391994237       0.15996125180899967     
 -0.99811667998590436        4.2338988308260779E-002   4.4390350335986498E-002
 -0.98999327442093099       -1.2159195776407714E-002 -0.14058972423116997     
 -0.76736782261480263      -0.37948519236064915      -0.51685357074748106     
 -0.87538949761153750      -0.25576201170534874      -0.41021826000296102     
 -0.87080205229431829      -0.13392816027810100      -0.47304020294741311     
 -0.82308453736127685       0.33928887269179242      -0.45542826572832262     
 -0.85608626189012182      -0.12762208708693443      -0.50082822912708669     
 -0.67385602281451840      -0.68080007624770700      -0.28710506212485576     
 -0.35424114659160455      -0.79958582311937176      -0.48494919479053034     
 -0.42884651684589908      -0.69718959344923614      -0.57447135331122545     
 -0.27209813823676510      -0.76573334528577408      -0.58276500159630817     
  -6.2846026567596108E-002 -0.41866487236513339      -0.90596363149529957     
 -0.24576379509388391      -0.46569644403928367      -0.85013350659188669     
  0.18499592095627768      -0.79231760909891569      -0.58138568570383475     
  0.23991823126402803      -0.59893347920756734      -0.76401435182296185     
  0.42832525235375113      -0.68363451782929840      -0.59091566591891909     
  0.41365876720248029      -0.79980904809905606      -0.43496196488360656     
  0.22961709355922943      -0.88956257522674720      -0.39491064191962388     
  0.49514777301101920      -0.82493527738655048      -0.27259946992869027     
  0.50326555714415055      -0.75068640923687191      -0.42801132459251418     
  0.89039590928797496      -0.45020841368206388        6.7137984577420151E-002
  0.95936827516646106      -0.16931888306393783      -0.22570695257813744     
  0.97669871619435478       -3.2312605625618308E-002 -0.21216859640857008     
  0.92659033499023702      -0.35982816854439020      -0.10933453354119986     
  0.95180881878321588      -0.13618842567464226       0.27479571539374964     
  0.85127729493657567      -0.37700942411614069       0.36495323159698667     
  0.82275564410091506        9.1795467089983124E-002  0.56093381278170551     
  0.82097278002228535       -6.1480945722959895E-002  0.56764759118267227     
  0.90361323345804945       0.13987413901317550       0.40486831137397139     
  0.78290428950908564       0.19119007402073962       0.59203650990814483     
  0.75689696572659060       0.58644658269672290       0.28842224067712774     
  0.66950598050225929       0.54285868486673006       0.50701695271112213     
  0.61333598598915007       0.36559829665976412       0.70011202944257256     
  0.35857675960610252       0.68694200911296999       0.63208653172348295     
  0.27444544389791398       0.73896211796547451       0.61531673675892795     
  0.11683059950772483       0.44235771576258948       0.88919641380516667     
  -1.2923972574521322E-002  0.41901219298330677       0.90788862371119583     
