   8.8248657919805754E-002  0.46301300278247870       0.88194735309410510     
 -0.36222413796833425       0.71566660062770715       0.59717249653602678     
 -0.49047686430908799       0.31914903724136762       0.81091080742916866     
 -0.92169934666032849       0.32316764588125596       0.21455299350390927     
 -0.50917767292549454       0.37404337144071181       0.77513202338404552     
  0.10341628213715613       0.62351285276472967       0.77494309147583229     
  0.38587829620741643       0.92248738315672230        1.0722333362144239E-002
 -0.16204850578117624       0.73817363349739429      -0.65485873941129757     
 -0.46860370483764563       0.66866734663816352      -0.57731667856759639     
 -0.35206718793045455       0.27325720572515122      -0.89519785226620807     
 -0.69791341816081487       -8.9241116373929119E-002 -0.71060036863164422     
 -0.92677779309742958       0.34922962129497953      -0.13828085128328099     
 -0.65893258793289866       0.27016747794008439      -0.70200952872703115     
 -0.99094162578730294       -7.9336133389668287E-002 -0.10835345966234758     
 -0.98894284556601009        4.0873461616283593E-002 -0.14255317723330191     
 -0.74628687692456730       0.48332439514812403       0.45766082024232929     
 -0.97965164724032738       0.19870250462595915        2.8283647478562039E-002
 -0.61716974178519446      -0.34918406856565920      -0.70510424483528267     
 -0.26052095325545144      -0.13397932446175642      -0.95612675599611052     
 -0.31054642283714629        7.1557726050475182E-002 -0.94786096612612081     
 -0.38642770356763773      -0.86721519603402253      -0.31402457496686220     
 -0.82821587927902185      -0.35858635431074659      -0.43066725416754392     
 -0.89394477881558232      -0.44743352158349847        2.5806514521590662E-002
 -0.50821767922101457      -0.86115299456782757        1.1415361320289058E-002
  0.11346119964421769      -0.99127780663069620       -6.7043763742313509E-002
 -0.24845328575752251      -0.96647140913147778       -6.4838107064518161E-002
  0.11689220730843029      -0.85329951432752515      -0.50814973257788565     
  0.36609651452085790      -0.90361624268760743      -0.22237587100855827     
  0.38005116636727676      -0.77080092121916000      -0.51129937491705446     
  0.63980996611635133      -0.24654638825498357      -0.72791351525893644     
  0.75724364026929603      -0.39240982729513224      -0.52210784011917810     
  0.75540899999469069      -0.47422120486333008      -0.45218524034404156     
  0.45610894968116961      -0.31432698161217004      -0.83256421653307067     
  0.59606965827204750      -0.80279092080017478       -1.5089730556067729E-002
  0.79824230019500253      -0.32328504220632981      -0.50822830663496610     
  0.91202755260523960      -0.28962613168256690      -0.29038327626688232     
  0.96539539990143952       0.23305802165557341       0.11702854519787650     
  0.40872586308597209        7.8286136386497743E-002  0.90929337933051424     
  0.85635166293034048      -0.30611556846713661       0.41587869401844124     
  0.29355710795290302      -0.81641615555928670       0.49728149504292612     
  0.87784113503327021      -0.32840112365199359       0.34863683630335690     
  0.77113636197087043        5.4371905844673427E-002  0.63434407627182177     
  0.61200545184030697      -0.61330506414740826       0.49930574321640392     
  0.87175757013554966      -0.15043568873707902       0.46627013893832131     
  0.83166178914832867       0.25896557349285448       0.49119802546031743     
  0.74044354963878156       0.28993339192029577       0.60636785703722096     
  0.35079937352178009       0.57040467034702114       0.74268318385636622     
  0.58493501468622222       0.61487749007635994       0.52893922220933620     
 -0.20975094262402263       0.63218412005890867       0.74588724376655668     
   1.0292867729783141E-003  0.96820340015173034       0.25016218040174659     
