   8.3717781620546300E-003  0.60521831986420760       0.79601551406436022     
 -0.49579197169399836       0.32611226685265343       0.80488577463637467     
 -0.33609120491005445       0.76760403327141791       0.54573505484580764     
 -0.15413070462236264       0.69685374907316477       0.70045597884184374     
 -0.11330988383351832       0.91544838855660993       0.38615426724916629     
 -0.33840952691648080       0.94066743733768177       -2.4975276269199688E-002
 -0.39451846454991596       0.91236479596219289       0.10929620404223989     
 -0.66456772052570257       0.66360299603363937      -0.34348334528831403     
 -0.55357243548959900       0.79861899021623695      -0.23614670679921101     
 -0.90207873939702454       0.42378454931534537        8.1612521646286462E-002
 -0.88161590512508436       0.47138395074005346       -2.3464160227432862E-002
 -0.91611598823378515        9.9351403359127927E-002 -0.38840802611816339     
 -0.93317883306479121       0.30669054544700503      -0.18739843876952045     
 -0.94043109138762582       0.17858785245690623      -0.28930216263676806     
 -0.97693521531100147      -0.18946276754742897       -9.8495912598022983E-002
 -0.76289458076422512      -0.45458943087951792      -0.45971763939750776     
 -0.79503605547575629      -0.51315885553777607      -0.32339706163896137     
 -0.91082729008230712      -0.13963702886947332      -0.38845224649862953     
 -0.90222213659105943       0.36062166044037880      -0.23653167708848599     
 -0.92209563736745437      -0.11248229972951448      -0.37025311314757531     
 -0.64027433964442071      -0.57967371062411188      -0.50401107051748228     
 -0.39593046876005555      -0.81968129247617139      -0.41395850356290415     
 -0.40169843500346608      -0.73904771495563959      -0.54078354480754764     
   1.4768090950991720E-002 -0.80643300869324241      -0.59114102038314886     
 -0.18606651771122093      -0.68683668792452546      -0.70259135712566867     
 -0.16462870969103219      -0.85407792071235222      -0.49340479658910069     
  0.25171906966953300      -0.68831731785448003      -0.68033578467277589     
  0.14671308059701033      -0.67779614578778480      -0.72046350132186565     
  0.70572282476102643      -0.38301893749829580      -0.59603002284196738     
  0.50971882260173118      -0.58923606219218383      -0.62688721864284036     
  0.38387519909131468      -0.66679183087096483      -0.63877107464752125     
  0.55676099169813187      -0.79163989458654282      -0.25164156139699728     
  0.54372711775505533      -0.77717674185163321      -0.31679194014788176     
  0.95272247835492119      -0.30376992897549210        6.6113151097105805E-003
  0.95262403844424348      -0.21642496504259337      -0.21369996697354415     
  0.95425197439431098      -0.29880640932543273       -1.0858135687200177E-002
  0.87061060717179661      -0.30304801750243565       0.38755524737487529     
  0.86370860523004400       0.26698866188275777      -0.42746286350702856     
  0.93275265649330485        3.0925142693496346E-002  0.35918813643280612     
  0.84910303351168515       0.23417165836305975       0.47348460682555599     
  0.85121423624455839        3.5228585721760741E-002  0.52363467299505562     
  0.96049292946943399       0.26273674095695398        9.1775472706728700E-002
  0.87941115067071973       0.28349284525358731       0.38244978071117564     
  0.69603278268938973       0.43902404543048074       0.56815161088878441     
  0.83851946983856185       0.35538037434329584       0.41302528764383822     
  0.70111161918577325        3.0976520523269525E-002  0.71237837742240240     
  0.19925010132695009       0.66470574942600402       0.72004559841805271     
  0.15883283201524220       0.55473484541522344       0.81672601449700466     
   8.3140980839606360E-003  0.36225658290831853       0.93204133165468306     
  0.13826687116720729       0.50399403292886458       0.85256805423949800     
