  0.13393341234106260       0.48692633196800794       0.86311331138782510     
 -0.40582393749270479       0.81681936645155195       0.41001591962702705     
 -0.14923682624551318       0.75683487295704999       0.63634058865378718     
   4.5907875029305781E-002  0.78610458693568708       0.61638627938084578     
  -7.3119070782844769E-002  0.99572640305512161       -5.6413932204401898E-002
 -0.17854202974826713       0.98385912744569637       -1.1998373021509218E-002
 -0.42353723419351724       0.83040341937042583      -0.36200327671115301     
 -0.76616969541653734       0.63496630253158348        9.9004002316589484E-002
 -0.74926621673922356       0.29411373288904946      -0.59337782953137308     
 -0.75473324517849005       0.57695887417403180      -0.31224379278727249     
 -0.82053453609972193       0.44297611797419145      -0.36124124068568286     
 -0.97279708396676712       0.23163865041359369       -3.0608920798962068E-003
 -0.97749968037590662        7.1838152935428320E-002 -0.19832714047206729     
 -0.99778802846851644        5.9341869067673247E-002  -2.9959853478768457E-002
 -0.92608378437422267       0.23043861331489937       0.29877561783490220     
 -0.90255104639517880      -0.40532977910345402       0.14529067011655999     
 -0.93463132005844263      -0.29752242050911293       0.19479400622251475     
 -0.91819212474432810      -0.30077915283345563      -0.25778891224855160     
 -0.88953680309395045       0.30421311214675123      -0.34084990588144182     
 -0.67934099157284211        1.7440812179583542E-002 -0.73361545460775868     
 -0.59236649565413024      -0.28311862492666628      -0.75428494552528602     
 -0.49628214147907462      -0.47304053552217906      -0.72796750463316551     
 -0.37620424554798526      -0.45885395177770472      -0.80493690222877579     
 -0.18494785688666093      -0.81032622047969705      -0.55602671395907122     
  0.14130807606759732      -0.69649789691881869      -0.70350743224626833     
 -0.26549764987489721      -0.68602171899146258      -0.67741065756519270     
   7.9135967917495192E-002 -0.96617610711758939      -0.24544088619638038     
 -0.17194346211804887      -0.93044247899933852      -0.32359270558593745     
  0.59650399923918618      -0.78321623085145342      -0.17537193225400186     
  0.45080296741931519      -0.76564403671908554      -0.45887459463610314     
  0.22657535227486147      -0.87953750472491854      -0.41842249882599108     
  0.70164470645908716      -0.69841259435331660      -0.14111893546441806     
  0.57916296834603731      -0.81510599464354605       -1.3132920191699135E-002
  0.98123922914518902      -0.16648493259113067       -9.7223157769542420E-002
  0.92811608971780934      -0.15353209554655745      -0.33915839904682776     
  0.98318966178288325      -0.13873021434793495      -0.11870979989131804     
  0.96954918509335719       0.15921721894697866       0.18607593846491591     
  0.75973882017851624       0.43312716514265259      -0.48497194138346617     
  0.99827666214259458        1.7990886194805406E-002   5.5857263049386097E-002
  0.72623654613923994       -9.6874836805354581E-003  0.68737663017569228     
  0.82975073774726993        2.7240678249645475E-002  0.55746897551017371     
  0.83726351462671866        1.3908563294059179E-002  0.54662268425488103     
  0.72128670401129102        1.7504922313284987E-002  0.69241538711335304     
  0.60706927114036258        5.3313750774580393E-002  0.79285846404983029     
  0.78681190908794363       0.31947547653992081       0.52807427470667001     
  0.67097594312410880        4.6419885878949130E-002  0.74002464684880453     
  0.22376409971970126       0.66904363602167183       0.70873848546239515     
   3.5426502812111932E-002  0.44068458667722854       0.89696268482229446     
 -0.17823787163999444       0.30829306707974585       0.93444456545254950     
  0.23092608613354018       0.54891938464287038       0.80334342090187760     
