  0.27761496027948795       0.79987804895570158       0.53209495452206190     
 -0.11922305299627539       0.98818696088534441        9.6293270639379411E-002
 -0.31278435774840652       0.73852558272483426       0.59728210186548947     
   2.6080379318569602E-003  0.74598522518669452       0.66595738748158595     
   8.8994002757241814E-002  0.99494272429202912       -4.6572984138869060E-002
  0.17067272119837479       0.94905464116551830      -0.26488886409385681     
 -0.66880887301099801       0.73663803378586223      -0.10029505751460774     
 -0.69178862377802552       0.51154172514940799       0.50966024314485892     
 -0.73658573843538833       0.67583802845442753       -2.6161216111462382E-002
 -0.75502188989583652       0.58722135177694201       0.29174137484316698     
 -0.83525317204251570       0.52579154807470252       0.16092043551433841     
 -0.98280156407341090       -9.2172644923653319E-002  0.16001652784207765     
 -0.98346332216722343       0.12209819157314754      -0.13376070262365422     
 -0.96431043243327563        8.7388423058416237E-002 -0.24993729896858932     
 -0.96244608270696574      -0.19886320356823126      -0.18479979477423172     
 -0.91974409187251394      -0.32429546176272972      -0.22114081248314851     
 -0.75807297210079472      -0.52390164412801210      -0.38839726601797608     
 -0.94049407733175105      -0.33932566673350850        1.8137871974511603E-002
 -0.98237101889375944      -0.18481136832610376       -2.8141417431885335E-002
 -0.61576500348906138       0.31461057624248900      -0.72239438383371357     
 -0.73762704484235542      -0.26573659023633178      -0.62071765507894749     
 -0.53488500331850619      -0.75957702647545744      -0.37005509600013492     
 -0.57922380303601362      -0.67061958893460438      -0.46343192912625630     
   2.0869875377364233E-002 -0.83520272669929507      -0.54954604321730760     
  0.16265344747181609      -0.57046165842086438      -0.80505735963175473     
 -0.26971006055694702      -0.74397595481564704      -0.61135608436533684     
   5.4119058165406603E-002 -0.54732976412960954      -0.83516540687526031     
  0.14479250682198344      -0.83988753172689190      -0.52309087548715527     
  0.54809991964810167      -0.79111506700430934      -0.27152058640278931     
  0.51613073007813282      -0.59241792033140883      -0.61858716211963760     
  0.49125729512776795      -0.34666731626445690      -0.79905446736611718     
  0.89602124322738796      -0.23999510125003151      -0.37356161882778427     
  0.75742834588748587      -0.52370585628867994      -0.38991598702167762     
  0.90158175867194357      -0.43186667386474065        2.5328016799818567E-002
  0.81893192553748162      -0.48647224274211470      -0.30445896008646361     
  0.94481548063656584      -0.32688017955943088       -2.1749845072795579E-002
  0.99720977458395010       -6.4253514956597355E-002  -3.8001990605136579E-002
  0.80705814407507181       0.59044940333300389        5.1627691991328606E-003
  0.98243296825982573       0.18068905042152866        4.6657581741415988E-002
  0.86953483601024750      -0.10119952018744299       0.48339200042870684     
  0.72477746552582190      -0.31672638233536038       0.61186765251868325     
  0.54130454167453446      -0.22608010640225079       0.80986244427783582     
  0.56455935916411937      -0.16591435123719836       0.80854508719906237     
  0.45465482322517603       0.32874495392444353       0.82777759512280846     
  0.38606723910871615       -1.1263173228353018E-003  0.92246995522686814     
  0.58211902469334098       -9.6330512046784444E-003  0.81304652106417652     
  0.59906585345603314       0.72120528007052531       0.34782617385899350     
  0.31494065384746939       0.57890322112353698       0.75211930245601111     
   2.4757602142572471E-002  0.75530350520946987       0.65490737982896030     
  0.52548433645388770       0.60551155466007134       0.59768049099393761     
