  0.20718956138209108       0.87298739007777570       0.44154898077052335     
 -0.25952011808474668       0.96443723741870580        5.0101131618462150E-002
  -6.7945607526494894E-002  0.69494146797845557       0.71584897185216501     
 -0.21829849270117357       0.66335683011919433       0.71575378728904326     
 -0.18073062279792684       0.96796580602148630      -0.17429469399912692     
  0.32396686320587925       0.93616347646578302      -0.13654089818089990     
 -0.59970956696973510       0.71052754265659435      -0.36810195111050048     
 -0.91930017377543993      -0.10045961049983870      -0.38051945699881495     
 -0.73740800054656563       0.30300228357073999      -0.60367131527085138     
 -0.68496590914504585       0.56645599718832940      -0.45820225507790824     
 -0.88141840285439610       0.42439942128450819      -0.20733241503195884     
 -0.86679533535550202       0.27878667194368889       0.41345355017523711     
 -0.90469851991088501       0.32358941750672993       0.27714703128251095     
 -0.99580334284817817        8.3331665847429404E-002   3.7835642448485779E-002
 -0.95122644324722239        1.1476499472528764E-002  0.30827997603979640     
 -0.97159989605059627       -9.9044753239208999E-002  0.21490411548004126     
 -0.90563602461062509      -0.33918821016051065       0.25450883877692282     
 -0.94833300667761122       -1.1002202953378552E-002 -0.31708588738065813     
 -0.86696564973136625      -0.13867865760274220      -0.47868443896932378     
 -0.59700590536719111       0.28753903226548166      -0.74893608130503075     
 -0.63191111444665027      -0.46126646618381567      -0.62283351757359107     
 -0.61738894040153980      -0.78661889118822570        7.8496048101276139E-003
 -0.26235934684955114      -0.95947993498679707       0.10279021100480668     
  0.14713719776671738      -0.81327393675256210      -0.56297082413953758     
  0.10517684208273859      -0.70951310672830237      -0.69679909821286090     
 -0.16590122397655502      -0.84465396262614323      -0.50895625283813539     
 -0.21589727263046329      -0.45266232136403484      -0.86515038605323025     
  0.17030067486287126      -0.64114064599722709      -0.74828894966550974     
  0.40448914478591380      -0.40532208726273183      -0.81981860025699949     
  0.45295931617918156      -0.66333217072162409      -0.59566625653316163     
  0.53593941010175938      -0.37580564621779444      -0.75600202709424336     
  0.87625293787964587      -0.46563770623811834      -0.12394480782427131     
  0.66992312041289914      -0.74243040797300608        3.1945779219408332E-004
  0.76800907908981786      -0.55803193804350282       0.31426487325029340     
  0.74218374170667389      -0.66887920940724765        4.1998771041753882E-002
  0.91885388709765070      -0.36729941798349308      -0.14421744594371005     
  0.98245003866158309        5.3504934770531927E-002 -0.17868727847571664     
  0.69688670747025727       0.71583198519770197        4.3971421618879736E-002
  0.85253255569986686       0.52247449340674013        1.4444556456542273E-002
  0.91124137995804710        3.9324819058418489E-002  0.40999110485250828     
  0.80843829899655217      -0.30486460123508652       0.50347302969408048     
  0.68502495808532715      -0.16237294698930954       0.71019422194650661     
  0.67174542187446329      -0.25258415297871356       0.69639021665638501     
  0.30986809416607464       0.22952474360248459       0.92265928505169192     
  0.22020112691661348      -0.14798020307213192       0.96416457267594291     
  0.52484060527365828       -7.5608069954515605E-002  0.84783592682413078     
  0.64250886612399649       0.68454226205463442       0.34436063714248588     
  0.51912199744803533       0.68454266699500799       0.51177503732491758     
  0.17571163683213700       0.85858738415342750       0.48161512066622503     
  0.59673486422394617       0.74466548748623906       0.29896624151650358     
