 -0.21043836165468360       0.64841206420538122       0.73162660622547482     
 -0.43876184383343264       0.52184874751255494       0.73154762600630452     
 -0.47766151008129332       0.19391299580711371       0.85687643907623323     
 -0.71703518489019458       0.44256000975277332       0.53851757761201258     
 -0.16116479070619727       0.79115907536829411       0.58999426073396255     
  0.43886171519182687       0.84519538308846109       0.30503304631603767     
 -0.11917454997341714       0.92026490131320404      -0.37270623559263888     
 -0.83822920184816740       0.20316303123546592      -0.50605986593308261     
 -0.54304027667126797       0.55857955221543054      -0.62697379670892872     
 -0.48933017913260046       0.78192630434513277      -0.38619584457011580     
 -0.65600484484256283       0.61194567983840753      -0.44179195156792833     
 -0.92783601049402054       0.27981028005174380      -0.24663038095074119     
 -0.96522573955802460       0.19297889302071644      -0.17634743701897843     
 -0.94481999408664219        4.8156461974604103E-002 -0.32403106941188398     
 -0.96864775792743063        9.9461335552104915E-002 -0.22765975444147807     
 -0.91538223364944360       0.39428931408652307        8.1309920158229049E-002
 -0.97345667280311998       0.22874627197871084       -7.5663221531846458E-003
 -0.79093710568442932      -0.21280365028746143      -0.57370122997591111     
 -0.27213818659196276      -0.76868369460711394      -0.57884901748521556     
 -0.15179192518713008       -5.0730068579173115E-002 -0.98710975660761358     
 -0.71148552181611646      -0.49382808076979995      -0.49992217283220097     
 -0.89497735238026133      -0.44588377738959500        1.4254675976986486E-002
 -0.66816220356937517      -0.69570054117677826      -0.26374234913577965     
 -0.18288750659447683      -0.84930392085439199      -0.49521208583092469     
   4.5193463847030199E-002 -0.90982172178499665      -0.41253119323718190     
 -0.28392066143800937      -0.92341071360492788      -0.25826674584282561     
  -3.2119738477864951E-002 -0.85515318270848995      -0.51737931588309205     
  -3.2394940809560388E-002 -0.93691403909520465      -0.34805552884023727     
  0.55956525409326929      -0.55819811890169879      -0.61261863052484933     
  0.45672616535991378      -0.65730762342889248      -0.59945633540558430     
  0.70183032970137560      -0.34114936913063060      -0.62534094400817231     
  0.87496535608166193      -0.45194444994440530      -0.17372921406988998     
  0.53577089002370859      -0.83234581098308957      -0.14195071096020317     
  0.81124884265932562      -0.55377445456712926       0.18764106361024652     
  0.74370390928111818      -0.65791111245531375      -0.11856417430149384     
  0.80584270591581664      -0.28011116510966555      -0.52168502806116834     
  0.97221540573212240       0.23380339765591693       -1.1540195044989460E-002
  0.54070121030569007       0.74394393092110600       0.39266987256424296     
  0.69266737688310209       0.44097808347266942       0.57074533278744966     
  0.88697370538978004        5.1228750800678638E-002  0.45896978227169805     
  0.86102122000787085      -0.31440173665874749       0.39974242542182714     
  0.63845765423220946      -0.30707831933799568       0.70574409635848756     
  0.87583879628666605      -0.27575311435467675       0.39606391257323875     
  0.57048787726080652       0.10324081427847147       0.81479133289792571     
  0.73313775325490660      -0.10664839284356695       0.67166595496290493     
  0.87990136911742467       0.19207735753987840       0.43460311704563148     
  0.38223782583150068       0.73357670172539624       0.56192478784023581     
  0.36248521810488804       0.52549907478473834       0.76971110753050243     
 -0.23141447852509889       0.82762809401317694       0.51135024897722281     
  -4.1663570059657346E-002  0.76302370052277413       0.64502634005938708     
