  -9.1856569220100617E-002  0.69897024020155674       0.70922702571439544     
 -0.26286940202256881       0.64297218742919027       0.71936530613646843     
 -0.53513111160623783      -0.35595907417177458       0.76611215295532398     
 -0.89442275492506240       -1.8231410919748659E-002  0.44685070339895039     
 -0.51430465134088754       0.27625329698743162       0.81189583168821855     
   1.8163557014251704E-002  0.55032729398525460       0.83475143287775377     
 -0.25762178479859194       0.95547740062454856       0.14385392901464156     
 -0.36083337979875613       0.63056218300954747      -0.68716126592034510     
  -2.1753398361770357E-002  0.95806422818407655      -0.28572666017327375     
 -0.32971870383189683       0.74486681390173337      -0.58005086491729463     
 -0.26957181790909535       0.49796657267829059      -0.82423317543291652     
 -0.83475375059524470       0.33273016300333530      -0.43872179623874541     
 -0.82612948848245604      -0.21736984528617226      -0.51986576980984600     
 -0.97422696044212687      -0.14748758230628392      -0.17067291118729952     
 -0.96523472866447246      -0.22173473152709372      -0.13840385621301696     
 -0.62268918798791462        9.6798732750326494E-002  0.77645874359227052     
 -0.89081718974943314       0.29592832727877882       0.34477697075198088     
 -0.71132708001979006      -0.59239169786565582      -0.37826691836634196     
 -0.38728823860910772      -0.26562761608820440      -0.88286453649829866     
 -0.67510799113919850       0.29206803378822110      -0.67744037666726264     
 -0.54964659753992495      -0.43628766213358250      -0.71241960506628421     
 -0.83952511327944968      -0.46785984573540423      -0.27623314233012641     
 -0.39849197926816377      -0.82209894691782115      -0.40664168986412819     
   1.5372813865315157E-004 -0.97394135189674302      -0.22679995465873909     
   2.8057600968004123E-002 -0.90688636694308422      -0.42044011283498484     
 -0.49340678675406308      -0.75794287622654055      -0.42669935453720775     
 -0.23346599461714559      -0.66119514294995696      -0.71296185893553576     
  0.39114057751843834      -0.72616827349650015      -0.56541019374048895     
  0.59048908594886429      -0.60172737877130211      -0.53781669833902879     
  0.54347416782597302      -0.56924803834592796      -0.61692179386465285     
  0.85596897482691137      -0.32142957156414437      -0.40496931322985147     
  0.83857816451198053      -0.53670923505878598       -9.3433714505702314E-002
  0.43928255794787918      -0.81420150193877205      -0.37961394669244902     
  0.74610015925542161      -0.65125609029895182       0.13856427103535288     
  0.67742288575371190      -0.73374285057366317        5.2150389156259525E-002
  0.92549451728961918      -0.21032251754309370      -0.31499894774616366     
  0.89792267821764293       -8.8590811030759539E-002 -0.43114560434193200     
  0.83302421813402860       0.54977263580658164       -6.1811818614867287E-002
  0.92296750907447145       0.12289946899427659       0.36472825187225844     
  0.82455701900938227       -7.3328709121966179E-002  0.56100679391685926     
  0.83304641267083479       -6.8305985937780908E-002  0.54896991413129892     
  0.50952875211721971      -0.27678595796249650       0.81472080140417102     
  0.75180489206524370      -0.32953174524789708       0.57113766566445645     
  0.82226675783855763       0.38034625399305327       0.42333687062092645     
  0.68405417464901486       0.22053141604710930       0.69529546286561505     
  0.85736285836178439       0.38143503909516330       0.34559548615712793     
  0.49521086326150110       0.69726815956360777       0.51825024319007840     
  0.37989475292523206       0.64922700436726055       0.65892660706651318     
 -0.23612914237788268       0.65123583424746112       0.72120379665660062     
  0.40553925114040940       0.85266470399642136       0.32939462403500602     
