  0.33617198921178992       0.86778037319569579       0.36598581607177411     
  0.15451586429333569       0.90040020813651578       0.40669929047073222     
 -0.97350439809292766       0.21173417093292382        8.6358715559402832E-002
 -0.75004164927773442       0.54836340196791389       0.36977710006287801     
 -0.47036528696189395       0.46708289443156520       0.74872562835172674     
   2.3951799046890009E-002  0.61317355167278154       0.78958502192696722     
  -7.8144283428326952E-002  0.98888482049564974       0.12649222411186367     
 -0.23602481340807374       0.58582651675853525      -0.77530612000567700     
 -0.46866303488929362       0.64421314989957346      -0.60443724010424560     
 -0.39701345417920431       0.64146923797194966      -0.65642785889722177     
 -0.33181622854130066       0.39707242494702688      -0.85570525288987342     
 -0.89303489407612380       -8.8635130446949692E-002 -0.44117172576345476     
 -0.76932861594866986       -2.4014185440473151E-002 -0.63840175405471555     
 -0.98439345719488991      -0.15354439996965488       -8.5986270240414830E-002
 -0.99406140959542688       -6.3184137919316832E-002  -8.8598412336507504E-002
 -0.76147719885071719       0.55787009583586300       0.33005065035923858     
 -0.89422518194719636       0.40500301734506872      -0.19061447980911739     
 -0.72196005654651429      -0.68894692515486444       -6.4232476762275559E-002
 -0.56650092512310368      -0.69992372340672293      -0.43495227697661365     
 -0.69071428836330684      -0.33832870380582203      -0.63909894385130062     
 -0.54862398060660200      -0.83405276872100387        5.8031947168769971E-002
 -0.88185558665767461      -0.47094902200934147       -2.3189285221843672E-002
 -0.57727660026614580      -0.78651874610522732      -0.21940826969425159     
 -0.17226975606914241      -0.96117602572860461      -0.21555458405806527     
  0.18485665231247908      -0.95828773741138784      -0.21797392142820329     
 -0.27929551245861051      -0.74255562243310758      -0.60877349179597506     
   3.2729120243355739E-002 -0.54534970350881717      -0.83756940343528741     
  0.46327178804426228      -0.66419627409115778      -0.58670483199450418     
  0.52729476213567039      -0.57920883265082024      -0.62167303464406631     
  0.65857519151526034      -0.47049896320287798      -0.58728991371013572     
  0.85398978231587219      -0.43633887873805771      -0.28338989855269259     
  0.50876862633809272      -0.77781342746773985      -0.36899967060275429     
  0.34670860303473566       -8.1440978118566126E-002 -0.93443058151196834     
  0.70881013492686595      -0.68926493449081561      -0.15000680886656673     
  0.86930311446765351      -0.26706004964454777      -0.41592189778934552     
  0.98289066270891268       -5.6971453652363890E-002 -0.17515763936628762     
  0.95334377474694576       0.21956805453188502      -0.20718474022072733     
  0.63565628764065285       0.21852431062182853       0.74039733228190518     
  0.93331800060440462       0.11648223281371975       0.33963126944751409     
  0.76515703514733246      -0.54959834905162430       0.33537496371118730     
  0.83302829731651340      -0.38085451740903686       0.40126511490420697     
  0.56700862919770789      -0.25136143669516953       0.78442248983432361     
   4.8176708734490079E-002 -0.47416597805242539       0.87911639160756183     
  0.37081362408991453      -0.11488681565922240       0.92157380376016929     
  0.33005160486150403       0.23023785036028432       0.91545424265214814     
  0.14331013778247575        4.4172853190221066E-002  0.98869154110359503     
  0.61344240767886637       0.47923820901941155       0.62770944829357045     
  0.56095056733896598       0.57963260372894487       0.59106725987529674     
  0.18707154769932277       0.96634853240786045       0.17656372774312690     
  0.75462454580375360       0.59416743432978125       0.27840052954769046     
