  0.22492480340290238       0.89136394199327285       0.39354689139716542     
  -7.8929102964316239E-002  0.95146738771422745       0.29745589054766503     
 -0.70856694993014324       0.61210278488924674       0.35108839086121313     
 -0.59542324508854216       0.57841099670073248       0.55759472567797186     
 -0.10830607451157744       0.74848583427064763       0.65424670432495557     
  0.35216843706149170       0.86032925363764834       0.36852539569608700     
 -0.13651446073497497       0.97370019370960270      -0.18240541324238690     
 -0.49781185726010230       0.57983952911803305      -0.64495695611679149     
 -0.69796693715185687       0.17604831035534652      -0.69415354718094890     
 -0.72047362449610952        9.8168345675730351E-002 -0.68649889461872937     
 -0.83545825328617362      -0.20560334052278814      -0.50964377106160497     
 -0.87127045102478795       0.46349421310305161      -0.16143393568593745     
 -0.88735564413593915       -2.3822186902704573E-002 -0.46046982988168472     
 -0.98938634688261651        7.7539377719858762E-002  0.12289142160905468     
 -0.99074672254732010        5.6640364746477483E-002  0.12334018340805980     
 -0.78226687423399210       0.34488702879606337       0.51875955397892093     
 -0.95107181082750092       0.30871534290529556       -1.2539844662942862E-002
 -0.54632090428910285      -0.54171636311814575      -0.63880893189340315     
 -0.38302012089997400      -0.18048989566134158      -0.90593541963537938     
 -0.66357358919905796       -5.5157964518266475E-002 -0.74607485594120315     
 -0.36164250300197803      -0.87168169568721843      -0.33073512275886907     
 -0.84862999251843774      -0.50863402397080992      -0.14532228135225975     
 -0.72267844229352629      -0.68677218755612601        7.7973273905744489E-002
 -0.30518669173845808      -0.94649155894914150       0.10495147461452220     
  0.16659267388730878      -0.97556741507601141      -0.14323093118802743     
 -0.10836583170497008      -0.91000352532613271      -0.40018799383902459     
  0.11360338189838254      -0.79826800650245155      -0.59149172556837670     
  0.27967599915728120      -0.64115440977885496      -0.71463442284605150     
  0.27120840297839238      -0.35465802921809941      -0.89479812497850386     
  0.60351576462865486      -0.31755558026086356      -0.73138715827520573     
  0.81954072922613308      -0.32181291894957154      -0.47411964559239395     
  0.48551904361590126      -0.69796737652730934      -0.52641504498816372     
  0.52997340883835098      -0.39784450709526636      -0.74889781285458790     
  0.66688814293174492      -0.73502083339998281      -0.12249318056547435     
  0.72212548683417488      -0.39771649162764666      -0.56600032999275141     
  0.98215159592222423      -0.14746417778137216      -0.11675854957428795     
  0.91343325759554606       0.40377614173853499        5.1034412714685118E-002
  0.46028954553030388        8.1009046720358580E-002  0.88406508166818165     
  0.91471188264665027      -0.13912187785909702       0.37940384136956429     
  0.68055240397543704      -0.68560062124125531       0.25845737288161130     
  0.79270790035817562      -0.31468285658397899       0.52210045439731756     
  0.56843008158659969       -4.7448842617528991E-002  0.82136219153410706     
   2.4001351695859680E-002 -0.31727062876316853       0.94803126701654516     
  0.50145586979374324      -0.24480350787990218       0.82982724297235122     
  0.48619719328375832       0.18725612256015575       0.85354990118137064     
  0.34054157513622457        4.5435275228687122E-002  0.93913101927719866     
  0.62171168553076694       0.59061424343791002       0.51444085716703480     
  0.49304801372567036       0.47879263650570203       0.72640296488180911     
  0.23127058671367609       0.94729463553753979       0.22169075127958068     
  0.64370504726188860       0.75179756567805922       0.14298332899363803     
