   158.54885359480826        216.48847177588672        112.18448619225779     
   146.88383316157797        228.75833256047582        117.91426747493789     
   136.41335478100805        243.36152476011091        125.25792770310446     
   122.39816934621443        253.43105428070606        129.35635844763681     
   110.12987793442929        265.81353987388621        131.62332405067136     
   95.238475178252585        273.95441502726590        138.29119787261055     
   78.825532630966052        279.23382477995284        148.20565768992816     
   61.041845496549548        280.29805060088381        156.90012687268066     
   41.689675786823273        275.58302757975252        160.65881350142112     
   22.207267531709650        272.55111615926216        157.44775281496223     
   4.3037776630272653        270.91254762604848        150.42305775315091     
  -11.562989856540957        270.32597056940244        139.75611265596669     
  -25.578208467375280        271.12501293976180        127.52851475017412     
  -34.047952883803724        271.95824473831448        110.62960265516396     
  -40.711821909704312        269.31851608898972        91.993001758642592     
  -49.369364467580098        261.52497069329337        76.436689972884537     
  -60.004621766444806        249.37118676389159        67.641756785516947     
  -71.103710818421945        236.60419886019474        59.552649902512378     
  -76.772096776489562        223.26040519307432        49.797268892122020     
  -81.346407407116203        206.33683311221588        40.174358275151818     
  -81.219148724532232        192.44998139276333        26.617531169971976     
  -81.646947443096622        175.79482061498896        16.556162810469264     
  -81.344061134148717        159.94495749665211        7.0120234213164450     
  -77.049817661594403        145.25796023463312       -3.7513643348980317     
  -72.421088803931170        130.90417213011150       -11.394059092068396     
  -65.718135232640947        113.03910840213122       -12.713357078842609     
  -57.032135108786861        97.272918323072190       -15.156224509321722     
  -47.207175805833501        81.610835663721147       -12.802238138308681     
  -35.118224813877347        66.026273659113656       -10.173450533021972     
  -19.733048357763824        54.741566554038840       -9.2175416641445498     
  -2.4776862270694506        46.005756924106876       -9.3523933872346117     
   12.454192277850458        39.205905429261506       -2.7903536841115790     
   32.256391624634531        38.035114707432108       -4.1608199259678580     
   48.211014234888800        33.188658398598832        2.0516636197689784     
   66.524118313030840        30.072335584812372        9.2049723064618423     
   85.561770160672552        29.778975178163769        12.494526541373803     
   100.86238451721314        37.097054046736922        10.400047757715713     
   118.99714221955900        43.062876612191012        11.863890533659413     
   134.75834064370059        51.929907295675385        9.0656342390753082     
   147.69539264936074        65.200814695907823        8.8522928113962447     
   158.55789818797655        77.411612362840401        17.825093675743418     
   166.16273418587423        92.197183370709013        26.219327105958552     
   175.68496415268069        104.82358064440930        36.336783459555726     
   187.82027100646610        116.60520226398187        47.477399428580782     
   192.71852754339980        131.75394726574120        58.933185865054341     
   195.00461142359211        143.84140389082910        71.722017882941628     
   194.18181849231621        158.99958690189507        81.909335963611682     
   189.79802314232293        177.30559358559987        87.276687467708953     
   179.46751309715785        188.47237978099992        93.906205095033428     
   169.13666796103956        203.07481053557197        101.71456696535249     
