   157.38744147267928        207.49484610051769        120.13565630554606     
   147.12886137444104        220.81378707107433        124.29792652098124     
   137.32604222020612        234.30562238280234        126.20469059125980     
   120.86385302003156        241.12288608958704        127.20132355319804     
   104.54146920226827        249.41534439948774        127.87049477794756     
   88.058390237562762        248.84668078221759        137.92892409272113     
   72.211610760268627        248.76735431834777        148.18245041716617     
   57.204692219406830        249.51026123212370        157.87966756544461     
   37.401154449837385        247.25485087503060        161.96134771234114     
   19.583660067205717        253.07475942337715        155.78513280450105     
   4.4593138177976792        260.28982413404918        146.21988437980610     
  -11.656508656859378        266.74832070503999        134.93995800810438     
  -21.793060453489897        268.71499598234902        120.03171362126022     
  -25.096274042877852        269.88667671361839        100.90568020784802     
  -29.953244763980955        265.25846777062361        84.561183966156364     
  -40.285041694362619        255.35651309589872        72.064997219020398     
  -54.427732156210332        243.97453003508062        65.051438459128335     
  -68.034580112519365        239.20983398586799        55.179152614986648     
  -71.220194917748444        232.27685734476719        40.022505506436481     
  -72.732498337771759        218.36932046222097        26.711140553264350     
  -71.853111312557076        204.99412812778382        10.798169182704806     
  -69.671566251876968        189.10231123244523        3.1348062618995227     
  -67.243876086081414        169.30393803774444       -7.1027452632470691     
  -57.913436800037687        157.01574072055638       -14.512016112953635     
  -50.661630474422111        142.65349491508672       -20.519520406863528     
  -47.854838330537831        122.89500445798194       -25.483652250822161     
  -44.978864613189977        106.85293687802766       -23.557077914866209     
  -36.690342571015471        87.750155330525814       -26.235703116296900     
  -28.296197371675362        69.314525829783591       -20.860112373492640     
  -10.582766217179552        61.045307357473575       -22.518481036460212     
   4.8053337977387773        50.863457198958329       -14.235925665719311     
   15.624595001446613        46.009457754379859       -1.7890041242124264     
   34.719128346213942        44.319657027088709        6.6893339420915066     
   48.262887489661665        41.117934071515641        16.019631974367087     
   65.434375509850241        40.246188688541963        21.055011521695690     
   84.550520206336643        46.648284489643650        17.040129156266723     
   98.494163783010166        49.022782931488415        5.4741281265755104     
   116.89615947217575        52.219401928051980        5.7842733604570347     
   128.89344448706615        60.479171582589473        7.2478921762710025     
   142.03941798568556        72.297689857145400        5.2117469574780220     
   152.70153760480906        83.433762788214906        11.063909457526396     
   159.29035143271662        99.592514679781218        17.299183958574105     
   167.91382421599829        113.33199456621496        26.242142391684062     
   181.04446833218202        126.79301197934686        34.708855440896620     
   186.89562252363507        140.91829421498318        46.932329770629472     
   194.32346732667477        147.49406857089286        61.554195147919785     
   194.14413829380737        158.16753521079789        75.993157196647999     
   191.52753939584395        174.71586438859342        85.724822125708869     
   180.49262487871650        182.11271173857321        94.358132589117616     
   168.04306801383649        195.50562879196602        108.20037518760233     
