   151.94041547965909        206.96223589692511        117.16755792892251     
   145.59763622131518        223.06030931108427        119.77729805041740     
   135.27818962290397        235.85458575163557        122.82671297840069     
   119.74018352904191        243.53448106350706        127.04894411146331     
   104.05467734941183        246.57055041745582        125.66602006884763     
   86.453778335458495        249.93435732512836        134.35518887128660     
   70.908107634911801        255.32330537871144        144.82827921534366     
   58.624466967420531        262.87545206750707        152.75459549909129     
   38.720154966755679        273.46181829235911        154.95705679884057     
   23.769340737433460        281.55856227445747        143.88080678186796     
   14.454283190575286        286.22852374801766        129.77300402585320     
   2.3477812552944730        288.48933488431368        114.52985477179482     
  -8.0603020179467570        286.24729353732357        102.14449720272182     
  -12.297543435546679        275.15763791994806        87.974297122992482     
  -20.529963861087015        261.79128300971587        78.563086052105149     
  -36.505150415199090        253.76234606926838        70.889864078411279     
  -54.269791897100234        249.91671467632457        64.673693710095577     
  -69.823453058560830        243.62975336355228        54.541797367690592     
  -72.870808821421733        232.28194060245571        37.162019970726810     
  -74.049593678757532        218.83311291912838        23.354826885438865     
  -73.506545777215052        208.35095486816630        6.8451237064877484     
  -71.467945774824841        194.00543500205796       -1.5401012075604557     
  -67.302653084907632        174.38119524211859       -12.043239270368227     
  -57.601833704677901        159.42977026318931       -17.243503066075800     
  -49.743528789139503        143.28615472114646       -22.677158702775468     
  -48.543562818730628        125.04842238633212       -28.459952830429653     
  -45.465243319776832        106.19464215517125       -28.011774457324702     
  -34.519261281797604        87.703346973433426       -28.364343347472055     
  -28.130216913791131        70.486741320513048       -21.015262095141232     
  -8.4780676044748766        62.309200024127222       -24.867146789964053     
   7.2464156105778663        49.903882362422202       -20.682383281164274     
   18.780852009034248        41.714721395200712       -8.7291839710414525     
   37.988241586773249        36.633938596809372       -3.5673964345303446     
   51.078800205416286        33.738529408745535        5.8272595802159541     
   68.311794235635872        32.177521766830218        11.508572284157161     
   84.083724071384779        36.212268026265974        13.555252911546461     
   101.34380494731391        41.475563348772710        5.6620088680088276     
   120.09714762092145        41.664450425379279        9.1282280085084260     
   132.42551567612927        51.958326060953951        12.269249034035370     
   146.42275968241117        63.512272523440046        16.689478406775713     
   157.17225673149275        74.315155166067996        20.117960741611171     
   158.38886047940898        91.713814734571372        22.302544721399755     
   163.26938769615998        108.91847686755123        25.762709372642789     
   169.55453777385762        129.51765141974417        26.588302925429495     
   173.65545527531688        145.27832536244637        39.500945115683535     
   182.08717593269924        154.65575622776385        52.746699757163860     
   188.92070914041358        165.05258258431647        66.379509890950104     
   187.54906727713509        176.37462494039835        80.770516200400110     
   176.75661431758769        179.47930443098741        93.797768356388332     
   162.45524118399419        193.29620849165786        106.67349727747140     
