   156.48438434186949        212.54554131760105        116.16063987527303     
   146.13869719875308        228.64042328168733        114.79816420087643     
   134.32988531485267        241.04665667037688        119.07929407026336     
   118.75279393403297        246.89066166960416        123.17133602048153     
   105.08682304328575        252.60922210638475        120.80785736969112     
   88.504514894823572        255.80557688446828        128.70324996369197     
   78.238974400857202        267.45067650914280        139.66634437579950     
   63.761663724316996        277.97459500292308        147.21468709922408     
   46.326281363085556        289.83614036434057        148.57765059354847     
   26.173685587983130        290.63445039778981        144.63739528381373     
   13.960986760276814        290.14261300225780        134.11781956564963     
 -0.23996268285023037        290.44565766132808        121.20843774139193     
  -11.044060184391411        287.79393765302729        110.35687806624045     
  -15.203458524871110        275.80011156270268        98.512008860185560     
  -20.345853318041986        262.17853658740552        87.045845277747659     
  -34.610551211921376        249.10294739640301        79.924700668960824     
  -52.117211397194609        237.67468979146597        75.369838645460689     
  -65.116190308705455        226.57778518319824        66.601312994014805     
  -71.712955958093985        219.38292853733421        48.291918549809942     
  -70.813325444166864        213.14543556552610        30.925118602862636     
  -74.149815010083074        203.68203008270524        11.346053770767481     
  -73.022658631065724        191.63054424011827        1.8776317425861773     
  -68.578986900305466        173.76622030443289       -13.824732657990536     
  -59.696159150129994        156.83393869992506       -19.948240058546414     
  -54.308045604425985        139.54383662513320       -24.332953264820848     
  -54.303922315230189        120.08005382852677       -25.894667460245660     
  -50.302815153840754        103.89174138148758       -16.138465447962993     
  -42.406771082427582        84.308066076514308       -18.455597934362459     
  -30.781630708925160        68.000427129313067       -8.8100149018705629     
  -15.816408846964425        57.632656078178904       -18.781385972284241     
 -0.42531319751669239        45.370739878757632       -13.475439076765872     
   13.590369162560503        43.697454129235453        5.8230826555929927E-002
   30.640012002166518        35.978579801639036        1.5579676191979197     
   46.388291134178381        34.223105524123703        8.5926386875743930     
   63.206776596928087        36.429133644695902        14.526941440157065     
   80.224308419366466        38.233426506855054        17.554260434309509     
   100.40981368646956        42.563783810109697        12.902617128699463     
   118.42689591007067        42.718810778917614        18.897880323385035     
   132.26723666643122        51.968805903923091        19.804930793564459     
   144.94530003520384        64.449892709468330        23.908941855488862     
   155.25101782839795        74.313047201980154        30.547027002004235     
   160.16116940903868        89.834344604162197        28.022226821362466     
   167.12855568167919        106.16334684163162        28.625075598314389     
   177.18259384013717        123.32565293186002        27.700014542980991     
   178.74584198176333        140.70518505216339        39.034683516885913     
   181.29098410235406        148.29884814293442        55.386343456597331     
   184.87156834057492        156.75194063131551        71.558351460555656     
   184.37755866726005        168.92864231273711        85.028075640219726     
   176.38575517733753        179.95952824674765        99.637454827278873     
   165.70502186953152        196.81645227563146        107.80668536411342     
