   160.36058992603972        217.25749817667528        110.82515051217116     
   146.39560592844316        229.14463342016148        113.23358467847520     
   133.72080885466900        242.79871591230133        114.11875386685523     
   117.25037112346928        252.51569865602272        114.14171986946945     
   103.04493488375921        256.60950420335757        113.76935589229016     
   88.474787633671724        258.82950778787517        125.39952879730632     
   78.901591704937019        273.30282693410771        135.54958989801662     
   62.489877464409979        282.87289261329028        140.87220673930472     
   52.452646220616209        300.40766705158620        134.62632656913473     
   35.352516183690952        302.64226064678047        124.16760266040009     
   23.047791511091042        299.36899790445699        112.49735460681397     
   11.856696793724362        293.79031631425840        100.57211164124074     
  0.11770492406478927        289.99446270098520        86.595268517151382     
  -7.1011867323350408        274.89306062887539        79.392625054905082     
  -15.169230536504873        257.64631118627034        76.426623099530374     
  -32.148272527199417        246.94089552236920        75.125635330418277     
  -50.740045278449372        236.39738085315966        76.654167359561171     
  -62.849028154269256        221.08170787404296        75.397088865575355     
  -72.021803063403794        209.14811160791604        63.345691735116077     
  -75.879435125095227        206.15264223770862        44.955371523049571     
  -78.998604210626979        197.02262138322766        25.270848883219170     
  -74.761079588139893        186.62432117509320        13.695103470863927     
  -65.192716164407997        173.47754326593463       -5.2520331562628133     
  -52.385381863932523        157.19493493648858       -8.9352126922333728     
  -44.733332241529652        141.36243465031367       -12.428139535163204     
  -48.920487000324286        123.32564347789243       -15.753953325194642     
  -50.695277220171910        105.69622966652726       -12.228193009518519     
  -44.291461577252974        85.963056890180482       -11.266903264730692     
  -28.750587572573991        71.683903128230057       -6.3808740664828827     
  -17.674847998440569        61.010582159268125       -18.571191955839112     
   2.1336029568646246        54.464285114904122       -20.691016977610428     
   14.218173783853119        52.539939903550412       -9.3015350202110074     
   29.258292484946615        42.547882229550680       -6.5403672035200211     
   45.868334876657514        40.747030916098936       -1.9100314822750941     
   63.634966311152191        42.657480089490974       -1.9031020289924649E-003
   81.427383386240137        43.731161657972919        4.4578043142326740     
   101.75818848302663        45.698778153641584        8.4849348953404480     
   118.67311613142824        44.393775574337830        6.9802830843054346     
   134.94708889448438        54.089988534691109        11.094795966829555     
   148.52110112293158        65.248153310147629        14.100994304544082     
   162.17245335353491        75.782873760605256        19.246436440818066     
   164.76769438316074        92.872612060655499        22.591505533258260     
   168.15583126069322        108.37302265124249        26.211565592941589     
   169.21871076099271        128.18267637830664        27.923896742038878     
   172.82392353056264        143.79499403650019        41.129334095275908     
   184.15220534425040        151.56652853854902        54.129522811297903     
   189.43532053271517        163.79576163598111        68.530376251582851     
   186.58300403787104        179.91442985367772        76.857868102897854     
   183.05182333934658        192.26782899987424        88.630370682999796     
   170.97711023407268        205.57309762979105        100.70457624605045     
