   159.06055368057491        216.94980678026130        112.88146733699699     
   145.05728414239508        227.64991396657413        109.51638763042092     
   131.17769916338608        238.71869449927294        110.91343251369878     
   111.88426985123127        245.38191287401861        113.91511608810318     
   96.029098905126034        250.45019510547868        117.37536536513582     
   83.310738598901992        255.69498189429612        129.65745983268042     
   75.162343122313658        267.43005581639142        139.87685122624288     
   61.851780596981570        282.46908808732746        143.54443181742604     
   55.283318525597359        298.67672712783440        134.70416951904227     
   38.905248249506016        302.04105534143292        124.41574962457818     
   23.217582954212435        302.51413623976458        113.69676121766146     
   11.795137683328964        297.11451499959486        100.39077002028654     
   8.5197467363052333        286.61612485939469        84.214869246148993     
  -1.3989324144490882        271.45841790138405        77.530680377753399     
  -15.383757146269980        255.95091127543341        73.038568340708792     
  -32.954520493441635        251.56947225908874        65.577766522160843     
  -51.829903062046228        244.33061143383009        62.598123001094635     
  -70.400202308249732        234.31347123836241        58.014400988034339     
  -80.025147498544257        222.07983635058361        45.886700911091381     
  -77.660825789098851        211.93440867466487        30.460413514423713     
  -76.306000353483071        201.39445353837630        14.828337691570585     
  -72.729809453386537        190.54470864336011        1.8331728920187609     
  -65.939114420363623        175.71005682875148       -15.415906631718419     
  -52.466415140431963        160.10610714988789       -18.112391583386959     
  -44.683647943593620        144.48172730472012       -19.095112448107770     
  -47.361829298871690        124.13015347692163       -21.722269543966661     
  -49.032025111973660        106.86250214462437       -24.728552095799120     
  -39.541154336621005        89.234567487587512       -29.474609475948757     
  -23.991036225086454        72.885135797338535       -24.523370017403987     
  -8.5479955008291402        65.769044457074088       -34.324868631902142     
   10.615930612171288        60.855545375478727       -29.796336354842360     
   16.162053198256359        53.392086494868238       -14.644515506632192     
   32.427535684317185        44.755960533507825       -10.321145808915739     
   46.443203574982093        41.027483244581568      -0.65389103776550306     
   63.116569428117621        44.294428129095898        2.4160837902756955     
   78.975343293424373        44.504925765296569        12.030288651145217     
   96.386306337846520        46.428852889135669        21.172131141887590     
   112.92539122637700        43.149722685134840        25.194973000711759     
   129.80854513906439        52.355571749400973        30.009845798528978     
   143.45474859479560        62.341142885072927        32.218812698485252     
   156.42932138607540        74.158295796906486        39.991861966285867     
   166.26670248451657        88.955082065374754        39.529437982416205     
   173.44979514746967        103.13251155796259        44.347314580821475     
   188.29344363030305        115.62583322325310        48.031683418322615     
   185.68855439809326        132.36466066576543        59.106741782296481     
   177.81761404679514        138.05408606323502        77.041297896526530     
   172.10062394499423        146.64144672155695        92.729218293413638     
   171.98671500296197        165.00006405715052        102.23487787583329     
   170.55081993259483        180.00131674663180        108.38398162501710     
   165.02254892967443        199.74524123211125        111.75683253701497     
