   148.90686368709825        212.73256234398855        110.04448383506488     
   134.87224630561772        221.92147458623515        103.25118748003327     
   120.91014636000152        231.02890310080187        98.438470829285578     
   109.80126806050441        244.35369245509762        108.81842539155497     
   97.157689440269451        254.67959040598021        116.17896641137899     
   87.774628802541685        262.91059066387271        127.00419554629310     
   82.060461608915290        273.12831094593685        139.30519296119633     
   69.785138406256465        289.54365715010721        142.74452832360416     
   56.335963473623238        302.05995723684214        134.85218726968819     
   40.598962855129209        305.04225833524373        125.61941959870997     
   29.164968585241365        305.28653326366396        110.05742582245823     
   19.966967848760845        297.80096448870262        94.805739591908747     
   17.539228639372432        285.17779922756847        79.386187021712900     
   2.7536063693140029        273.13845884714499        79.371900425360295     
  -14.471771710773432        260.50267372592907        73.925769437533944     
  -30.899274765752001        251.09713194905757        69.536782702921997     
  -48.236054923703911        237.22522032569765        69.005363154532262     
  -61.886962826198783        222.34360292262028        70.025014724881316     
  -70.088597075287495        208.21505070722375        58.221844795632876     
  -70.913405134214671        203.99394128151437        39.014343599933987     
  -70.861644478079228        194.07679722028533        21.530727663670756     
  -65.249918725443237        185.54560022684271        7.5129793496633157     
  -58.884537424239504        172.80788607349234       -11.805283073463279     
  -44.723425559596990        159.96635624337671       -19.304200897035649     
  -39.213609476404685        143.37894353849862       -19.701840899637002     
  -43.992929206006998        120.83064800807522       -25.058026922550876     
  -41.043379936494567        110.08066480091580       -37.676741593741369     
  -27.920528955118449        96.901043371394366       -46.476408070260213     
  -12.323223999404993        81.601551684592707       -43.631549676544616     
   6.4340284063554973        71.065688218033756       -49.668859726867936     
   24.076506902784519        73.769027391946125       -43.597642224639607     
   27.862843694765555        65.132260968788543       -29.135866373228804     
   40.180919222961457        54.962303555568937       -15.977957491163675     
   53.722021814765341        51.712415340377483       -3.9529907707043899     
   63.063875627397216        54.439551420637720        11.338447064966507     
   74.788997755900596        53.191272279753996        21.869949540493934     
   86.156137310119746        56.856106709828516        36.718847991692478     
   101.02739514288908        55.511676034530701        46.697853019113253     
   117.31970546955750        60.615916826284860        51.749156198047459     
   132.78762904236225        67.027262029852210        50.869985642968011     
   145.14007633010306        80.425114133174560        53.546512026870076     
   156.44635377778457        91.833296412590599        46.274394453677886     
   166.53154406774652        106.13043097594982        42.900592080822662     
   183.95877227215422        114.41359847741634        48.604897409075122     
   175.25800942700434        130.08148614830711        60.395315039089766     
   173.51344535972578        136.78413778128899        79.612971319434905     
   177.32231882262562        152.50953033625035        91.040076132514955     
   172.57096535578930        169.72163599466563        97.994513353027628     
   169.79342619285359        184.88809284541026        103.26649524415214     
   161.62626580885077        201.24212403578036        111.28542207500696     
