   147.14609631056058        210.79598674549632        101.47699007224840     
   133.13553517739248        221.56199126661303        97.304470983291296     
   119.32088944467763        232.20956625677627        92.014148708256343     
   108.82575879911190        244.35421701579710        103.82585236493387     
   96.483906367958653        254.57786887943240        110.29284842876972     
   88.772314345622902        266.01415892776140        121.41509320579341     
   85.350475026999149        276.19311717920505        137.35465026898601     
   68.743785444175970        285.86571686772589        149.61936778913616     
   48.404853155058476        294.53439170524507        147.43525511293430     
   30.651891512197590        295.77866340458689        139.78583263603497     
   18.914589986539895        297.77794100579837        123.31838621459366     
   11.658807297007538        294.65858708415311        105.68676294894091     
   13.531398770908368        286.88694104759935        87.281268120039243     
  0.73016654087989252        270.55666326422175        84.096957914338304     
  -11.480025055056606        257.06032831977797        79.123917047569080     
  -28.391134991573630        244.48218037754782        78.133012352208027     
  -44.292720761166308        228.62734676215226        78.121579974925780     
  -58.983343515060156        215.73241768081280        77.704204903582053     
  -66.997071325980883        206.24349032405107        63.836419075040283     
  -61.053207649752238        203.02699686312027        47.707775399717022     
  -58.031223968814857        195.39982467208631        29.668270874098713     
  -51.490575955788536        187.78265970324915        15.266948942328010     
  -45.957427275135672        176.02363556685944       -4.7765378749430907     
  -35.427847908394476        159.86214963584567       -13.962155541794749     
  -33.333000335941506        144.96739560426602       -22.783938837720118     
  -39.052590571551562        127.67085060775322       -32.324012238350292     
  -36.797187694755614        118.21006699343998       -45.682936213026672     
  -16.083293270132735        111.30694040068300       -55.569388732304375     
 -0.66501665950283240        94.744338776804767       -56.859495860545977     
   18.148377957245749        84.828721840225271       -59.067596989886958     
   32.789143628703265        78.991129354731854       -48.808559212618960     
   33.204215103174690        72.945101543824876       -35.740351214240619     
   42.039310869986963        56.649405645254546       -26.811907923985860     
   54.152751892404289        48.307932740647985       -16.659620767548176     
   65.488348805629727        48.002925625726697       -1.3753225843538064     
   79.009491832600858        43.308523589883798        6.7863000685381882     
   94.181478488201989        41.671945112520071        18.266196240854633     
   111.00424710441824        37.529215206281371        25.186807703431747     
   127.88807333811523        46.204520047528447        28.121934375358215     
   141.41837696681674        58.177463364312310        31.303755305241641     
   155.26056577356997        69.379717623383996        39.722938998072536     
   163.64958820164765        85.005421474062956        41.601034459999902     
   172.17635199279087        101.95051063336629        47.057804233332519     
   181.23921887677841        101.69238851317759        62.777303403495821     
   175.48226296890124        118.59520728510152        68.428730279687542     
   166.25994147827791        130.67610277189132        83.611692187994421     
   169.51893845657429        147.53677325410425        94.662493695008862     
   168.79589691966106        166.08628348993625        97.437127034496584     
   169.69498818872489        180.72671591192119        99.760863388817640     
   158.95570058817711        197.77181185163141        104.89767859797978     
