 -0.55644955011785036       0.78324446860261898      -0.27729406877365503     
 -0.72406109169383892       0.57989049593901587      -0.37344684791109650     
 -0.59234546996190940       0.67655936698036334       0.43748630511906805     
 -0.69438858645167156       0.71669977432170595       -6.4543973327192417E-002
  -4.2378616906907349E-002  0.99610479611587099        7.7325855856982526E-002
  0.18653421187684163       0.95677424097559016       0.22313233652939823     
 -0.47644083030799117       0.86707659097194323       0.14554147382757662     
 -0.96383716560562294       0.15074938787968112       0.21975563758688144     
 -0.97416102357184853       0.22576483624222091        6.3670142116955333E-003
 -0.76417528269844004      -0.25508711884394270      -0.59242442481100921     
 -0.83519326536074034      -0.21969628751955128      -0.50416837539277881     
 -0.25024281111049557      -0.47218212670670934      -0.84523521856714223     
 -0.30335042564011405      -0.94372745616603015       0.13174599706387924     
 -0.44336189596088826      -0.89592695135781697       -2.7297015233429842E-002
 -0.43590115087695713      -0.87101915562628762      -0.22652994768068449     
 -0.83582952479123807      -0.54807593982352221        3.1650745233238436E-002
 -0.67307798082130499      -0.72983017042292209       0.11964093811889090     
 -0.53750789170831204       -1.0272421225444583E-002 -0.84319614782887686     
  0.34963750532944327      -0.31572425942903370      -0.88208378676574362     
 -0.35694155213792300      -0.45899816069259136      -0.81358061483677757     
   2.7218750363573074E-002 -0.38616007727703860      -0.92203011574787486     
  0.22641420014423758      -0.36850868113775337      -0.90163072368856145     
  0.42617507666785409      -0.76182566692364373      -0.48784880572109102     
   9.7469336690838751E-002 -0.92086031382791411      -0.37751292801942954     
 -0.55871087472472347      -0.70919467214829202      -0.42998264553445864     
  0.27059050751357083      -0.76163348038827383      -0.58880830394551587     
  0.83327642209704378      -0.50568691035000146      -0.22345279832174469     
  0.43405594291047900      -0.89455786731174158       0.10659108994079237     
  0.88171072325050914      -0.46878235644210842       -5.3191190940305874E-002
  0.78188171863634059      -0.17459014064150219       0.59848079405530363     
 -0.16208499740478363      -0.61107039934788820       0.77480411760464085     
  0.28780979556026798      -0.77926007269306752       0.55670392551692283     
  0.61327233611189558      -0.37430624493625231       0.69555149109291725     
  0.75076034079634446       0.24322981322983650       0.61416461038026149     
  0.87398776568847392      -0.16427684418792124       0.45733850033704171     
  0.96284447881162727       0.11125765557966467       0.24607365502402759     
  0.90624278064173058      -0.40129023951665199       0.13300438415110982     
  0.79562477936088793       0.56281501821831126      -0.22409923189262429     
  0.43592674781280216       0.87024139702682057      -0.22945104367199096     
  0.81222888410430361       0.48147177761124083       0.32934657610267426     
  0.66134529766905992       0.66187434732392114       0.35290897637430824     
  0.31739786592240798       0.72366776382393527       0.61283240964391661     
  0.47252590065962208      -0.48847888865904965       0.73355821073738769     
 -0.27683915206537346       0.72956762377962470       0.62537282177616360     
 -0.32298118379429941       0.37059901735579914       0.87082691922663691     
  -6.9962240282751803E-002  0.51826148068521694       0.85235574883530285     
   1.0235582930363737E-002  0.88766473399076173       0.46037653379727062     
  0.39444689094289548       0.91843759763874577        2.9732633066354319E-002
 -0.41082969278943071       0.91159552831918034        1.4579309689437644E-002
 -0.48643966357463764       0.63498563194621960      -0.60014140077423339     
