 -0.65669784626941630       0.69536584865136986       0.29191484243605981     
 -0.47800139998049845       0.81232313412119372       0.33413438522277816     
 -0.43037551785153755       0.85102511537157099       0.30088729890246851     
 -0.50317287867841576       0.86415884405266996       -6.8224928014838093E-003
 -0.76490014351624636       0.43212519065576616       0.47769822068910739     
 -0.93351693785027967       0.28118111957525949       0.22244843164436712     
 -0.88307488912156773       0.38190223520712752       0.27263422922797109     
 -0.96554998140540427       0.22741000789274840       0.12648289100997656     
 -0.99309361967407017       0.11242291412795986        3.3558172501328559E-002
 -0.95824591720012064      -0.23900147450960788      -0.15698107322709617     
 -0.78515606629554480       -6.4951126935137937E-002 -0.61588253966901840     
 -0.63245504444274570       -7.7155982695075759E-002 -0.77074481580694298     
 -0.22170711747221020      -0.20998939591603721      -0.95223442894330335     
 -0.25060083482944279      -0.34831341041226127      -0.90325909334463039     
 -0.45719966046352251      -0.33669730452553331      -0.82316668761392287     
 -0.83012057671066630      -0.31250709156258782      -0.46177824314777038     
 -0.95031600748338407      -0.23411717987749023      -0.20515514131274218     
 -0.54376133104823687      -0.57020264613088179      -0.61578612943293043     
 -0.13280640505250518      -0.76196967062473453      -0.63384909862289895     
  0.15850529401703212      -0.56105480138007313      -0.81246143392590608     
  -2.3702141654911184E-002 -0.83449805260131216      -0.55050087074008169     
   9.9968144322855279E-002 -0.67119793660190263      -0.73450643293438522     
  0.34453574245801816      -0.66407207601613250      -0.66355361503387689     
  0.27418514347392864      -0.84999431028513994      -0.44981349421851724     
  0.24611813552071246      -0.96757946812471451        5.6708343577522663E-002
  0.13198480932983517      -0.97184129001768549      -0.19520378357739709     
  0.38900824512064835      -0.88745164811064281      -0.24718850599058667     
  0.48249294369501255      -0.87544382809608345       -2.8260628673120992E-002
  0.86801060287148635      -0.49630799494079364        1.5361232389691303E-002
  0.77342582481590516      -0.63386643559578315        5.0828469322011793E-003
  0.54734064166247387      -0.58008038129189599       0.60326194412109568     
  0.99685108907872311        1.1129566496394168E-002  -7.8511393772931759E-002
  0.90276207135334119      -0.42000539257941089        9.2823018320041792E-002
  0.96588593608028361       0.25024304236608491        6.6654168884499487E-002
  0.92808746825570720       -6.5295385980408793E-002  0.36659264018305981     
  0.83038233452607380       0.45694351230085761      -0.31885389298734707     
  0.89856241348739574       0.43871195393180284       -1.0835614659529855E-002
  0.51746368747949079       0.81936732537680979       0.24671546008506268     
  0.61124010405896756       0.79122879622300524        1.8507490847759628E-002
  0.51395865356461856       0.83668879457956835       0.18920455451980017     
  0.55918801759177417       0.55741060177207791       0.61367921751830157     
  0.51176617625699827       0.71911180357561133       0.47007828581792988     
  0.66671593900084025       0.71254948748105151       0.21854767116746121     
  0.59729877832658151       0.54704538509004230       0.58649425918866538     
  0.45308674553131661       0.29952677530204297       0.83964046585487995     
  0.11822676280406241       0.36566478281873849       0.92320728937925789     
   7.1825485571998499E-002  0.97888551297372661       0.19137463811202854     
 -0.65912215495789683       0.55566413164576067       0.50674979787467234     
 -0.56027710382265994       0.72040584055785728       0.40878477445009970     
 -0.46510105181509981       0.56748920141873282       0.67943875211354865     
