 -0.65480236686226179       0.69497721797587264       0.29705307075688669     
 -0.54110166108452262       0.82803713121156219       0.14684516235306116     
 -0.68866376016986475       0.72457006054837514       -2.7211262110113578E-002
 -0.81859569348300487       0.57291050439195168       -4.0922421341300377E-002
 -0.92916226416436831       -6.7910992218954969E-002  0.36338076997658786     
 -0.72653090609886006      -0.30409173782043047       0.61618264944131473     
 -0.85870320952779167       0.16122914992862347       0.48645036659453983     
 -0.97550345694136609      -0.12326831062787963       0.18220298869774620     
 -0.89287822585733789       0.42885067473031241      -0.13731559479245919     
 -0.94530283532400017       0.20758452372144720      -0.25161719941161548     
 -0.68424891012643307       0.43292041423694239      -0.58684183893763220     
 -0.65914719038114467       0.40155278196065736      -0.63583043707603037     
 -0.17716199045587816       -3.5513650952723533E-002 -0.98354075143519970     
 -0.39456694634451500      -0.11370272371014742      -0.91180514117505151     
 -0.45754044863907867      -0.54845591683653305      -0.69989488149731893     
 -0.71733274479589260      -0.58995986692011559      -0.37064954966543284     
 -0.62506173991327485      -0.36981892375357622      -0.68740947398936503     
 -0.43615996554909381      -0.32888917746108570      -0.83761351075611501     
  -8.3904277362090787E-003 -0.74408019704666939      -0.66803761951359619     
 -0.28493970399643104      -0.50376557147995649      -0.81549347886902068     
  0.14369595242413347      -0.91010629560030198      -0.38866181181795645     
  0.17397900553977788      -0.80193066951567904      -0.57152297147317310     
  0.59353395947953258      -0.70747318019331740      -0.38366539881999029     
  0.56767214046594028      -0.72566342140500262      -0.38879421262874192     
   1.0387215723266327E-002 -0.97808196086830812      -0.20796101455206967     
  0.10040422408181650      -0.99161030416437512       -8.1412508016681873E-002
  0.45650679780823783      -0.88824176339385341       -5.1265127697550650E-002
  0.28470996055724423      -0.94463722947286843       0.16309734226319791     
  0.89070157420705776      -0.44759300433003274        7.9443112853703562E-002
  0.83169730162525435      -0.51102401616081983       0.21710378480381110     
  0.53032012995283428      -0.35805145936702032       0.76847883003499762     
  0.88330810118317138       0.15948928946503055       0.44082872516445715     
  0.70853032911960578      -0.44733599882663322       0.54577951305581518     
  0.87133276573927965       0.15631245535937965       0.46512968906387997     
  0.98108009202932323       0.17096435409211300        9.0846258335752952E-002
  0.81772212462047356       0.29957818662054403      -0.49151138034365710     
  0.99736626493674141        2.3558109148537641E-002  -6.8597004741334594E-002
  0.70121144043759731       0.71252926751439616        2.4587776126196309E-002
  0.86482769186570474       0.48952248636829093      -0.11153832848867490     
  0.74778009404486023       0.65366982131509466      -0.11636449480901023     
  0.45774939527273600       0.83659713595933161       0.30094970216315542     
  0.50770736720277387       0.76982062408387042       0.38679379005246395     
  0.53403725390103962       0.84113581447359875        8.5409326514586284E-002
  0.38554880419873100       0.82064852331033755       0.42176785174962345     
  0.18811224247449582       0.40494869679151424       0.89477949082333819     
  0.14588376531913147       0.29718171150296607       0.94361059625487498     
 -0.16785187952046718       0.84231976532705699       0.51217493054699326     
 -0.75224778183351471       0.53675512045136786       0.38212199020181470     
 -0.59723302481676510       0.59840705873051403       0.53406151904973742     
 -0.46736951345341721       0.49540155692052679       0.73221788785513497     
