 -0.17560509007894620       0.94339618564973771       0.28136540163973944     
 -0.37656426191750592       0.91920213243612037       0.11518158000050925     
 -0.70756446671271567       0.69552620570113100       0.12488323597880163     
 -0.94956549733511919       0.30379302744610265       -7.7686309899726330E-002
 -0.92932699469376379       0.22131228351132959       0.29558790587649730     
 -0.76059363846205807       0.11265963424650946       0.63937870150833864     
 -0.88734253877219760       0.39932627825637329       0.23056830306705758     
 -0.83620004167194040       0.50232924620306207       0.22007911922057891     
 -0.79010718368508914       0.44092648369617338      -0.42581037359902618     
 -0.71108955478870106       0.44911146791098888      -0.54097184257708042     
 -0.56766194115206281       0.21445008285286260      -0.79484028743633239     
 -0.73440373210569443       0.17907267310048650      -0.65466337610856840     
 -0.16416383037769117      -0.40289198106799506      -0.90040451375302866     
 -0.23515991306718731      -0.70973747764247541      -0.66405762409291424     
 -0.70385148856301416      -0.59541334944301894      -0.38739647049588888     
 -0.92620392309539956      -0.24742292894825815      -0.28447879898747375     
 -0.66063832248152132      -0.53671463678857056      -0.52487560957403490     
 -0.39709105571334041      -0.46098513882649794      -0.79360657460329809     
   2.9857188872665641E-003 -0.75589179049541788      -0.65468976358604947     
 -0.27342944424836002      -0.46686386299632582      -0.84099611916237749     
  0.22969134974689734      -0.85120867534636435      -0.47189583052463635     
 -0.14780562082347615      -0.72368238332430823      -0.67411965296899379     
  0.67855324234881997      -0.73128889908089212       -6.9152320127097239E-002
  0.49956034663356813      -0.84290224243265000      -0.19988814315351391     
  -7.1160226647619146E-002 -0.95527097206653300      -0.28704284013109099     
   2.5301049678186961E-002 -0.97736116269939977      -0.21005954996634282     
  0.44137206077332874      -0.89721897368571568       -1.3741078089284528E-002
  0.17803804777276855      -0.95992843754308976       0.21642515644293028     
  0.86939603782670172      -0.49057771320740085       -5.9025729266408741E-002
  0.72284188780188774      -0.68880646026472292       -5.5183924621117528E-002
  0.54506414291294980      -0.35417393782773365       0.75991177242767582     
  0.93131739445966222        6.7420474574922840E-002  0.35791394270824289     
  0.66036416688775967      -0.58123436323469890       0.47548478638731489     
  0.87158441547759791        1.2163115215107330E-002  0.49009454733228797     
  0.94245082408291247       0.29747748865161949       0.15262237034907530     
  0.88531311107650357       0.38712297660889333      -0.25759754722728695     
  0.98824993426699570       -9.4363861441296271E-002  0.12023946554758896     
  0.91057095663938736       0.38859201739058302      -0.14091407646204915     
  0.73351463619275759       0.59607752153909366       0.32656984981290410     
  0.78766295539923348       0.47952553327580738       0.38683631115538086     
  0.21091568402492528       0.97564371580481013        6.0281954537701909E-002
  0.33643852162216226       0.89364371953371335       0.29700172340686248     
   8.9368256852363631E-003  0.99466234448678637      -0.10279568865825660     
  0.14583972779664839       0.91693260315902891       0.37143690589413580     
  0.30742691407754508       0.48080859545768473       0.82116489637268919     
  0.34612127317235636       0.53196830184657562       0.77279349770040029     
 -0.11537495733538290       0.64676370016590212       0.75391334738653493     
 -0.37484220067886076       -2.5075417651819421E-002  0.92674945266766595     
 -0.52554581047867543       0.41855315794079062       0.74068539547240020     
 -0.44061950290443352       0.53926383405819989       0.71766912357792190     
