 -0.35431510201855948       0.93440819074127024       -3.6635250199833630E-002
 -0.49823603527954824       0.86653711267941114        2.9568319163367399E-002
 -0.78795836860654167       0.40698763850632391       0.46204185031873624     
 -0.95023891911713687       0.26850100919454634      -0.15796583382682045     
 -0.94235090138087652       0.22843979694241104       0.24452001521256983     
 -0.43747693425750911       0.50248332857552302       0.74573751179373604     
 -0.94758242050148278       0.23312541093294575       0.21849507805416202     
 -0.82244787241654316       0.47121416599430804       0.31864824952255427     
 -0.99885577458312169        1.1999900926849048E-003  -4.7809011762724576E-002
 -0.87198129555690684       0.11296888960336864      -0.47632620144254034     
 -0.80459094299407330      -0.13547007906245551      -0.57817062544781794     
 -0.71724722236354133       -1.4380472185591579E-002 -0.69667038406372739     
 -0.26032528493801654      -0.48247562850938819      -0.83633008669807563     
 -0.31043923954390884      -0.70139791966920473      -0.64161393129755995     
 -0.58894850152233069      -0.71824025740472175      -0.37050046585368740     
 -0.79989772617041521      -0.47886451313235051      -0.36173527023213714     
 -0.55872053638107133      -0.66441745177566469      -0.49636761780154653     
 -0.44742815827180732      -0.43024939028009224      -0.78402391886288136     
  0.23077812193389455      -0.22479579333675687      -0.94668279256293830     
 -0.30758675533853125      -0.43296222558189268      -0.84730991919101728     
  0.26739312865238091      -0.75590812070073155      -0.59758164949082948     
 -0.14507900102259139      -0.65751079440391935      -0.73934541231052164     
  0.66814539568197417      -0.64035541521241157      -0.37884914205672743     
  0.41147097224880069      -0.89487058423090970      -0.17291118088445773     
 -0.16776718186783235      -0.97947807992085689      -0.11169988201730530     
  0.16918413659945919      -0.93243278245794847       0.31928957721921802     
  0.22637214884137427      -0.97344529566605598       -3.4057401171594698E-002
  0.42232025229807124      -0.84913289875184728       0.31720486244094770     
  0.76230430443226616      -0.58473040719873381      -0.27745720091798520     
  0.74900417370946437      -0.65444538289182508       0.10341174293753194     
  0.84364420423947972       -8.7764109442843626E-003  0.53683091496678359     
  0.99312408677788255      -0.11642819115614997       -1.2207561824686054E-002
  0.94247628170020981      -0.18766839430357055       0.27662073713311192     
  0.97356518958448135       0.18952456129508893       0.12748043887294302     
  0.93853092115233394       0.32272521756013489       0.12250773033453832     
  0.99133194664505075        5.2416575104631047E-002 -0.12047188142979826     
  0.86033080589572286       -2.7005232241216218E-002  0.50902025682522345     
  0.73284362906940637       0.63468133219328116       0.24519343771346599     
  0.89039724559256939       0.39161244611905571       0.23201818266209143     
  0.66520878498052638       0.53031271663992441       0.52560983148597895     
  0.34846034377699342       0.93709652698719470       -2.0627358613323099E-002
  0.39605916748923220       0.90262146007445854       0.16855751440025507     
  0.40891171606341131       0.83162554888461049      -0.37575278429899917     
 -0.10777751477104165       0.84942729806410877       0.51658229994192373     
  0.35122097727247015       0.48895507449423758       0.79847777692939459     
  0.11071465684469106       0.46993669855341713       0.87572927558262958     
   9.4464081332941735E-002  0.74873006301621770       0.65610961742200813     
  -7.4540102018286286E-002  0.44717256137310124       0.89133634142568563     
 -0.35042648619248656       0.78243001985860927       0.51478591841545651     
 -0.31968739144217817       0.81580816988441041       0.48193049468024635     
