 -0.85893108447022193       0.45056154024483391       0.24337561624577653     
 -0.80054417938107414       0.59728667377143141        4.8761113544937673E-002
 -0.73349965769724212       0.46478132951866158       0.49594008497891334     
 -0.96530689411803694       0.20787809899910598      -0.15801675899949069     
 -0.90061475774375144       0.20482401423066993       0.38332777270710922     
 -0.48598924002351274       0.52956645247197576       0.69525091225946101     
 -0.66862259262659229       0.64811859643824665       0.36453547643570827     
 -0.55887757090835855       0.73869059777269619      -0.37681834018235605     
 -0.85565783920239202       0.27372824171674937      -0.43922945244843081     
 -0.85995704864941502       0.13153481956258012      -0.49312520288545891     
 -0.43565515657162068       -8.1361356534813079E-002 -0.89642897890204976     
 -0.67122632398269633      -0.14111593599711067      -0.72769603173325903     
 -0.38014346186764819      -0.78672127892897081      -0.48637493529132730     
 -0.53775397376958023      -0.80805422327333154      -0.24055983859563196     
 -0.80180980685713465      -0.47472218501118502      -0.36295988853581107     
 -0.97260854719415646      -0.23062845472089305       -2.9036697434892483E-002
 -0.40305423797300771      -0.91482933065309047        2.5190812389013037E-002
 -0.56338192213435434      -0.61326288181152289      -0.55363295386422628     
 -0.13447439323686436        7.8442279702475894E-003 -0.99088602051453345     
  -2.0625769645051972E-002 -0.33308097956621729      -0.94267260418331733     
  0.34587180797866873      -0.67809676478972070      -0.64850402468086688     
  0.16068577706542084      -0.69423873787166190      -0.70157868830748027     
  0.77297279336816449      -0.47638180497275784      -0.41901484055283039     
  0.42260694410657962      -0.87516085460852566      -0.23557769281868157     
  -2.5804941740892255E-002 -0.99404652435575080      -0.10585656520973583     
 -0.27266022919205113      -0.94051314067527836       0.20271021590947252     
  0.30431933423896024      -0.93821750194593700      -0.16473512634129264     
  0.63335920398636636      -0.58175178930618676       0.51031458372734129     
  0.51392541279757653      -0.62987073304065477      -0.58236030920699799     
  0.76998704193897660      -0.28913966805359331      -0.56878660990210106     
  0.64304831395417006      -0.38517255547728291       0.66191462321646932     
  0.98126433200828322      -0.18523237928955399        5.3002607398773285E-002
  0.95607946204601058      -0.24507295222430750      -0.16078342682587948     
  0.98563188209767416       0.12869816911337206      -0.10939183817572506     
  0.95589754242677594       0.26080166462087528      -0.13506435545115597     
  0.96743215692278772        2.7684552140059410E-002  0.25161197770481553     
  0.95001331693991087      -0.10741525101802699       0.29314955481045357     
  0.82065994517469931       0.35395353683871844       0.44859129298864642     
  0.93257917603109497       0.36096503160145788        5.7130913495772023E-004
  0.60772902554582198       0.65145572294093668       0.45417053246179773     
  0.17529104831971340       0.95353002328885883       0.24505824423130690     
  0.25944154788868234       0.87763820980696849       0.40304001775995973     
 -0.12900669278991617       0.98472141404989133      -0.11696584940484120     
  0.16226429874053097       0.57933509090353719       0.79877478039935468     
  0.61594840051617106       0.49519738568554322       0.61268843396279160     
  0.40661586444952125       0.61715753156099584       0.67363203606680377     
  -3.5336483969187177E-002  0.77695150330513441       0.62856797119530960     
 -0.34384106387118518       0.73866173111544786       0.57978631389630442     
 -0.41921379744740284       0.65965809982825852       0.62378761077846046     
 -0.42373111125666962       0.75036513774966829       0.50735008170208407     
