 -0.58636703945572966       0.80113171546931217      -0.11984018319880071     
 -0.77928552036489807       0.60886682749396637      -0.14830800425818524     
 -0.70541524441781356       0.35491898754010709       0.61353226909956382     
 -0.99954547120047821        1.1801120195877278E-002   2.7741387217171690E-002
 -0.81862858819532536       0.26547451369913067       0.50928431859378376     
 -0.46032598966770977       0.64988930607786000       0.60476761907535936     
 -0.52772658045243770       0.80139790776634601       0.28154226984894892     
 -0.52204431234470139       0.75108546686838107      -0.40415387837759431     
 -0.85261525369756030       0.35466559505702855      -0.38374411375953127     
 -0.84231697087825230       -4.3551425118036599E-002 -0.53722006099984076     
 -0.60363755932904395      -0.23939642018898488      -0.76046765280843853     
 -0.28269344950332798      -0.38332337246123860      -0.87928812441249882     
 -0.43386615847182763      -0.78955369346368476      -0.43401050871004593     
 -0.65970325562505605      -0.70945005692184770      -0.24793594183032000     
 -0.70989660586602554      -0.43505125645912002      -0.55387472702158635     
 -0.91846167729612327      -0.32421596924730817      -0.22652185904106781     
 -0.77453615759120453      -0.62954632029723245       -6.1360990735717241E-002
 -0.51849429507635503      -0.50890416907876612      -0.68715370381562113     
  0.20259464065493776      -0.39855991631690968      -0.89448611206846340     
 -0.24406412369867786      -0.74195693391080897      -0.62444584372455214     
  0.19814172848236838      -0.79727564741922730      -0.57016786779533069     
   6.6214282374466540E-002 -0.63741790849503854      -0.76766794822986162     
  0.79646685990553023      -0.59341274209335437      -0.11619749822380182     
  0.32479046758906727      -0.94487285394608833       -4.1550475798094899E-002
 -0.12943806497921420      -0.98943953956303399       -6.5231778173905353E-002
 -0.16939729487383443      -0.95365366163618859       0.24869509471905607     
  0.66384820221485119      -0.74736290707524211       -2.7463603990619270E-002
  0.81898314111376758      -0.57267992817066571        3.6115293739228088E-002
  0.73169471364487570      -0.44097699484069663      -0.51977123433815797     
  0.97402790385182492      -0.18778035002751425       0.12652344708221600     
  0.39322718684605046      -0.62720412083553168       0.67230005974421192     
  0.67379301635516886      -0.61970336527424330       0.40245584873223061     
  0.98123382074806009       -8.2940365519996076E-002  0.17407206779828993     
  0.90903641471096719       0.26677941771147196       0.32012737935852847     
  0.94390881881441047       -6.0254691892524331E-002  0.32466215342926519     
  0.84221357918152018       -3.5168959793962382E-002  0.53799575398813804     
  0.78179832660764914      -0.10930239259167107       0.61387650507835800     
  0.72145734760020808       0.52046929047288115       0.45673954642479964     
  0.84953649255251962       0.47859181334231699      -0.22189552501860133     
  0.61057170595413979       0.56639685816397967       0.55353120142430046     
  0.53751522636619764       0.84047026445913642       -6.8462515177951599E-002
  0.31686275760937355       0.88510494483619517       0.34086247881910126     
  0.78730646845970054       0.61498376896257489        4.4085015981689860E-002
 -0.16669297236910255       0.92605833415138905       0.33856966005758987     
 -0.37249540302564621       0.38287184111229550       0.84537348432988380     
 -0.26457913284624962       0.53648748099668753       0.80136075845786081     
 -0.19066044522769984       0.77651897775728984       0.60055546938509441     
   1.9587894671785434E-002  0.95090557081682847       0.30886066400863199     
  -4.3624148602950705E-002  0.96735465273242782       0.24964356489922782     
  -8.8266446320412112E-002  0.99128543904197297        9.7786567571074734E-002
