 -0.92132848769176234       0.38536594573719585        5.1448086783582203E-002
 -0.84196858716076828       0.45040807315051562      -0.29702098558072243     
 -0.39792733854078288       0.80133838994425455       0.44666611472485640     
 -0.64105766172138900       0.59766575770240926       0.48149840749301165     
 -0.56740207222780148       0.49842976930145566       0.65545606527492817     
 -0.51117771236749321       0.47406338628222944       0.71691090950365666     
 -0.35766646710650141       0.64350520073978612       0.67673905970351667     
 -0.44330310732765899       0.84822155779136466      -0.28983192358956889     
 -0.82325258225324116       0.41400365903706837      -0.38840205472845879     
 -0.59319798812120283      -0.19770516047715891      -0.78040298334236091     
 -0.70088430405249480      -0.50260009350744395      -0.50611692160918809     
 -0.11354909664255544      -0.51417892356585415      -0.85013330555408639     
 -0.64955545260482417      -0.76031380457428244       -7.9533962759779919E-004
 -0.75149524091534581      -0.63199054106590158      -0.18932210352944803     
 -0.69981469123191942      -0.69985598047719322      -0.14304196770975863     
 -0.78587944453828196      -0.61440829087799687       -6.9971070826320647E-002
 -0.44283100123560604      -0.89406253456028717        6.7475096445343039E-002
 -0.21179444377817724      -0.74580114548157095      -0.63160412046080927     
   3.8115475823605471E-003 -0.18648030153565479      -0.98245130629675514     
 -0.22453721973761495      -0.63019885203059234      -0.74325799279377180     
  -1.6752816595651226E-002 -0.63449586357361798      -0.77274468114900863     
   5.7425505829114654E-002 -0.56848668485488363      -0.82068581102817595     
  0.60103789547396913      -0.66987676571230736      -0.43591119160104208     
  0.39241398065764216      -0.90970276177240228      -0.13583870217315294     
 -0.24228354198579449      -0.96924462773727249       -4.3168702612597323E-002
  -8.8525294248365485E-002 -0.84677701021120022      -0.52453023483496475     
  0.70638328392909588      -0.69184540145911733      -0.14957471933926109     
  0.74367807085936166      -0.66316672946931376        8.4574321444956135E-002
  0.72733212555665450      -0.54885917153752273      -0.41199707396094859     
  0.93890708772893816       0.19787687456370756       0.28159940185530347     
  0.48375437141799055      -0.57095274981371880       0.66332093711425921     
  0.48150306311171931      -0.63330507032059180       0.60587085102376459     
  0.66819605504423119        4.0173979450183396E-002  0.74289978018469049     
  0.63648979926370353       0.44547390328668118       0.62962984119542798     
  0.74006038699440890        2.3469537456047657E-002  0.67213079412662768     
  0.65989765908296705      -0.17442430352980975       0.73082914684279099     
  0.63020630059417293      -0.29227801301385470       0.71931466118805265     
  0.99489137354321766       -1.2936030446304607E-002  0.10011899902408809     
  0.98146671948865838       0.13482117130059068      -0.13618491217940820     
  0.65661158894450167       0.72730331731929465       0.19972757916755374     
  0.73866203279414167       0.56822125165776427      -0.36263343816161953     
  0.50092795186388772       0.81910223705774043      -0.27954018009663517     
  0.90598156366288451       0.36009254999862478       0.22255507574182243     
 -0.60574723496189953       0.60422350915327983       0.51767194082982215     
  -2.0941404733143237E-002  0.51153538364717677       0.85900698998596337     
  0.11975846992128153       0.75597802330647657       0.64354886151694068     
 -0.21617189663608238       0.82020819882903351       0.52964914960603404     
 -0.48370287830266001       0.83075798440023318       0.27544998979304713     
 -0.19519712761914484       0.84649814168277593       0.49531704745228289     
 -0.70345748064493319       0.71073363116619070        2.2974886310349329E-003
