 -0.74808137603243607       0.66358017409600811        5.9671919806662324E-003
 -0.80860661127259914       0.52195016151810358      -0.27152049111894705     
 -0.53096399354845780       0.63008759822371030       0.56662761679938378     
 -0.56338309893676308       0.63456768004668718       0.52907782345565224     
 -0.48738203160500465       0.59783294068639947       0.63643894467484219     
 -0.42766108263848346       0.41482260813759680       0.80313647792539034     
 -0.68719351217174884       0.45595400222090121       0.56557141431281444     
 -0.93845837684656797       0.34211420503875928        4.7473630967091056E-002
 -0.96662882333436084       0.23691110736031373       -9.7477408195639978E-002
 -0.56620400783927061       -8.9234040039295713E-003 -0.82421683698389059     
 -0.23546117474160222      -0.20391417910576842      -0.95025104196150589     
  -6.0280215150652653E-003 -0.21775627945480455      -0.97598456223170527     
 -0.42468454242099857      -0.83469005611970182      -0.35062166168614861     
 -0.68234962014757217      -0.62072106430047502      -0.38614033228626743     
 -0.58159130695089234      -0.76796058037565496      -0.26830597956109620     
 -0.71493697233367792      -0.69733792464318733        5.0842348929691000E-002
 -0.67970551449635142      -0.70796298477391273       0.19180413382736683     
 -0.36612672144520192      -0.70338370134769079      -0.60926397605817351     
  0.12528355702073368       -3.1747884868883941E-002 -0.99161287917543062     
 -0.14736692306156490      -0.45734041393743274      -0.87699642859415750     
  0.16431195762119774      -0.48555247850100869      -0.85862702683075409     
   8.3622003161355096E-002 -0.47673825823521720      -0.87505885157635821     
  0.52336311257721013      -0.68030168750820652      -0.51310882507220879     
  0.18034547601401996      -0.93477512044167144      -0.30605715721828070     
 -0.43371563256711021      -0.79247033093194008      -0.42881409102259493     
   9.7413575557258408E-002 -0.79524469546265664      -0.59841162224313393     
  0.91200608470125910      -0.36035485620674207      -0.19593182252022653     
  0.79724364507199108      -0.60348231487248616       -1.4548746628949803E-002
  0.88949126381581545      -0.38486213988361240      -0.24634614849749628     
  0.87156745335385966      -0.16704089648304782       0.46094198458852742     
  -4.1012026431260229E-002 -0.60932447317334404       0.79185964670516584     
  0.21923140257714696      -0.76138693066576923       0.61010452705697449     
  0.56836020260272546      -0.49608951729026673       0.65640069388453459     
  0.61471312814549206       0.18935066594203345       0.76568537624333255     
  0.80755234416291599      -0.22595761636035983       0.54479571129528015     
  0.85450865361397177      -0.15341932975506201       0.49626350878978176     
  0.76604403039149616      -0.52127755753926930       0.37609340795532265     
  0.87348561608781827       0.46408988887189778       0.14711714221856365     
  0.65525813587635895       0.73000332977858318      -0.19424704342672777     
  0.58827189942126701       0.56441197958320011       0.57911595527517012     
  0.55772516028997876       0.81400882021108778       0.16227225948410745     
  0.26821200864996175       0.94863950206887193       0.16776594866205516     
  0.56615072555290991      -0.22031160219841461       0.79431489592773363     
 -0.46561123485430411       0.86478703058801010       0.18801481245962193     
 -0.24514488958306832       0.66505268920368799       0.70541399454097509     
  0.21472258100935426       0.64979490765236014       0.72915073283495180     
  0.22930001918294626       0.94463119664881667       0.23471984049187014     
   1.9231608419296074E-002  0.99978897374343989        7.2217185386756529E-003
 -0.44109290657331379       0.78393285689637493       0.43690539439219372     
 -0.39781787022741638       0.89031054031431733      -0.22155830820115174     
