   12.342918714092072        3.8325741082232941E-003   13.972590403160131        3.0703155127896959     
   24.948673352318327        1.1183923264143591E-002   28.737470473625130        4.1563536213318129     
   31.073874694753751        1.4774919547856164E-002   36.014868541489029        17.088286419405506     
   37.844971280030215        1.8940779938482193E-002   46.074314239002383        2.0672439474393709     
   51.778737341067696        3.5908975969236388E-002   61.074778255638094        1.7923443528788819E-002
   60.859017804560686        4.4039729692333635E-002   70.519447784152305       0.12002545510909640     
   57.970256886771253        4.0427606560150244E-002   67.750115685615754       0.36100658766592886     
   57.719406760495374        4.4167269784526779E-002   70.156399825095249       0.71102570117619790     
   59.946610407728819        3.6172775685294319E-002   69.667373031843383       0.66298933270293514     
   64.657878752145194        4.0345366294461546E-002   70.595282824997255        3.2568675811162573E-002
   62.794644609387731        5.2360620240478009E-002   77.941921507443141       0.46462793706567429     
   73.227171008371698        4.9688855794163288E-002   78.523483628888087        5.9473836466242158E-002
   67.459685418663483       0.37064430487190536        87.669795754074215        7.5835282140383251E-002
   71.765077624138598       0.69438120598037067        81.032615628687481       0.45142291910847360     
   65.595584611225931       0.73707768591437883        86.418382730972283       0.63391789665824794     
   64.633844003009600       0.76987874577688786        93.275423386030354        3.4348653935071569     
   71.703118061387585       0.72454928129506679        94.143482382829930        1.6459309059115019     
   77.045647360039894       0.73599928375693113        105.07404924623494        2.0291076478366765     
   77.567627458643685        6.3566780862104064        86.793069990860545        1.4594319814704187E-004
   81.658831761647747        6.3718109832776069        91.583532065209525       0.25828927722265604     
   86.188348237677445        4.1596190207823955        98.102873259782356       0.28880011854984100     
   82.074133157106800        5.6653708989020242        90.642948702817847       0.29555818088280400     
   83.839480128047811        9.7941714836448313        86.317469599251410       0.97844829571076342     
   83.123967191147997        9.4729286847090108        86.333166719590906        1.3900630534550100     
   83.342168562153731        9.1558672932401315        98.371376565844088       0.78350079461106215     
   78.096669038314076        14.406740466276625        92.651755715323944       0.45110865397059052     
   76.860597370524090        15.585988828780035        79.838849499339318        1.5258791532224467     
   81.527737605849893        18.660437450688722        77.343218501105795       0.16278482046960885     
   86.222164297165392        19.852840858327344        81.573993076686563       0.17160655265696956     
   86.868394568932459        20.525960171059982        76.895947368570305       0.99931175951012241     
   83.487109067589628        22.230230272484796        69.331062337744498       0.95911034380900362     
   83.760517979893478        26.949917298756965        70.139223588450932       0.82076083983051928     
   86.845161382456638        27.842630549266325        70.219467577892374       0.17875557731684236     
   89.808824466422877        27.896558971157624        73.437100017997423        1.2476894755266442E-002
   87.471641659691315        30.568821552294263        85.849894986041676        1.6160383687471427E-002
   99.746413134587698        38.236250735773254        85.518329861213601       0.19120401024755299     
   90.263769907975600        36.255745921316425        98.039005696744724       0.16166976653911574     
   93.641669645729763        32.703053951803682        100.66901282330723        8.0837853231463003E-002
   111.27770073564429        34.813634390319457        98.853357148171156        7.7072119489222170E-005
   102.50630675470852        42.508097703862639        101.45978179244736        9.6692087712661971E-003
   101.58229828016947        46.885069741414576        82.406828758908205        1.7010180614632298E-003
   95.635301942797270        44.822318480257074        76.784837470147707        3.0541574760327178E-002
   98.043727099616916        43.600606748578372        89.661292560052289        1.1292832626084590E-002
   84.097758574500958        48.023982234876790        96.949119867249649        1.9642598328038153E-002
   86.309899688695850        48.241598216640583        94.782497996479776        3.2606748924201623E-002
   91.523501831938958        51.314462764988512        85.133501553310211        7.3924631822331652E-002
   90.183610992040812        52.939672281493188        86.442827849842175        1.6784526014718526E-003
   100.48260640631543        52.757537732018498        84.810233882142967       0.46005310889569306     
   96.513772086709892        48.540227667873467        90.234377072960754       0.58335491512035009     
   91.346883298968947        48.889276017810758        95.106208207943070       0.85810140913270561     
   88.728237119529268        47.100813172455688        106.91635399472182       0.84106094746858606     
   84.522579725736762        41.679825393921149        108.69877020037626       0.48003341298118762     
   95.632769283004663        40.846365271875698        106.68243266543331       0.78108948916879417     
   91.001763022175012        39.728491637847739        97.423941463789134        2.1745725129805571     
   89.726752039319578        44.490976856617941        102.82758975118129        2.5208418700885380     
   94.116880231575848        38.059866207015077        98.822719696181437        1.5871126362756423     
   91.170266745539493        35.549354681247465        109.35420641535677        1.3616522399327544     
   96.763525771035845        38.199158485111418        96.061785509369344       0.80297093689223531     
   95.123443983356211        35.824550502550260        100.66628410357812        1.1900850281500843     
   88.561791918751538        39.154434619242430        107.64842142972844       0.56146825394393818     
   95.333870028427199        38.160303719801178        102.11365190541993       0.34300827625328062     
   101.54024731638037        42.979033877825401        100.77008775217433        7.2550390132973652E-002
   103.18992167620772        43.003119967214694        103.49815719574715        1.3707612145430270     
   111.13291316733250        43.858920398412366        95.504011019526516        1.1507629933121357     
   110.69389171202739        41.438308237725515        90.050069690674036       0.92147207442716417     
   96.704384171115734        43.846681839853346        77.033945102022017        1.4678925434832713     
   109.66212749325426        41.779938768144767        87.268715615565483       0.24251512826970636     
   111.21054705983369        39.518849141494115        101.22919921286233        1.9163282579317441E-002
   107.78016548651394        40.766231914923218        98.683235273426675       0.22809363454330836     
   107.26940512630718        45.439766171199565        78.736731623144323       0.21027322430438539     
   104.84673487921670        49.541173568709297        86.973854950172040        8.7761422093822761E-003
   93.610791515907550        50.789530070548331        88.507986133549153       0.15167147309886714     
   100.43069839952472        51.631391586089826        96.388046876166811       0.77756015618354124     
   104.42418384946404        55.196449339586465        93.602364522775247        2.0313563244983275     
   105.18441427218981        53.647890828501112        81.068836736732919       0.12168136588661455     
   102.61422668144178        51.038938733483192        78.029335528222887       0.35157057859431551     
   106.83241265206591        43.753919629790133        87.308224492198306       0.63888122310305739     
   93.925709616692743        46.152662226055696        90.893215072065445        3.6172191943734515     
   96.376599469909351        41.824016741344096        107.75357350037366        1.4812757616886043     
   103.34536919898581        44.949770076039798        113.65364229876384        4.2241507909749716     
   105.17328018420780        40.223675104711553        100.61534107613409        8.3712166306115101     
   116.84260019494464        38.018877113048667        87.473437513842157        10.283581762291895     
   112.33742043901168        41.808664565505808        105.02266431625927        14.284212165809601     
   108.34359398535364        41.414413195216717        96.032961767784187        7.7037275771383129     
   112.43683557323440        36.937099156840254        108.57610265874658        34.848683450637566     
   127.62720664083710        39.414359542026766        110.50003917767567        3.1337216955105989     
   104.10538528498233        52.206084504562696        125.23984773536004        1.0087725941361330     
   109.44736990586811        44.971847874825364        117.85817594760934        1.1325083124948243     
   102.80250858877618        42.876791160262833        109.25722596323443        2.6832788247294648     
   92.795916687623404        44.836943162117834        111.12398656019803        21.264853228629153     
   84.186469770069337        43.729997264645462        116.91213903544394        3.6518485848514164     
   94.584814307859048        40.394565405090063        108.96172305397970        8.2674062645569890     
   109.59179538382686        42.825386135466879        88.284001187568848        6.3667438142005359     
   110.26476475255578        44.180427144899632        86.182469612229923        4.9038177815561310     
   100.62708203321773        47.147449082414205        94.778273902126244       0.54150658403076379     
   95.543315174775856        51.487843186653286        86.897307565998901        1.7399911535601123E-003
   91.047332119249234        54.127090640803175        92.977328686301533       0.30856198110196859     
   96.314797413825389        47.028129422322195        96.778882400309300       0.31379388493097710     
   100.19823618577740        50.602562849488841        107.02676556647739       0.67095123786577271     
   104.83128531227116        49.602872123917138        95.864455733325187       0.29884977173747762     
