   49.140746575682130        56.426735763781082        1.3941358407433544     
   50.346232713402181        57.690626687573697        5.1406269832645552     
   51.315951002303706        58.796611187676298        9.0961131657276741     
   52.653081484319863        60.614342793189813        12.134522034735520     
   54.399153603609413        63.278149827779394        15.531605497708290     
   54.770550705423688        66.418866401318709        17.787394814151547     
   56.202251361207452        71.110823598509114        18.313751555551470     
   57.257155199816651        74.641083529610697        19.371983840209250     
   58.726177627094913        78.633136507744780        21.546850283981897     
   59.635334188775502        82.964038865213169        22.828590945758116     
   60.239303455352164        87.471129229099887        22.431152754859319     
   59.778286542015060        91.211414159089188        21.887566490568094     
   58.170552866036573        95.504711855285365        20.129959337683680     
   55.120547113206726        98.412776392267986        18.024458326968606     
   51.403186415668117        101.92130683021875        17.289520406558289     
   47.794925829026710        104.27055854504788        16.855948492159534     
   44.491930260495458        107.73283383291324        15.914240942709156     
   42.220180288222330        110.65080674774802        15.073856098180013     
   39.706936130872869        113.32538745336144        13.129481833595715     
   36.871708540468212        115.90956757511714        11.444826890686910     
   34.487738118578825        118.94746617847889        9.5275187645055137     
   32.496080681311945        122.25573537658109        7.1984625667689182     
   32.617555376893058        126.01293990944525        4.9825803830905135     
   32.908925187201127        129.45142136059948        1.9665971581521773     
   34.126308556188981        131.16337936580794       -1.3464383038918941     
   30.371619451315969        131.31155232782504       -3.2965353839521567     
   26.242351073762613        130.57557983202761       -2.5967540144444183     
   22.373560423497391        129.14030035754544      -0.91623636369115435     
   18.239363898026028        127.22516411717868       0.54602184201564086     
   14.505473136183992        126.33744664593931        2.2712175300149395     
   10.499143628624067        127.33938836385059        2.6303145777049965     
   5.7156724078909491        128.05940798257427        3.5073929823358063     
   2.5078596268501681        126.83143374740918        4.1577567212343567     
 -0.74623259578264511        124.10356244482944        4.7316475102235600     
  -3.6927633247617417        121.09053381281385        5.2762036343014875     
  -5.8091865424586562        119.84892140267678        8.0016636805402452     
  -7.7515778863366762        119.66932474324365        12.200003662462064     
  -11.223079126592614        120.28676492043300        15.458726618866775     
  -14.382833276633070        121.31477308556842        17.670808583109991     
  -17.296505079905721        122.83673503308505        20.527651590531001     
  -19.514349717840027        124.45809587069432        22.979812376210894     
  -21.951785021619454        126.04616912099695        26.101553054592145     
  -24.939781823970300        128.25419678214703        28.746587331331437     
  -27.821926970780677        130.82071303893923        30.276591293203978     
  -31.176408576082189        133.56422739944549        31.293428988317206     
  -34.413869379565078        135.74796200719283        31.779594101706202     
  -37.650289740458327        137.87425670137691        33.391898699851048     
  -41.678440871341657        137.99604211994009        36.074005563415810     
  -44.900505357691245        139.33434050219427        39.021510773454203     
  -47.625190510785863        140.42783641989789        41.974126056045513     
