   60.507246820625312       0.22389149818531595        33.990355779586658     
   60.075830994147118       0.92097235381207643        33.307399348167962     
   59.496108940061234        1.7323822288590935        32.840619458827824     
   59.048138164693654        2.4385931512895698        32.450267958306696     
   58.682574628359987        3.3569130713087061        32.071937794352621     
   58.509202746280955        4.4006679843857013        32.047950884952201     
   58.402734896473156        5.4956255962107896        32.061921506684740     
   58.314906313234815        6.4788983328941256        32.095976283267248     
   58.237361057536035        7.4940182514026077        32.164895485584715     
   58.169300322948629        8.4448042059939699        32.341749338669885     
   58.047211045381786        9.3344767592033318        32.456202020086643     
   57.885716667557652        10.323381624747665        32.565545348501018     
   57.917247830687366        11.291321424155484        32.706280170438959     
   57.902527793425641        12.296907964919143        32.946217398165089     
   57.676864785500705        13.238607374872597        33.320830687210190     
   57.499739138587252        14.178602271843562        33.489976810863304     
   57.219190310919387        15.167070923663324        33.369715027000581     
   56.954009397941078        16.133129027324514        33.235703085469275     
   56.889633978328511        17.130822827478820        32.929360922797450     
   56.880763017694775        17.947616385147889        32.436476539873091     
   56.779535941705063        18.700082650046205        31.898231212255915     
   56.412564902583171        19.454966998702030        31.419493594684656     
   55.913498335126022        20.256728254589540        30.994479079463311     
   55.304447786036029        20.983678619144971        30.628176155205573     
   54.546803149378846        21.668689119422389        30.444282247496314     
   53.858206513080972        22.313291229488886        30.328519064538767     
   53.311183489607906        23.076119577541508        30.154855938352359     
   52.568898177328869        23.700862792872105        29.950105101112516     
   51.689987545237138        24.265311964500384        29.863819183427317     
   50.789504183902416        24.681479281205924        29.752570241922097     
   49.808914454126487        25.090123554889693        29.613485513579494     
   49.006968461822602        25.630478197781859        29.740375787167800     
   48.120523918769756        26.118603631959406        29.807263208609474     
   47.217544651068067        26.416741615660772        29.736335725914138     
   46.338518003595922        26.906574325680751        29.682542302243789     
   45.608633656019137        27.624612557280219        29.671090198407732     
   45.040993250301653        28.518815975467390        29.629585530977636     
   44.647994908931729        29.421318410007334        29.492629295312675     
   44.365974422606712        30.265614656682050        29.081620566549343     
   43.948187124821082        30.931552390248509        28.628567194375982     
   43.612627583569768        31.623931118186796        28.032466233678374     
   43.105703396767481        32.363202409532136        27.445366052940720     
   42.546969014412959        33.167098831510387        26.987308465503023     
   42.036326197717180        33.861775356045278        26.444810951459356     
   41.561969077865108        34.608222162426529        25.911515259468917     
   41.227177702737812        35.422344307359566        25.378926524834963     
   40.880001819622898        36.280159633674053        25.006776841158469     
   40.455257832436480        37.167581676106835        24.512279653937046     
   40.051763558381587        37.852837391154615        24.035334167555231     
   39.746650710091778        38.706253193179940        23.590959058026968     
   39.756309735621016        39.614269275117813        23.113347763616364     
   39.622849898905372        40.599344731853044        22.629144822909275     
   39.372405926634755        41.592567002976793        22.456772660499535     
   39.205774359329226        42.576546679190649        22.087042062957760     
   39.396436328782912        43.603214064185586        21.817491054365739     
   39.579343421612641        44.578169156548221        21.595927396847241     
   39.741663727134707        45.504792384653577        21.297662952261643     
   39.709525735896321        46.356815545941593        20.993970313351557     
   39.664261410896792        47.314619701202496        20.750075408053359     
   39.445234687229700        48.228262149559427        20.600631422237491     
   39.132810280852915        49.145420190772988        20.385454261209151     
   38.702514203623302        49.982743690605652        20.184544673040431     
   38.364171627826906        50.929102048598018        19.920586393336734     
   37.999565361615502        51.896053745539412        19.608638687187220     
   37.518065691637908        52.711615010626609        19.376458299349149     
   37.100643207207845        53.687921940704413        19.306069992551716     
   36.629996580226667        54.600437693837577        19.335799713880171     
   36.199410427399826        55.477408283541074        19.423913342650685     
   35.635672098665019        56.415419322606930        19.586989420972433     
   35.024404535917945        57.346712213992838        19.758217016534633     
   34.604373953866812        58.242160778274766        19.929580789002717     
   34.200672684350437        59.007766262605607        20.002560174577219     
   33.798650281328861        59.943087933573665        20.206984615039040     
   33.423792568526267        60.827970663409410        20.532122171229961     
   33.019356422593049        61.684016431504183        20.895546607005748     
   32.417459875752492        62.332091759472256        21.294142976571699     
   31.985599683045383        63.175615526365519        21.718620267984431     
   31.492441595242511        63.952104413388007        21.911563009614177     
   30.946893602954301        64.761593199978378        22.252963457419590     
   30.255863105561048        65.348647778948205        22.748745443245820     
   29.600554424210600        65.928048687930385        23.136015043495750     
   28.856119268358139        66.503420905004830        23.625357350759970     
   28.368093764155820        67.133311960508536        24.183691369816966     
   28.081748185795629        67.759108726376695        24.971775355689090     
   27.843773470888369        68.291468432592296        25.779879876699017     
   27.655846791606777        68.819190183930473        26.561700565007094     
   27.581730727232863        69.144992414432124        27.553008832479026     
   27.301523575740593        69.231256634903801        28.497022500373099     
   26.882662866231385        69.331455263853115        29.502430608344927     
   26.314574074720099        69.549682986052929        30.308563739699057     
   25.723353257984034        69.628253478330379        31.080281735978140     
   25.044944074312482        69.683082384363132        31.845566801598157     
   24.221707516848888        69.646884031952538        32.392624002662465     
   23.328037748666443        69.674558428360200        32.783136865734122     
   22.441606124210573        69.643822488421804        33.195356021649076     
   21.511473310721911        69.564807793676778        33.680314858988609     
   20.748905645438043        69.629054191917575        34.277116656803621     
   20.022272170497480        69.546211434324917        34.884388181156176     
   19.387809056301325        69.367842674797544        35.524000659124397     
   18.885390986187982        69.173093586131742        36.406791249511613     
