   47.337315983049550       -55.304017812063179       -75.074551387699231     
   46.842798521420946       -51.725213521824180       -72.649547884610030     
   46.423933007865443       -48.768023015976574       -70.819084652319845     
   46.363788037243410       -46.578991214945781       -67.316520171820272     
   46.522503227513724       -44.464437375156265       -63.363388852655696     
   46.221492538542769       -40.803535804495070       -60.771500115017503     
   46.602982911977350       -38.273374696288428       -56.961056278002204     
   47.967893496860860       -35.443304505113389       -54.647041283972342     
   47.749003316704034       -32.205447489271442       -52.815178448077397     
   48.754751432787927       -27.617072312344920       -52.288714207123796     
   51.417669633812004       -24.153777255985975       -52.556001066340109     
   53.774883605967410       -21.386802727893336       -54.927134935933886     
   54.969196615770699       -18.911918681759158       -58.723354879166756     
   55.729838738938213       -16.074529167090844       -62.923345503223430     
   53.619757956035137       -12.252898218326616       -65.521983186635367     
   50.536434598433090       -10.336287730285024       -67.313050264045827     
   47.315039226195069       -9.5800141044645208       -70.090108524302323     
   44.278440727980843       -8.9122476979930756       -74.228594175768507     
   41.758206904610866       -8.4970453771858754       -77.466999142359015     
   38.321441811742496       -7.9697524326056257       -80.179657197093647     
   35.460423214347337       -8.5902051968672506       -83.371333248082422     
   32.732193276486726       -7.9033155178516417       -86.752478232070857     
   31.898816991839066       -8.7689961081501639       -90.718406294230945     
   30.267747884170369       -10.860749905312790       -93.678383269740721     
   28.641822501418496       -12.617923325956770       -97.779631309121882     
   29.178516733956499       -14.717267160554902       -101.46026893225414     
   31.327438782989464       -17.334185089658039       -104.21430701968680     
   33.141200997390534       -21.036352113067970       -106.91517168070357     
   35.387729983666148       -24.011054876277797       -108.97377266626468     
   37.018390552681893       -27.327074805853815       -110.74122651886448     
   38.987001401839692       -30.439710583469228       -112.74427224061145     
   40.636787765160335       -34.270328927938060       -114.11499757008211     
   42.275889880793073       -38.018035592830891       -115.64391371914165     
   43.840687262770857       -42.079428144395195       -116.56644958778394     
   46.410388095845001       -46.066215216096090       -117.95250139421647     
   48.745335411121886       -49.125746039636077       -119.30641284291944     
   52.190502643216050       -52.534195974963076       -120.25435103735721     
   53.303098393472801       -56.313267744191990       -121.92119255006729     
   55.176771818481207       -59.768168016121102       -122.58368477333815     
   56.687100783883139       -63.667909077472494       -123.67422451068811     
   58.703018812422428       -66.862398554692916       -125.33274219693162     
   60.678036692931634       -69.920205236299637       -127.60297520068099     
   62.971237138804177       -71.008027739706193       -129.86399883252489     
   66.984776630879963       -72.275148557691438       -130.99518417278415     
   71.287387174143603       -72.944336695648786       -131.01372323680516     
   74.871983404771896       -72.448763831347861       -130.10621770522550     
   78.254506817703799       -70.839146810440852       -127.72698220005407     
   80.154147081949134       -67.593043683969427       -125.62046732260777     
   80.531134869785475       -63.417300319573492       -123.27836957432045     
   81.006334428189092       -59.403585660223449       -123.37561415332829     
