  -148.45451860243324        241.18478403635226        31.157076844521338     
  -163.22896572540745        241.45573417923862        20.800859620205035     
  -178.73976474755742        250.06301763263630        20.905341084497827     
  -186.66132655672556        248.96435486735021        5.9563075940464874     
  -194.89270534310100        238.83061144925483        1.3627077695331185     
  -191.27379206832128        219.21814888414411        9.0073884532835358     
  -183.33873992459021        207.57053981747126        24.102897644589561     
  -170.41526817486783        203.40755581967861        41.881230939656355     
  -160.37540382598607        202.80846462447209        55.595605412700422     
  -151.48082378978367        217.88375673943699        60.367082903765692     
  -137.50750339089211        232.89953808462079        73.223407551265851     
  -129.57831800629640        250.73072898568219        72.957738096620020     
  -129.89598094212388        267.19351342848660        66.665071010125018     
  -114.43062530498929        280.59931713568130        62.683726074393093     
  -109.74384736187736        295.80664170615000        56.783685125036698     
  -102.86382671626933        309.73575783320774        42.908380683936286     
  -91.317980287744973        306.52801582973325        28.054369178856412     
  -81.540243802804639        291.04454802344640        20.972944679745495     
  -68.115108641620651        289.35721318275051        2.0264570361376792     
  -59.194691954330125        303.52943265562146        11.034926043038656     
  -64.349588927920664        324.64497019319384        16.341884769163382     
  -63.246636919722427        346.88169132293018        12.114355679641410     
  -64.976467747006851        361.50240042794826        11.848592662768212     
  -58.284150453694096        381.59658519565158       -6.5088624252933274     
  -47.976877691110758        395.04606782785942       -17.590920412258171     
  -29.709413093853868        394.67163563235675       -11.701137637687257     
  -11.314680589241918        386.85289988559254      -0.47512591642745350     
   2.3552418710355725        380.31731205035379        13.752291268894567     
   8.9056701413237480        377.15145724077388        27.484011681268456     
   12.086840439214185        388.63598801297820        43.705369467354117     
   22.457088852704036        394.76930033999349        62.370810937069905     
   34.081958748007175        388.85261137890683        77.590370915689633     
   33.946545835944526        367.09506157545798        90.440974877218864     
   32.411349033973039        363.29197253770735        102.53508001953405     
   20.879609919443983        360.87447612472192        119.62425819085270     
   14.439601295579905        354.13488468355899        130.35857038573513     
  -5.3382037130213540        345.24723861453657        125.57048568417157     
  -23.674933237830484        341.53472452393669        117.05604860125204     
  -38.814513549828384        348.59696127194172        103.75672266432612     
  -40.120749041066681        344.49739919036966        91.972721831104593     
  -51.809472361117884        336.86596895205628        86.023457296936584     
  -64.062159100630154        320.67904125896979        86.823460143670474     
  -69.513060556079523        300.74502978674030        90.674569471772600     
  -79.216782838557364        287.12148836495214        97.243545508043766     
  -95.279768421903370        279.90519573763692        98.262791206589611     
  -113.81965582063521        275.05505712859195        100.45433975046272     
  -118.29414767962693        267.66800321491297        85.481045092201867     
  -124.06612444434396        257.87712889947477        76.532870091674113     
  -138.46782347902015        248.12736023479749        65.927144514869568     
  -144.98528179784230        243.92952395393007        51.759904614502105     
