   40.023739874438789        2.4480157064147772        57.794828555295638     
   40.398791659220969        3.3055073454595387        57.423562106021933     
   40.625551015180925        4.1840615991571140        56.987079407108396     
   40.880022392227467        5.0647134384061392        56.570556676698942     
   41.076632641203602        5.9654683600215508        56.165859864456152     
   41.273910635966018        6.8353435439640275        55.698748436850387     
   41.443077134439669        7.7082478775168983        55.226291826234032     
   41.456017391662705        8.6681686605713733        54.922681601341381     
   41.581478660253282        9.5987961798628891        54.559382249460086     
   41.548903962988923        10.567124238618723        54.285385555354843     
   41.605625742397834        11.476618717997560        53.857136842132867     
   41.714725266994996        12.419745045598857        53.521868960321378     
   41.801248314354929        13.384258149503854        53.246146702737136     
   41.928223509103326        14.355181869921550        53.011670781361047     
   42.209020385130316        15.346074212653734        52.898765801649326     
   42.426306203153793        16.320424893690738        52.767532603468069     
   42.645085258501709        17.298994514430383        52.676254177962726     
   42.832912388246214        18.288189274759102        52.679291302678116     
   43.073320569844562        19.210405942781204        52.508205233760634     
   43.400842850524548        20.160269392365045        52.442759749125621     
   43.713424637688760        21.117083825357270        52.467117413367966     
   44.025143747120964        22.074227566421055        52.489513493686459     
   44.328732805413892        23.034242016243347        52.488829042435000     
   44.593169926725466        24.003777725292604        52.426635422125571     
   44.934164511915199        24.917576896757886        52.360074018201928     
   45.260194437221863        25.865001608386532        52.260648507107781     
   45.601758317293900        26.797782584669974        52.096184849207049     
   45.901426948489423        27.743321282197655        51.923124710493859     
   46.257806195579576        28.672649195013175        51.771012937899371     
   46.695308601097715        29.561794827351989        51.592669958461464     
   47.118437858129525        30.413506260189223        51.261998224449748     
   47.413461907084240        31.344599188242213        51.017414295041981     
   47.736154410484815        32.280799976771767        50.835227137256098     
   48.094546971491674        33.212305458415138        50.702385733546215     
   48.333715022185729        34.182076324069293        50.575351721125166     
   48.493799485899345        35.170146078595870        50.466330377693964     
   48.664680795812714        36.157870663580560        50.371492353697917     
   48.842738304027456        37.144090786373916        50.274230224262560     
   48.955004802128059        38.122575005766357        50.065042761778422     
   49.016084711305474        39.110697067268951        49.881525555710731     
   49.063186122889185        40.108967671063553        49.758921366210672     
   49.083727169491162        41.107806148264686        49.633644510713623     
   49.012132691334919        42.109074893373915        49.555352369210617     
   48.845802891840549        43.100479984292825        49.498388589871738     
   48.678448031682031        44.088421137677251        49.399600144762182     
   48.690860495858757        45.087559510385738        49.275652689884332     
   48.650700740397895        46.045739897232586        48.968940986554024     
   48.616749587494617        47.019896549275828        48.716630334474225     
   48.561025730652396        47.995799917711544        48.475172272048802     
   48.443034315321576        48.939074030426411        48.143349272775687     
   48.212933999835172        49.843147409738201        47.764535732509152     
   47.949804831121718        50.643651924312081        47.213400457485406     
   47.627816398805479        51.443733363433246        46.693797080971756     
   47.212940356466007        52.161320853543785        46.122184806623224     
   46.845418617106652        52.943175940948585        45.605053370667335     
   46.564861499674947        53.810730078335453        45.177932718839472     
   46.174924113097553        54.700757435057547        44.914124706278031     
   45.674079824960231        55.449120828274239        44.463678528150382     
   45.118013941992572        56.170217022392762        44.034021058433396     
   44.560049666039163        56.955393207745722        43.740816772362237     
   44.069069543736425        57.731757012809581        43.328515559234710     
   43.647936285572726        58.528380154991936        42.879257418669035     
   42.935672733398569        59.190158092225992        42.617484382069584     
   42.148400648271348        59.729652050245448        42.296636346550706     
   41.304616384652093        60.197349313493952        42.008397010104375     
   40.422108512087149        60.671049190048834        41.905524222310028     
   39.596693148486899        61.220400654950666        41.730318702422203     
   38.830608873471562        61.797346902474416        41.423655304379423     
   38.023870268485418        62.356909560909536        41.200368531000279     
   37.298536536328228        63.033949211579220        41.029187874753497     
   36.515678701898217        63.662414987018714        41.106381843616077     
   35.755590713492360        64.315768990183713        41.202242811092354     
   35.122001593916899        65.097323815995239        41.241376050966842     
   34.409110505788547        65.801087784491358        41.139901414875247     
   33.695990929221679        66.507705863987326        41.217010998603932     
   32.960215901054625        67.193900093177305        41.256597819747384     
   32.301727582315507        67.947708936215648        41.147236533645689     
   31.642069088413400        68.700527364446941        41.256367712483055     
   31.040712536668920        69.509713148558504        41.395653024844826     
   30.542122038804941        70.346181643224099        41.651626659283735     
   30.260021915928995        71.269488303449606        41.937491768229506     
   30.015002561013194        72.209000006370132        42.204095977590043     
   29.815512469662892        73.099141115719661        42.630296678615885     
   29.655050480747221        74.038621026255072        42.954987264359147     
   29.546735988854284        74.967205124957260        43.328877717754018     
   29.543570250864441        75.876382017515624        43.761522935913696     
   29.508031927660856        76.842595649855554        44.042526090559448     
   29.180444151105284        77.718921311237040        44.414727800001657     
   28.799546490643163        78.513577305422913        44.901793865146338     
   28.531545691010567        79.188739118096365        45.599021680684487     
   28.029101260017605        79.629629384257569        46.351989074151746     
   27.545107559455793        79.835180585689614        47.210646939696723     
   27.032274648074967        80.144468744374763        48.020052751732820     
   26.698499639971217        80.560947496990337        48.873829198609734     
   26.417849986914003        81.138144936333703        49.649634210781052     
   26.158501263196207        81.455440133410804        50.569338797088285     
   25.864128756367133        81.729009750476294        51.492539219801621     
   25.559581741963271        82.072784473396013        52.388566331308631     
   25.427901057742027        82.464631217788764        53.306668098526124     
   25.221795360225936        82.970217596712772        54.152657095827053     
