  -163.54736584261587        242.54557880293467        67.552825590070483     
  -182.97442037582454        246.98351931259506        70.200583635486993     
  -192.99887786655191        252.68343382758800        54.386822686885608     
  -199.55429558676758        260.69167900210812        46.272206117171486     
  -216.01437300231402        264.69578592455343        33.586742201347654     
  -233.48521866574319        254.62942541001141        40.391749435511777     
  -239.01027114728865        247.90360548924139        50.713283710750773     
  -232.78327637369125        257.20228704000539        66.783754384171132     
  -220.58835169825909        274.55938050595336        62.353951931086151     
  -208.09101146124883        283.92707905200461        58.947452436423902     
  -191.02035897856825        279.06402544888846        55.280610638493101     
  -164.61613232320951        269.16368762868370        50.059614428393374     
  -150.74778641031895        286.64566012529758        54.408745660312391     
  -139.60269856733373        303.21794986498207        55.662971258421074     
  -117.82957829660326        314.01576042516479        48.377924118779241     
  -109.03455102847865        321.78645206324774        33.111409052935997     
  -92.791693737896480        328.85012056453621        23.613685900290612     
  -89.496914533413303        324.67800573650339        11.814254413451584     
  -73.448084114743992        328.93196124675438        4.4697708601569452     
  -56.618273430620320        337.75495755133471       -4.5047429034162283     
  -41.866465405989651        330.15601125429561       -15.823781499565237     
  -28.365435937876939        336.56982162335339       -23.658145136976906     
  -17.395309480892390        336.14594805081998       -17.694941404467361     
  -13.480904886245121        326.41058430735490       -7.2017516124668886     
  -5.9233882686493367        316.60932628938087        4.5126466219547527     
  -9.2166261706236234        322.27809206054206        18.364589731833235     
   3.7584569824917278        320.38381659344702        33.609615368835598     
   3.1948621565161890        324.27378227875857        48.598441279050228     
   7.1154868908391933        330.82169349244202        66.689601659555848     
   19.061481281643594        334.47822359105288        80.857525092753747     
   21.748478124724990        339.88349800646279        96.463512139914855     
   8.8610883486858754        355.17118213103515        98.623758872610210     
  -3.2669926329217809        366.33838322440573        111.82142173547783     
  -11.828718663374232        383.21320217535020        125.30223878137389     
  -24.955358553363791        396.49491855872532        131.14895426282115     
  -43.210638552734572        407.80540243705150        135.13854586513284     
  -67.738530120040110        411.01772502868567        131.71470190186324     
  -81.809903493056581        401.54861531525717        124.13248302020175     
  -99.972337551774956        390.68958296426979        121.69973147989386     
  -106.70637268748268        375.01396700091897        107.01940181340780     
  -108.93545420549098        362.96554233412479        98.576509611154464     
  -112.11212341481679        361.30559735052407        87.608569935121579     
  -120.45418261180222        353.73333878061356        77.362088347584688     
  -126.42117940534081        333.12575888658330        76.795363116247813     
  -127.30624212584489        315.60149205063072        66.739457178724166     
  -139.92573060609806        304.21327603291212        57.676375353839674     
  -134.83381304764171        284.12442224588722        55.313795983672989     
  -131.06821840310496        268.20288204820019        52.707120508288604     
  -135.05233082505237        254.71748669073156        44.753614283350686     
  -147.54324283770052        243.65983222038187        52.026717193920732     
