  -173.83189868583423        261.04374860952498        98.330096851252335     
  -190.44374219172678        252.25068501899261        99.100302738582585     
  -205.59259140769151        248.86223003808578        99.638043976719274     
  -222.41820303880883        237.85397364836035        108.40500091583355     
  -220.44268406977750        242.12714120778128        127.85825880734515     
  -230.31423102797888        250.87081594574371        145.63786239424186     
  -223.28092840176606        272.26340827226346        153.71283307131517     
  -209.79486801640741        277.34619395765168        135.05485346728830     
  -192.54587385018107        281.49029431337169        124.25813966348531     
  -176.44341628630411        289.20632752243330        107.59886738825034     
  -159.11654735697513        278.59800786545173        94.747805995753367     
  -155.35860286611558        272.74757185912966        76.907434557670626     
  -155.72672347611999        263.55104608205903        64.735146488203867     
  -146.90524419726211        254.87837569602632        60.127424975963969     
  -129.91646713322646        259.56275635643186        60.280343335592057     
  -121.97083316149369        270.22739760845297        45.787009982228533     
  -109.74069881853519        283.74018741611081        29.173331665566202     
  -100.23360437879064        294.31381745974375        23.682695991517054     
  -85.468453614409356        304.92310064378569        15.800285958332477     
  -66.877932563569104        299.31474835282404        15.177436088686285     
  -44.667459073573866        298.82969146197246        15.427877948246444     
  -26.564448257220818        297.10606978826058        14.973367307501448     
  -4.5905896565769266        296.00865346552553        23.785438439347196     
   4.2775248220947910        305.58301368109647        34.461286061936669     
   3.8476869456995009        316.16224155005347        48.635922976100410     
   2.7656486653575549        331.35122923671514        47.698782659790666     
   8.2171059225511875        352.43335463627795        43.139272611876862     
   15.789736486927053        367.24304858930208        49.022446488684935     
   24.470456201607988        380.91071340828171        53.127920156787994     
   24.282097671366145        392.43592437849981        51.441519895276116     
   14.384682332239569        405.06984106565579        58.448928498333572     
  -8.4149165024390964        415.83298490501107        66.361147579112952     
  -27.812411157778683        426.13630096155373        65.436969744881409     
  -46.079660516339914        427.29973492363058        50.179947706126491     
  -65.300270978129888        430.70725164409697        45.414365263178439     
  -76.051307621531393        418.42326513079627        42.145647213132051     
  -87.475214061921690        407.33928137278667        50.945089912068262     
  -95.207388766895264        399.33822163457842        45.118472765080611     
  -103.37991265370859        386.52706448145193        32.914627011498524     
  -98.430764543567406        362.84769351065501        22.585030310060482     
  -110.54821219113003        359.18125220036626        38.800944527572362     
  -114.33353790602686        347.37814433990337        51.984894980656961     
  -104.60195632309490        342.70832664240038        66.081623258090744     
  -97.921816553700481        326.41735273930368        59.771289517612800     
  -103.89351758104503        312.67935068673472        56.506522019899435     
  -116.48029886528951        303.61535991748070        59.868110972441585     
  -122.20392357105358        289.21765799921508        72.921949016500520     
  -130.48291761872542        276.79468764755040        86.689989176691938     
  -145.56604295674359        272.43126334404877        98.593773977805981     
  -160.95877752218044        264.83799574722104        97.368499473713626     
