   56.238215742748501       0.91820706213647452        50.550137411684553     
   55.961118560734903        1.8859489617273828        50.528062626235808     
   55.488346738214005        2.7748628128690704        50.538716157812296     
   54.976205380439858        3.6365175152062821        50.633884073906913     
   54.441486846269967        4.4813648194712083        50.752642864519643     
   53.899444194161347        5.3125533430557175        50.923259189098552     
   53.390989959707674        6.1716208196217028        51.054681755003280     
   53.031478554061998        7.0435763479032234        51.407158186224216     
   52.622348270416481        7.9271356541923392        51.663536601716736     
   52.186433275966380        8.7680563327280545        52.005040713962700     
   51.694294760041942        9.6273373946717378        52.187332420808680     
   51.351395732748486        10.571536867683173        52.255904579171322     
   51.000185115409153        11.514107564796999        52.300694219342880     
   50.738582738066384        12.482354267839870        52.389334203952167     
   50.746146533198505        13.517751663914886        52.426172718035204     
   50.672224290782076        14.517851984575147        52.336009647171466     
   50.579445302202373        15.519317826187693        52.288546440183801     
   50.476829921629069        16.518974569707563        52.351403480055957     
   50.338818500829916        17.470724382031939        52.238819013968097     
   50.267834806852228        18.471536725540957        52.154376744188269     
   50.225497812713414        19.474572163663925        52.077422098758873     
   50.108711205999896        20.469057735931965        51.971810244787008     
   49.981305439254371        21.467273930242680        51.938243465493855     
   49.755849556791716        22.448149885205414        51.909148196199403     
   49.567279163766656        23.395970888458102        51.761455251008876     
   49.372180564005220        24.376839268843433        51.644715003502540     
   49.171069486221896        25.355552618277478        51.520340397217005     
   48.934801818733767        26.329542306705754        51.423819908244575     
   48.855825739147974        27.289619485443374        51.130887973527791     
   48.890037594256839        28.206543831944888        50.716311297364150     
   48.818954673352827        29.072208219242157        50.207030514713487     
   48.707877129730136        29.963500734491436        49.751998691408879     
   48.681305271076070        30.833869434847216        49.246482331213727     
   48.709926795895825        31.703764352217526        48.740262843534119     
   48.722916496041975        32.626029766538288        48.336465491024164     
   48.650867691487854        33.594030094096134        48.068923224706253     
   48.600947769085423        34.557377606627675        47.780368030500760     
   48.574077762170170        35.520129754480841        47.486802308406027     
   48.377042007041034        36.438004509294252        47.122827894012389     
   48.163605884334721        37.386488732737469        46.860878990484252     
   47.985144874490814        38.342290113399393        46.599364330575931     
   47.831204982730831        39.318309435124846        46.405758230466425     
   47.493398877887259        40.264938478276939        46.345966769139913     
   47.056372995339480        41.171967657975827        46.356015341897795     
   46.701337241690361        42.113128511915356        46.311739058189062     
   46.544868109992230        43.099030446459714        46.180174188472883     
   46.383934980584726        44.048209041937056        45.885292770944950     
   46.330524434634377        45.030433642465816        45.670405180903366     
   46.139146138359742        46.017504125461222        45.616919313891245     
   45.924905785001435        46.984787467826770        45.437312701453507     
   45.619445183395925        47.885595182432297        45.107110020013096     
   45.224552039691808        48.703231632546881        44.671995587758815     
   44.821575224791218        49.440601535482074        44.117297614485139     
   44.410187592900989        50.177328988202298        43.567945809725686     
   43.955049110845451        50.921369445898158        43.064907751403801     
   43.569012651798801        51.571188353432312        42.399696680874918     
   43.107028940869107        52.279575611264569        41.853296577989930     
   42.796679487339631        52.992049016511622        41.213093959933730     
   42.389421986304001        53.561245120800983        40.489248913415800     
   41.914388802801469        54.090162615494222        39.776238193275553     
   41.602667888044571        54.769981171840207        39.102093304986035     
   41.323636605375391        55.516572128848374        38.486838873988489     
   40.734428579316848        56.207519296187698        38.051844112376365     
   40.081277697377722        56.820274171114271        37.591713785911885     
   39.480028822715404        57.497688342948976        37.151936161229237     
   38.748237745512917        58.154600094304016        36.935734174850424     
   37.917145282418062        58.680986547733674        36.721264717610097     
   37.072775236202844        59.122444209097516        36.395766811419854     
   36.170068723498154        59.482136997045195        36.132068918225549     
   35.312879592514633        59.897997273131921        35.806367286123518     
   34.362531908349567        60.171803743213502        35.617518603841852     
   33.410262801483228        60.440484030922541        35.431000562460923     
   32.547729039026329        60.842195526824000        35.101671074957110     
   31.673541966981844        61.234716877744589        34.792610432367439     
   30.789775172631163        61.693091645897447        34.642133345141225     
   29.946741776455706        62.137388576020300        34.317034191847348     
   29.308886589790482        62.748507150387383        33.833847501670149     
   28.614833468243283        63.426780692069826        33.565463828954059     
   27.894361552033207        64.094261953975945        33.298629204643873     
   27.266811509466830        64.811043320798547        32.972745874436470     
   26.730721082062818        65.614371870300985        32.688027023890882     
   26.256375310997967        66.440643742468026        32.362350172709718     
   25.716702591090229        67.223079747408150        32.030172837215027     
   25.182091071145710        67.978657513309159        31.633830445998385     
   24.713516077431958        68.754516966425982        31.195339724395179     
   24.149325011184587        69.347112456265648        30.622648785717342     
   23.422861079349168        69.948652415226860        30.230891531449934     
   22.522975269420076        70.327354831394302        29.984752266533651     
   21.690252900956082        70.783847690970504        29.650114768825922     
   20.926534626245235        71.406348635127372        29.442698520540496     
   20.079576368830125        71.948645091557623        29.491389301969736     
   19.190734679258323        72.358944624741412        29.726781044824396     
   18.319115052699303        72.862047229695335        29.757789497570457     
   17.473497056659344        73.405815672731833        29.702647736737884     
   16.598536331024444        73.877646147229214        29.542603178605049     
   15.763179326395431        74.431149133785155        29.640621785754153     
   14.958857923105151        75.014473304803687        29.803700050311583     
   14.084586084559898        75.504111980232267        29.902174658752632     
   13.334344433439053        76.173748228216851        29.952367177764948     
   12.567835033125263        76.825178186079796        29.995920339365824     
