   61.976720053612816       -87.065893995464307       -49.399852164624207     
   59.090777420857940       -84.874894875462431       -46.993291417171207     
   57.514620877202205       -82.034479174441259       -45.454326745391150     
   56.637914979818412       -78.105945932947819       -43.525583704294725     
   58.388671075405981       -75.087004010551283       -41.232488411241341     
   60.165604395769712       -72.404321863731298       -39.218915230347712     
   60.477373839442620       -68.654548521348090       -36.966153774729499     
   59.384185715444339       -64.242730231521506       -35.665569489558322     
   59.978797039718366       -61.717313771528936       -33.291282582762278     
   60.330355260720161       -58.390864511704578       -29.871646148043816     
   59.829348582875916       -56.399535825294301       -26.197810007149226     
   60.456002660749327       -55.851760800743321       -21.458934214256569     
   58.994497588483355       -55.861556571810326       -17.573132671653052     
   57.276719749517859       -56.300263743279316       -13.928361404576611     
   54.059029442937259       -55.307592692357218       -11.580825068914638     
   51.098017830049393       -51.402408659062722       -11.360919907050313     
   47.908304535639964       -47.914340822802096       -11.415243632208178     
   43.717555558170652       -45.832692680944362       -10.934987764788449     
   39.672891686813294       -44.809892720650510       -8.6831482693350992     
   36.069602568518668       -42.545151259060574       -7.1040206632786393     
   32.569047650819783       -40.620525025686653       -5.5942092454597754     
   27.788325774013057       -39.806783910204118       -4.0586432959571059     
   24.371217495109590       -39.835500341800469       -2.7049680269560170     
   21.052634632551403       -40.417871665269580       -3.9641408282185431E-002
   16.978485006432319       -38.548065619996990        2.8458576485236327     
   13.033675619053597       -37.306820199790415        5.1045535016307593     
   10.842390006855439       -36.547102920842150        7.3524678004380393     
   8.2375480380335429       -37.364534418003551        10.262372682716045     
   6.0571688654331943       -39.222932584731666        13.493503844559967     
   3.4833986625165236       -41.491113084883573        16.351885231409167     
   1.3648549640244201       -43.833849255635570        19.137253797665934     
 -0.88846978818678890       -45.958669795452096        21.710907927946998     
  -3.5634215281849650       -47.339998945059826        24.156554665033894     
  -5.7470806642601904       -50.112859235826029        27.048373523510531     
  -5.9583880141766663       -52.762982809801045        28.874771309041890     
  -5.4094027009243693       -57.284986851827476        30.227135964998801     
  -4.9535504914982340       -61.586670124508615        31.255162720328336     
  -6.2390391769763109       -63.780294955423940        33.369762636871201     
  -7.0728332723325078       -67.016934509891414        36.782291685203035     
  -8.0348273502326641       -69.417757536881766        39.940589547359401     
  -7.8525008753342940       -70.277085394385750        43.172213647910475     
  -8.0453205089576425       -73.547961944192309        45.371433748262618     
  -7.2637406311691883       -78.088768354791085        45.022808776054006     
  -7.1613763871079970       -82.199614044100215        43.971877869631030     
  -6.6515498963279427       -84.973003579294300        41.778619626498326     
  -5.3797668996310524       -88.878261282796473        39.233866915698961     
  -5.4845197568736799       -92.989467287164416        39.339420068490128     
  -6.5225841107519908       -96.237659009900455        40.826467655141386     
  -7.0871240758299390       -100.35966803206543        42.668355713027701     
  -8.2063100510914264       -103.39870187962612        45.027805357118382     
