   48.218838395778398       0.23956363703546671        51.460858554697076     
   48.282926446798044        1.2426388589377702        51.401467060537875     
   48.395765350355546        2.2417618248512929        51.348408512834169     
   48.494590708483045        3.2421792065027053        51.291900639603931     
   48.555886450921300        4.2471455835318013        51.282959629801788     
   48.673852097211721        5.2466806323359316        51.254528640306170     
   48.810943247440619        6.2438415919742036        51.228633355821778     
   48.911601254477695        7.2450392124435314        51.193055005070491     
   49.035881992960832        8.2436710552993784        51.160141950932207     
   49.174575900486772        9.2408178775137841        51.144118729680876     
   49.319873442993483        10.236652417809021        51.175689620589615     
   49.468968170667182        11.232350976913924        51.187923599198918     
   49.572038959223278        12.233197410557752        51.226360007267054     
   49.676836739307404        13.233930837314741        51.263028283978024     
   49.791918315615362        14.233715685914092        51.294349458317299     
   49.906945369008049        15.232271196921875        51.353087836572918     
   50.001596325213164        16.232943044620292        51.412177415769143     
   50.071219778040664        17.233410539521138        51.501686605909349     
   50.150057473151946        18.229977103469697        51.621829146691525     
   50.240602896131129        19.223683791044596        51.756525375676325     
   50.359763560565050        20.222064277697552        51.809738800472942     
   50.478924224999034        21.220444764350535        51.862952225269524     
   50.641805840862858        22.213378688703628        51.899644591486947     
   50.801499977583667        23.207104021420868        51.927969041513940     
   50.954409318921897        24.202230567147151        51.939648937860760     
   51.107318660259978        25.197357112873430        51.951328834207494     
   51.277849371151682        26.189406217201249        51.974831597906849     
   51.439891237218809        27.182463371881827        52.011905171183365     
   51.598239736861984        28.176554562984247        52.034332500263389     
   51.754572082299553        29.170311027994234        52.076792065464971     
   51.890411972020281        30.167500165944201        52.107709312618688     
   52.026274209970424        31.164687026782538        52.138601795957079     
   52.156984801723794        32.162800107376420        52.116703206796736     
   52.286689175806210        33.161037946964477        52.094510423851453     
   52.426329242074594        34.158080355273427        52.080311248442150     
   52.553876136853354        35.156620116305056        52.101398304361254     
   52.674344600917742        36.156247638362565        52.106565021647079     
   52.811110597983543        37.152555146052514        52.156172892227829     
   52.933125163790542        38.151344977170424        52.192585083081667     
   53.103470470226632        39.143704065275514        52.191917635183678     
   53.295874000101186        40.131951327336857        52.203865830718399     
   53.471708445964197        41.123112107232849        52.225708099377542     
   53.605783142806999        42.120656220712597        52.198796280697749     
   53.733197862842637        43.119342235682034        52.185148523406241     
   53.836965343831359        44.119955314392165        52.142718519165442     
   53.961102286491510        45.118037061657652        52.095629519402394     
   54.058187266967963        46.118918605627776        52.044588651832854     
   54.179693500257223        47.117643279393427        52.004842080410079     
   54.271394245749050        48.120289036341966        51.995515344352896     
   54.375308595051159        49.120432635528189        51.943466159227114     
   54.487676602660947        50.115897271462543        51.842381451549009     
   54.627079667239023        51.105329829628630        51.718347072913467     
   54.726825347267251        52.098245605890462        51.584318757911220     
   54.839591866345430        53.087271251449046        51.432969779524804     
   54.966141610122072        54.072601509543411        51.268945471905184     
   54.992752878582756        55.056936327685079        51.058775695673546     
   55.141362465206200        56.026726900227281        50.832466250823863     
   55.282625982903340        56.995185274454890        50.595976241283296     
   55.226593930471410        57.991059814914664        50.458539574339390     
   55.229841170169337        58.995368777770587        50.386793555510479     
   55.217840156523224        59.999169394256548        50.309109408671901     
   55.259887845174291        60.991609580050323        50.144522051450636     
   55.229401761334856        61.925644358941923        49.769763250126978     
   55.091931872778460        62.864275171996063        49.432318802577555     
   54.942185118797561        63.794148735004235        49.076361508584000     
   54.727985798602248        64.702386394970532        48.698184919008831     
   54.512939527519592        65.628749406905030        48.367426396715800     
   54.363577870884129        66.572535760370855        48.050010355540742     
   54.253987206306263        67.519894409685520        47.727061436263604     
   54.115367865295113        68.451373069692821        47.370793681751138     
   54.063666734868519        69.420735870467993        47.103478732221738     
   54.009455112696529        70.383889370505131        46.815050293880404     
   53.945450654097598        71.345394218622303        46.523148966402900     
   53.865631036792131        72.268387738435564        46.128806070268112     
   53.820165246603423        73.238348029034725        45.862527221615117     
   53.741412524013228        74.204943252507263        45.591812960260071     
   53.460150646225614        75.131813915926600        45.316863768494841     
   53.163499602301989        76.058725416113347        45.058740236795465     
   52.843759661249578        76.997225601401354        44.883302780799369     
   52.471944158978189        77.924690169062515        44.759378462523912     
   52.052098940436181        78.817843861204850        44.559876574472199     
   51.568035602172216        79.682931721621259        44.383524066791225     
   51.101808002460885        80.539509110507439        44.133121329640957     
   50.710790642950265        81.440489019117209        43.911456813988131     
   50.317801517560710        82.332544179325225        43.659282931264158     
   49.967074498328188        83.261488192603935        43.492405410819195     
   49.713697437409486        84.231356825547465        43.397803991756177     
   49.383571736863573        85.165736400151005        43.219628906351168     
   49.176742813416958        86.147339600663884        43.133191172547832     
   49.069445754640014        87.147775067092866        43.095631255810595     
   49.095564466659376        88.153950131357149        43.122540020023187     
   49.121683178678744        89.160125195621461        43.149448784235808     
   49.141872242048827        90.166707188837620        43.136046496765623     
   49.176439554335929        91.172948144584623        43.127171331694882     
   49.260457442560977        92.176258835835384        43.117013579176479     
   49.356427930916162        93.162813339960650        42.940111333822237     
   49.433551671413994        94.152212997643602        42.770009086086588     
   49.508251807265324        95.141707262784152        42.599376388123147     
   49.680589065782144        96.105642541766215        42.365019446862988     
   49.905322764730393        97.039785853221929        42.063912212018252     
