   52.657751847359975       0.28172746356104028        46.419318031696939     
   52.402362394128382        1.2395790044611350        46.242991115346534     
   51.968900494201961        2.1418920508268555        46.134656096415441     
   51.525312386898626        3.0432394414713775        46.202457284411310     
   51.104968267167735        3.9509380582337950        46.317298787325662     
   50.606576209519289        4.8190806211177737        46.425596414439489     
   50.199073739965954        5.7395817298373473        46.445942785378698     
   49.955528166540958        6.6175653327972652        46.650030285578055     
   49.528188785920385        7.5194207997029112        46.783567917875672     
   49.116379342943389        8.4127620929560400        46.998390740453125     
   48.718513325306233        9.3326143895501890        47.095183886471794     
   48.489060056513694        10.311248025722694        47.153681170584719     
   48.233732637146190        11.284932791873461        47.130434369917296     
   48.108477146637696        12.283071341056020        47.173154709213080     
   48.029738882218588        13.288109401648876        47.412238036510480     
   48.068385070045650        14.291174842176837        47.490728308780781     
   48.164102003954689        15.290912023003591        47.562550077707641     
   48.286623108748998        16.288335719378139        47.625232431260692     
   48.354765939895422        17.247512173987811        47.511710613884098     
   48.507086454450160        18.236572522972036        47.400568292649730     
   48.616879122736748        19.184783815617621        47.080200623952784     
   48.597727226357122        20.198901958251884        46.853722771837987     
   48.576681497072599        21.183176752979623        46.642642847641511     
   48.437641058415728        22.144209090168811        46.376411497212544     
   48.309364475455986        23.033507429604754        45.991145050279769     
   48.158373503101096        23.968349805427223        45.648995978542786     
   48.095048633372954        24.919231279754442        45.324020731314000     
   48.087366006061323        25.880879223119013        45.025744451806759     
   48.017157938481539        26.737425875486949        44.501155862319372     
   48.080693080878568        27.559407546578889        43.923138607623947     
   47.993386433006513        28.363661314882453        43.323682225504932     
   47.834495085826610        29.226704741682120        42.830018258918599     
   47.729680785547757        30.107968400766758        42.208327284494729     
   47.633223010638041        30.813694896381445        41.496680925898524     
   47.578501635437668        31.557391636818650        40.820134358384266     
   47.545691710285155        32.374428618051411        40.232623840379851     
   47.488475981887959        33.168171307346867        39.615782343502083     
   47.423736198698535        33.922671473520090        39.003858672246743     
   47.200474401939260        34.739577587300616        38.459236693226352     
   47.009029046694828        35.578170240044557        37.935876809995541     
   46.828536330307593        36.407467169926512        37.394135626332961     
   46.660672324316550        37.279243370930857        36.919138300539231     
   46.536554300413130        38.184418626872677        36.495998842642450     
   46.474242006915603        39.125660202725676        36.143896581046107     
   46.347174709955326        40.072628731670662        35.826250495146240     
   46.187541904575994        40.904947938194255        35.282599288438597     
   45.820863934074225        41.624022868669620        34.680708069889064     
   45.332683170598344        42.308932682172966        34.127198703938156     
   45.052537753086597        43.137012644289690        33.627602216716831     
   44.798739108185188        44.027812936855000        33.232816685994095     
   44.699764795446846        44.960862514415368        32.867553630253752     
   44.440690613672629        45.950769891608651        32.712893957882990     
   44.148928508911951        47.006553895023664        32.756824172443508     
   43.863683683725739        47.963529350385613        32.885773372501916     
   43.692129385528467        48.925163362779486        33.129952973684468     
   43.371168927635928        49.871113995930131        33.256271273101504     
   42.988517308557455        50.788970350857156        33.414106563175743     
   42.570308401502565        51.660892909102223        33.489229649751934     
   42.292438469693110        52.624070218255213        33.395036758377195     
   42.094651782493621        53.549930496381052        33.052315734202232     
   42.122536274398307        54.543213751769571        32.889818477819276     
   42.104630102328059        55.546917404462555        32.812018251411750     
   41.775408649843044        56.450483273419557        32.513728988555130     
   41.422276929201004        57.309233744649596        32.241085112672515     
   41.155971927939682        58.240590533968827        31.966402193748081     
   41.033462439738678        59.190099146366421        31.654602019054305     
   40.817883564492917        60.062562459072929        31.200588753625663     
   40.533868085218600        60.874366179854874        30.677038894382260     
   40.269312542961181        61.617240981862714        30.050986243035101     
   40.043555682858681        62.408192029780999        29.470275636475559     
   39.500728968461360        63.049969458987768        28.915969387049046     
   39.085731265202618        63.672935530686694        28.242556654426725     
   38.831453979297002        64.381378738325537        27.573792262372375     
   38.471617601289879        65.070478794215305        26.933906786141200     
   38.176836799585331        65.740540355385647        26.242591871037732     
   38.007853225569512        66.291373034432880        25.416866468701880     
   37.972924050121819        66.797756119587689        24.547297234869419     
   37.881475920965109        67.240519995573777        23.647635121377906     
   37.788957081123407        67.768562930695879        22.782520876485357     
   37.883986707215236        68.224679943523029        21.889928489429060     
   38.108430537395897        68.682888512933772        21.021905216314678     
   38.318360832074660        68.921163065695112        20.066421549505545     
   38.392526764837037        69.211278262161443        19.105106244388214     
   38.530887587703404        69.538879419014521        18.163125197136964     
   38.771593314799638        70.031912793529202        17.318866129542968     
   38.929990535154843        70.484215411939644        16.442630689139996     
   38.913074957474009        70.963730598450653        15.541047103501461     
   38.596502988365607        71.409516648600700        14.695558183099479     
   38.172284027513648        71.859687056665948        13.901090181470270     
   37.644410054182153        72.258303701961935        13.141979934517643     
   37.045801399952396        72.685461095523621        12.454230875002867     
   36.505085071880082        73.068463694373762        11.721228574722382     
   35.834831199398572        73.256404085584194        10.993744771169805     
   35.103167784679016        73.398100706187421        10.316703233354689     
   34.270015115568704        73.565283696956371        9.7766097171856021     
   33.547608339621824        73.802067075243670        9.1164153439217479     
   32.983492586303036        74.016903329094930        8.3211375081388255     
   32.256340811236377        74.021156122960093        7.6246988974787637     
   31.611900181106002        73.986124875762229        6.8518705759137113     
   31.067509523921448        73.875357024638959        5.9807873123987978     
