  -201.36119261356916        254.71293404867151        24.680711755348952     
  -199.73790318631302        255.62945452479229       -1.5488234115307273     
  -194.69548579827151        240.73064503621248       -5.6682832011580953     
  -182.62931989375241        231.59637602606412        1.8923900158358711     
  -169.59945546961410        226.87053933636119        13.854005077322364     
  -157.13736812799633        215.66260559782521        30.079710338883029     
  -149.53988213701132        210.92860786626372        44.687503356349247     
  -136.91516467144228        218.09295271259708        59.521994872175902     
  -131.23766437678944        226.21692338172079        70.863214400043375     
  -115.19587073500021        217.25260995870696        85.334194883688511     
  -106.54583582024406        222.78766925067018        74.397655924639864     
  -113.58231662620190        228.79171078457017        63.293999316772300     
  -132.08041155203429        233.67820864052601        50.295889746201411     
  -145.48881660313288        237.38165795793202        51.326431907288146     
  -151.51309136455868        246.47594636008935        61.916714991641911     
  -138.61846126759954        259.72927566880600        72.294097388412666     
  -129.40197775346559        266.34040903630040        83.876933704762919     
  -111.37325140724096        265.44105102015737        83.208211200802936     
  -97.294701947259398        271.81307570734009        87.457326803531032     
  -88.855980056989225        288.77901189996567        91.909575297108674     
  -80.464037820233202        291.25824191672092        76.825119358392271     
  -71.493630068458131        287.87685578351363        61.774584033583416     
  -62.504213983211706        299.14884972026147        51.047477938912515     
  -70.475564372595727        309.37400604357009        55.602167897346490     
  -78.068571411733302        320.94409982909184        49.101361110624126     
  -77.902167619323535        330.34079452645375        38.571597214534577     
  -73.572882467123790        344.16137247774026        28.635156609338317     
  -76.782721414117560        344.24739110383462        17.529225328238567     
  -71.509475219564536        354.83025173915223        1.4668388961545453     
  -71.258572864939168        374.82961284297630       -5.6492881738301648     
  -54.611149248015366        387.54686042085422        1.8229083286854459     
  -42.804994869101144        388.01323722214170        17.497239845825753     
  -40.628781678574057        397.57350474769186        36.493239933296323     
  -38.343739200868711        390.28255155173923        57.296295658538014     
  -46.199324357943510        390.95540727817320        70.356563339590579     
  -56.241989121069608        374.16120980852583        77.003809447029283     
  -54.972307794428836        354.91344877675613        79.846065185139082     
  -76.826985529199021        358.30669479881800        79.198206622999749     
  -91.537222281038339        366.11661132994999        69.571008779355125     
  -109.48400078663313        370.22074933099282        63.516656407946947     
  -116.47316365338423        379.71936489836344        46.891918088780848     
  -136.10168540992447        371.58546008638422        51.889344755393374     
  -145.48957022436514        353.98258961408595        51.120256513296347     
  -154.72909036283158        341.07944527775919        53.581834240654018     
  -153.03028667675784        318.60822997601167        55.173826629626177     
  -144.22551055171286        305.31295556210733        50.309742499123082     
  -149.13102061499941        284.87853932237255        48.377701887581729     
  -168.06781526643613        277.49864893528201        45.188061224791156     
  -186.32679264916308        265.34975655216039        50.276611191864731     
  -199.12782502781468        268.51735470536136        42.348181067399828     
