   61.086825046291821       -91.120058929542395       -22.172783183706617     
   59.877344196861351       -88.852111401517632       -18.579644840243468     
   59.716653481697676       -84.925352970051435       -16.336023971668844     
   58.894382738430011       -81.310674834337021       -13.471185755059780     
   59.646118128928656       -78.068379504545135       -10.654594711236390     
   61.522842613867809       -74.821091726681743       -7.8438178671408361     
   63.392730933035025       -72.616065459997159       -6.0986810333526646     
   65.596629701182096       -69.561439240298753       -4.4154095575299142     
   68.458159786155974       -67.204448903299948       -2.5816205714288145     
   71.455297607288870       -65.612594622538907      -0.45196163163877273     
   73.720689321878950       -65.688324087993308        1.8355947525001510     
   76.338565613972378       -66.494745651735499        5.4276592053595554     
   79.101183152796949       -67.296109428367160        8.1946341694026756     
   81.532266916796900       -68.240689771569265        11.979614612042662     
   82.888245678877354       -71.516731389566857        14.036243221026144     
   83.067508277647818       -74.945850980523147        16.905282406182515     
   81.411328812008250       -78.193930058133120        18.790644139131096     
   78.865579182837010       -80.539740248857768        21.304691977755347     
   76.606774258612049       -82.101917710349611        24.180755719465591     
   74.351043852458432       -83.347872620489937        27.347900961894787     
   71.487527756980015       -83.616721439565040        30.965756093980488     
   69.494179246872761       -85.668505067610141        33.602835320369110     
   68.646532973641371       -86.916455470198045        38.004216049348337     
   67.850495734693467       -86.605750742246855        42.533150442185644     
   67.813868751709464       -86.908084068340372        46.423430330060306     
   67.081160970114610       -86.678899300915219        51.120365388921108     
   65.088754571138026       -87.095448107530046        54.929002714288643     
   62.979256725970529       -87.080383230430243        58.404149442611953     
   60.156328672387453       -87.687273609714666        62.513578496413182     
   57.050316902932217       -88.225747855247661        64.678385235169401     
   52.931019937953600       -88.601851480878310        66.688033587833402     
   49.780318637056745       -88.355707841326804        69.032584396863712     
   46.388283884759424       -89.171907638446569        71.390577946358476     
   42.168432372675788       -90.598115374762202        72.818935152801501     
   38.348168043776944       -91.857919115360502        73.841433684454216     
   34.872507210003100       -93.536874334765656        74.218369274844932     
   31.184191513629994       -94.718431777622840        75.862835466559204     
   26.785502259995273       -95.409140964362379        78.550042919607947     
   24.554557076604492       -96.352671934065839        82.681415001408254     
   21.707784529803824       -96.942665429796605        85.842338787416637     
   18.255808099496967       -98.302447163745100        88.235516957909383     
   15.131682942268965       -99.243712268134331        91.065984142158186     
   11.777738743072051       -100.76359421348999        92.136476148819909     
   7.5820637102580113       -102.84694756744508        91.820549913819661     
   3.5078486287985946       -105.74490969343016        90.693468964473311     
  0.82573090792490378       -108.24732641604815        88.720275568892845     
  -1.4746709064949080       -111.76789773219295        86.961041028849323     
  -2.4715076979432831       -115.37235286115249        86.041916962438791     
  -3.1127497348819717       -118.94970751090661        84.827635122665768     
  -3.7962884192345721       -122.45512663090251        82.207200764067153     
