   11.867263892628571       -55.687726938687334       -19.857692188713692     
   13.129023868887318       -59.828423040301892       -18.606123588484632     
   14.664975746307160       -62.694884695885676       -16.570796554948622     
   16.614049282470646       -64.910990514951294       -14.498464142696459     
   19.617406380580221       -66.028595006366928       -11.687720110082500     
   23.233322209352039       -67.265702323404582       -9.2523152196964755     
   27.357733470397459       -66.912821963124983       -7.5177977197153449     
   31.758555751466581       -67.085243915927251       -7.5992906973081906     
   35.376807136202018       -67.999236433454840       -9.8894423701797596     
   38.648151143423028       -69.283015242586060       -11.363192551918809     
   41.663798827714160       -72.211122712419183       -11.402478234414181     
   45.611063543459643       -74.308743427112290       -9.8572835563960002     
   48.465691605024396       -76.151326164279496       -8.9753855068537884     
   51.048248682851167       -78.711940030969117       -6.8550379882367336     
   52.431575651044611       -81.241879670825512       -4.9300512737060016     
   52.043109192043666       -84.836431348699236       -2.5383618872919502     
   52.450860057419149       -86.137247266328217        2.1440356117563266     
   51.855976612765417       -87.916282859581642        5.0345961087418010     
   52.205968305363399       -89.629224814796004        8.8346632531188796     
   54.143227444448968       -91.390247282078477        12.395666579047374     
   55.738921012079111       -94.051440038752162        15.362673324751571     
   57.232594800018084       -97.947797620162973        17.058239385692666     
   58.939951616773236       -101.88220296424545        19.618579074404423     
   60.246344275575943       -105.60201360158349        21.349159438613718     
   62.256957260459366       -109.31839142636144        23.884707730215808     
   63.757924666533512       -111.35444640962611        26.859567310533425     
   64.653870616137937       -113.48712287051121        30.327990817370534     
   66.134880971290968       -114.54353486304147        34.801117476365675     
   67.406524227777979       -116.32275384243088        38.833322550921835     
   68.451886859876410       -118.12967362805618        42.059950997085735     
   70.422319439755384       -119.94485553040278        44.781813670375925     
   71.221476926386330       -122.23147306251921        48.038481323315764     
   70.909248840786077       -124.92816789051321        52.029488595156124     
   68.949138173918612       -126.19815275487241        55.348701641209658     
   67.188325877422031       -127.10047206317154        59.284303863716268     
   65.178713205180870       -128.67254022202675        62.226672477590164     
   61.448718535310306       -129.11038163088921        64.772612492577323     
   58.674052335786406       -128.72152419140619        67.318283972568054     
   55.870005231157187       -127.08876851499214        70.443038204884559     
   52.864960735135028       -126.59933959349313        72.966878488310428     
   50.520793780518844       -126.90399420104909        75.877786509695014     
   46.963763395792171       -127.46961082213075        78.448719535241040     
   42.885944832724462       -128.46886459327425        80.665091166403911     
   38.374730016382671       -129.39593822314941        82.122665495719062     
   34.205047857394788       -130.89669676062391        84.014379662240870     
   31.432347033794102       -132.68424989431728        85.537213741693776     
   27.885866108744654       -134.43120462864437        86.992781892792792     
   24.091695002347670       -134.79053860683115        86.313816337874684     
   20.176949979376545       -135.15194857908330        84.275112316886080     
   15.574222520456058       -134.99238843894446        83.292045479595544     
