  -136.23383814046298        273.07069406362979        21.451131195694778     
  -142.54770112199017        261.91581559229252        3.0555380194909176     
  -139.35851169113388        243.61831426335922       -5.8980492309920276     
  -138.92013126382005        222.67220033927896       -3.4677792315704861     
  -130.49564395682623        207.40623647010401        3.4942131768473836     
  -119.29868619218804        190.87851009601042        8.7819887133978387     
  -116.14575853992470        180.77007438163898        27.522102023781358     
  -107.28128464170608        173.62029218982894        46.212383109214443     
  -100.71987462087483        180.10298404309296        55.456903026508279     
  -100.14862203675490        192.67035442527785        64.211899209672254     
  -110.72133768810153        214.43458110298272        68.128487944531656     
  -119.34017218434312        227.85033943822057        62.676290374872856     
  -115.72874422580506        245.01955130078133        61.719213223098635     
  -124.73997658454499        261.86024407651820        70.246822293651135     
  -124.31087528174544        276.86583579855505        72.484896865634298     
  -111.41854778131039        288.80563100297638        64.505593346023176     
  -102.82062809993039        309.22186338167438        67.991239859153509     
  -99.980141961630167        317.09262272366408        82.926151462116522     
  -91.014587210276346        324.28390201262380        93.949028909959125     
  -82.002409410763207        329.05291665615744        103.31152040651473     
  -65.310621121292044        336.51382006090705        109.63674476413505     
  -53.748332794629718        345.81657232117601        120.54536158229686     
  -53.631852174207296        360.17520509295491        128.03794268322983     
  -76.027482964759926        362.60931607024173        125.44814877419732     
  -91.243339552148882        365.69629288987119        116.52684639000590     
  -99.797261531648687        366.78459488576476        104.12174163793247     
  -109.86303697400508        359.49374240047831        94.207415981062042     
  -120.34070024718750        358.30426053996325        77.842003943795092     
  -127.70549439046322        362.96283840537905        61.945529279153817     
  -136.31390400975192        381.31244333415026        72.217121721195895     
  -129.74284744113004        393.68449792438196        87.625566681073792     
  -112.31086795815857        394.50220709711760        98.526449976407207     
  -109.39883138427921        414.42228881477268        98.044812339910067     
  -109.62566774617244        427.88721351725002        85.960420709606169     
  -112.98283889376336        428.76621606793418        63.883271324638770     
  -126.31011332643178        438.65515070302519        61.865381591550261     
  -137.64363311625974        445.76212832685030        72.205858810526138     
  -139.06825062577215        432.44997076530728        83.394735926362642     
  -132.54242673150475        417.10855492523160        93.131610528286245     
  -139.44923112321160        400.66084848694038        86.074843947473468     
  -137.20289394484732        385.26811074688823        82.191246168973095     
  -137.43032913072707        369.13851513903279        75.357010538417484     
  -137.68210077323545        353.60171107548746        73.547713290264724     
  -129.21711839641483        338.85982036527264        79.464763191782069     
  -122.32510561473929        323.62149901122729        81.008868404843014     
  -125.04445592271087        307.26646681888860        86.142675425675350     
  -127.81279879662961        292.72155727176425        78.307261755616580     
  -126.90692947616299        280.06009831064614        73.027652208419141     
  -123.02045067964029        270.29747020156287        57.205501667679563     
  -132.63048558100937        269.00356899677803        36.869019245345029     
