  -117.94081628723728        244.06517761052083        6.3740622703981380     
  -108.88653503667463        230.74539229243314       -4.7877946852287074     
  -116.68456938630520        208.29482509595860       -5.2077864994301928     
  -129.29664609348708        203.76913325114936        5.6796327888152005     
  -140.28410710486585        205.96873441371241        11.116505446137760     
  -152.81353400866200        210.89281368167983        22.190801966287506     
  -169.59778330978210        214.63685803775465        27.960086803434720     
  -187.14714632553955        217.54444630506416        43.656281936506311     
  -192.41016955649388        217.56659361969955        57.703779387478228     
  -186.20724188868581        225.98249430113680        71.713639025562188     
  -178.76417144344023        240.56218345511377        83.518563360554381     
  -169.59073581502534        239.07223609260100        96.753918216358258     
  -152.00048268629840        247.92489588543862        101.98130871513631     
  -138.15777648588795        253.98519247005734        93.324114451973529     
  -122.00051403694204        262.80517160960568        91.103761358464297     
  -103.91889554046897        258.67667972886778        100.66591782974136     
  -92.122135330208266        267.58488227307305        82.446361465425113     
  -80.449398132128223        282.41926940887794        69.966342740227859     
  -76.650256857500509        297.77786061674908        63.426792450126342     
  -73.167924626569288        315.61019434458035        66.684911034170113     
  -68.339400560155511        333.94122606824737        76.977053733508967     
  -67.607879394983357        348.36777248164270        89.758548577837274     
  -61.056839878525999        347.38904546116146        113.57671723564837     
  -76.456605340114166        339.20893640883554        125.62311303205165     
  -96.240179607975477        333.19643998174865        121.64873058731754     
  -113.88423556117850        337.42603844474417        108.38009173024729     
  -131.43363423582514        331.97788299994619        95.794319881267484     
  -128.90797774572462        344.77190495679622        76.542113230093776     
  -124.88167191796013        354.90752530899414        58.200243875761252     
  -131.29410122634113        375.05063750230607        65.025887531099670     
  -136.09875065437819        390.87959030492425        78.655021062575059     
  -142.07297378418787        393.94389074136171        99.002888115711784     
  -153.53704827180007        407.04399276396555        105.39715083897536     
  -140.12187367664836        417.98801046355572        99.199709255655790     
  -127.17105186475472        425.63689114608133        85.468823765591836     
  -120.66426118610617        435.77569309210827        79.312753765147988     
  -103.88201466170004        434.54444403329086        72.997093324263261     
  -94.994165705065996        426.14850659604673        64.335772316476707     
  -97.950012559523230        413.82804357801382        66.989082966411189     
  -107.90884045183907        400.19166826506296        59.570703639993241     
  -108.12518186944045        384.49214868469011        49.732409037375689     
  -103.57321166242653        370.03971988143155        42.192799790891613     
  -108.33890246080965        350.22411820753155        40.108636378293767     
  -115.92666308862428        338.68428254434423        49.353386982760384     
  -119.48967781518108        321.79050905600855        53.934808229697794     
  -120.95087271296059        300.96655639433453        52.731626290515635     
  -126.27104765346967        283.88625309223772        55.340293352764327     
  -139.90262055309537        266.11237686145995        56.011553690655056     
  -126.53642104881861        254.42069041765097        47.418208548868250     
  -120.02411479860555        248.58991541107940        26.129200123313439     
