   46.368052312126572       -57.304836185029650        24.836147783387254     
   48.581068852600950       -57.024487392202929        21.230664573677306     
   51.088135990824945       -56.905196939152901        17.995523904049339     
   55.407491395772489       -57.813263843548519        15.765426562104322     
   58.984467438573525       -57.293757288372113        16.468629097583584     
   62.381539276863272       -54.210653869273131        16.197920189787801     
   65.131635311162825       -50.736971191282301        15.098610656344626     
   65.498622080550831       -46.877116955340192        15.920002887518118     
   68.848058582130321       -44.480441174825962        16.575962142202400     
   73.035080644076046       -43.306924070547801        17.151021305799549     
   76.825863595355202       -43.751654262979571        15.946799952833466     
   79.852749721808109       -43.117062390449213        13.747788339844956     
   84.092449164978731       -42.573739693899434        12.088940978736998     
   87.043174705383663       -42.997790189102155        9.8563167415088397     
   90.020399217159792       -44.093913980683638        6.4837589003064906     
   93.802040128537371       -43.806226369598178        4.0305309102555356     
   98.577334897675215       -44.624380705606484        3.0834215869624138     
   102.88342934318456       -45.193464179816921        2.9341871298715088     
   106.99236278726836       -46.206937104514310        4.4551761784207269     
   108.88757825376184       -46.648877898522002        7.3724262890431582     
   112.54735870299471       -47.309631190841813        9.9069069902316258     
   117.10369074163603       -47.840735014331258        10.266536616816317     
   120.64873034637060       -49.219726696158048        10.063426312616494     
   124.28991580314425       -51.117024941893057        9.4065160955315132     
   127.83519393407869       -53.994106842957244        9.0544476710340973     
   131.30142119655838       -56.680890473478193        7.7972481804156484     
   134.13477637321941       -60.458917887185230        7.9205299517750110     
   135.47323893572045       -64.297520140216420        7.8831689607597326     
   135.18698151740554       -68.733655952166004        6.7492319197121038     
   134.57822020884061       -72.733039050213293        5.8666676530703601     
   134.21017303335404       -77.028991505866244        6.4258518105358124     
   133.52133081669447       -81.038106934626128        7.9444805346218912     
   132.36271243714663       -84.841079229786089        8.8251903055099490     
   132.21754814005828       -88.570345617686883        9.1679242365393492     
   130.94623905564964       -93.027193932952855        11.253915860071777     
   129.55338802476768       -97.144088689308646        12.141448410387284     
   128.96089407285049       -101.25659263288875        10.956846826979987     
   128.37384524368775       -105.74049399602725        10.545181603467960     
   128.80752850626385       -109.76413775900369        8.7548339962859778     
   131.79099959808400       -113.33746788360753        7.3658269376058891     
   133.50403758187284       -115.07370626401107        4.5120768118395524     
   134.88539102975199       -116.97620618730525        1.6319669192112147     
   136.64127676415856       -120.09282901229189      -0.72407820425428415     
   136.88688040481142       -122.45407801461415       -4.2059528797071639     
   136.19543326423209       -123.36827072746715       -7.8073968436776617     
   135.29547254651601       -123.55023953193736       -11.224204457778868     
   134.10057050771326       -123.40768360238590       -15.025663114590021     
   133.97351664866210       -121.61903402917027       -19.532743728336843     
   133.32428705784767       -120.57243772517064       -23.208750421084506     
   132.66536944506461       -119.43968121718891       -27.078825446401183     
