   39.017816129293969        1.6991767500590034        26.446675670834068     
   39.240627803399434        2.4930892114243863        27.074553431846290     
   39.373709041788310        3.1295631383639062        27.780975751810537     
   39.566913157009957        3.7668695590133492        28.536162632467647     
   39.732196557705826        4.4052920194757137        29.297012609853486     
   39.757820075924720        5.1110503253478816        30.014677697246480     
   39.900774874149064        5.8632725222837383        30.752162011831235     
   39.983478371122217        6.4901099128858162        31.439225603117059     
   39.765353387778582        7.2095260912018713        32.109043774470152     
   39.616153686980240        7.9448535508943356        32.780480670209705     
   39.629233716007761        8.7707506664414261        33.444928718612069     
   39.773240030257185        9.5667490766947019        34.044464573242074     
   39.822844923155252        10.416681489696542        34.582004131400957     
   40.019635225070495        11.179710910378500        35.113282681748252     
   40.191836791459295        11.877601778664516        35.859444200061780     
   40.340410663666873        12.647706951175010        36.490838178830913     
   40.467615588770961        13.446057477733621        37.091046369735551     
   40.560783184555603        14.255106524052868        37.683122351685526     
   40.667778906166276        15.062357653885437        38.206999864541245     
   40.778081344911790        15.852889831799860        38.799216074414126     
   40.983289677691005        16.736377393132784        39.254134242349743     
   41.139911861705961        17.699846435525778        39.578341359566821     
   41.146148035430535        18.621336794630757        39.984064364670196     
   40.993964792977835        19.609473205533753        40.249741422230741     
   40.939183892990457        20.575813693519528        40.387297838538899     
   40.860080960047185        21.566459294278555        40.549033883851159     
   40.831167850604182        22.538994175579614        40.808137078372582     
   40.848103012413276        23.439742799866469        41.056397522036733     
   40.884777553531904        24.422599061594909        41.271904077554744     
   41.025270084607094        25.380093822163367        41.549861198082645     
   41.128194971742616        26.364713641775495        41.733504349578986     
   41.171472083780699        27.366662458985854        41.823059851481254     
   41.316292625680127        28.434926640871254        41.932375863075464     
   41.636992021962421        29.424006754513268        42.061067285583214     
   41.856225065491067        30.405507625790971        42.109928732167290     
   42.034821029438156        31.396386891804962        42.117431431798337     
   42.256371717194057        32.348389838907480        42.066458686369899     
   42.552071800434611        33.252268924085797        41.907356484635820     
   42.700402570616518        34.167790251188265        41.675593671802183     
   42.891049552556517        35.139481168875108        41.423929141542871     
   43.136425596983436        36.075366045816324        41.145173652644651     
   43.311311574532859        37.088956653617927        40.890966262720788     
   43.419003438658898        38.025488412500920        40.809484565173179     
   43.647194400980332        38.997638330079042        40.680457625644266     
   43.840320516068950        39.993606068306484        40.505278433370989     
   44.039020788732024        40.838823683566652        40.061673646155128     
   44.075768108503020        41.633334520398478        39.565647614663206     
   44.201711256703078        42.445465635763355        38.983946743481091     
   44.341969302866765        43.349036860427319        38.562424204224129     
   44.494322658348921        44.238540343056435        38.161512752184635     
   44.539885897571210        45.122772006030878        37.682083001249872     
   44.334695185676971        45.951933568648812        37.097836874886276     
   44.066751296984513        46.736761576908698        36.380908760389552     
   43.849115664844739        47.580812824014338        35.785816700596911     
   43.463705078436767        48.324690495778420        35.227337320501277     
   43.004541587572938        49.102755363373092        34.739508731442534     
   42.499715129617847        49.864836592942680        34.317398585222158     
   41.959754883632712        50.606647640407516        34.002834731182254     
   41.469935433585533        51.314702768326754        33.480791274332930     
   41.274304842119399        51.942772149197801        32.790312695414805     
   41.072017576419846        52.672598771593407        32.126816280930178     
   40.748018204018820        53.432528496947242        31.551207257491402     
   40.494222183865688        54.060781065504351        30.917072423584955     
   40.245370003593550        54.697940977442194        30.194845690421250     
   39.768133022919123        55.355148842856352        29.524025306811108     
   39.345874944817467        56.131723474853757        29.041921080453722     
   38.910981941251123        56.968014353613512        28.687971691122044     
   38.489193184299268        57.764105207060730        28.364197615159959     
   37.947384664979950        58.520501336980210        27.979356152097491     
   37.434620636005178        59.293540124689983        27.587911503884225     
   36.882228596956267        59.868758122997988        26.973271919840091     
   36.204118012961537        60.316892748429119        26.379019513854221     
   35.385269756001883        60.723353788857466        25.857807584758397     
   34.670519850820440        61.142130328768133        25.285484851224599     
   33.879946733650669        61.453724451445545        24.745394323833423     
   33.181178802142327        61.727985214925731        24.205369376068944     
   32.570998201756730        62.070270823760268        23.481273577466318     
   32.172018676256236        62.469789935946473        22.647610368558876     
   31.708859478213711        62.534869487609363        21.743696687393665     
   31.209995172757313        62.572293503492432        20.858198235743508     
   30.583115463925711        62.655308945587663        20.074664703796948     
   29.976075664178836        62.766152461722200        19.360254839949398     
   29.352523616853059        62.720505304570679        18.571018683925267     
   28.761715197700294        62.535641218882205        17.776937321382718     
   28.098302701641614        62.557463495866621        17.019836154459021     
   27.330883846141809        62.506484151335350        16.389474272614478     
   26.588201222638361        62.279183057345818        15.726276982079472     
   25.670763132442477        62.179561634858658        15.323564365570661     
   24.748207782020081        61.885424595913491        15.047576039034553     
   23.796554130903250        61.642902256127535        14.798948957045793     
   22.953287928936469        61.139430251320498        14.577109867495098     
   22.108143773067017        60.706195969500108        14.304351873585263     
   21.218895957343477        60.246585137484686        14.195766727358629     
   20.356093533090128        59.722384012591121        14.221199880658983     
   19.493540598520326        59.206326838117867        14.280207985150016     
   18.682710763947615        58.698146511355148        14.153069573219625     
   17.777379545871277        58.264963294674288        13.900059119376701     
   17.038699784365352        57.747230637622444        13.653690367265485     
   16.153755709844607        57.343507634076651        13.393543773909668     
   15.227556827197594        56.912782649442505        13.252840051728905     
