  -148.81319029971536        263.38565187418402        71.971976022643815     
  -157.08341395857511        277.06108251947165        67.926201785828908     
  -158.67547039004543        274.22936182346808        48.434663641434177     
  -161.54540923462434        276.12882094212358        31.672212907314773     
  -183.37049637939364        273.21147882197602        30.753850097906806     
  -200.32559337668653        278.27727426511183        19.964364440988160     
  -218.96625764312719        283.07590698605657        17.040504503153453     
  -214.58812653143085        303.20912968368106        7.7965806074708635     
  -200.05629743850952        299.38280719864633       -2.0790582197761736     
  -185.68676439817068        292.28297373728157       -7.9941936843709565     
  -177.62715778249901        278.51849839212673       -8.5108142042082484     
  -157.72246821339840        278.30634714013570      -0.45783672453841495     
  -152.21286734892689        285.24388187789236        14.301447004942293     
  -148.71350350326688        293.47254427219991        20.091034133404349     
  -144.93742453462113        310.87559774855282        32.615834035093812     
  -145.36840402783719        327.60438847863333        17.310307233807212     
  -140.65647739568112        339.18129426543180        11.944828120500031     
  -138.86529730353377        345.53506072333738       -9.1768007570622796     
  -144.19909798399124        360.60925775487095       -20.002172092588534     
  -143.73683936605244        370.75228374680262       -33.848825197041542     
  -131.80539800043186        367.77058759777321       -47.214195692302162     
  -113.80717238826499        374.12822388985632       -62.452967132323749     
  -103.82420802541309        395.09008177609411       -63.345294987011890     
  -84.942456900719804        402.57624069249357       -51.220013569923246     
  -73.688615363987225        412.45507301495570       -36.761588121128689     
  -55.865754725465756        413.63957319878824       -26.605995376269103     
  -37.959067025651350        418.91831709410820       -20.215311502688092     
  -22.157460589763939        423.29312357013117       -10.039272946589675     
  -9.9944434255315464        415.12619573185924       -2.6397730520006686     
  -3.3107164090943804        396.66287202800805        8.5963306102515347     
   3.5848604248276601        385.95154679443607        24.565711845601847     
   2.5069775182978082        366.79538012308745        26.234091475494640     
  0.87587940547258525        350.47339858536930        15.761551339711485     
   6.1773879809034931        337.35630877678722        7.7347189902415874     
   6.2390412297114457        322.84069761689625        3.7607840069970218     
   3.4441019535473689        306.50034337048419        4.9056716342007576     
   2.4107888983500843        286.59024881992246        8.1226578667328688     
   1.8962117446436684        271.64272354933217        20.929692709869361     
  -1.5257112748690440        253.40386161863603        24.752572991020440     
  -6.7123829568552784        239.90785828391665        12.896730342772322     
  -24.427605507990190        246.89890041000317        7.7537218489380839     
  -35.547832173224784        254.25890551250853        17.793912697169102     
  -49.184144855805542        258.19677352747652        12.294028719035875     
  -71.877671210280695        266.85534358184123        10.012920000196504     
  -80.288606859238087        265.69057884506145        26.986129840882946     
  -86.744340632611824        256.87676245523505        37.201654991768933     
  -88.038322091011224        245.56810015788827        44.240583029717044     
  -108.39990128558802        242.59290253934520        48.888859581099595     
  -125.73513192252709        253.84904799367720        55.614506668834991     
  -136.84303136195433        250.75727635887600        63.304677836336509     
