   32.984057992672838        5.2939754555812675        22.857319858181185     
   33.424177993726808        5.9375791543148155        23.540138417427620     
   33.801294315201552        6.3980439294518368        24.293529179757481     
   34.286255583863721        6.8676892217307266        25.040550194183496     
   34.760796748250300        7.3551116112364632        25.782860524279734     
   35.077385952873193        7.8806965379875686        26.581187705919291     
   35.499078656236414        8.4747672344476790        27.355405177754246     
   35.856824952809852        8.9458625094003352        28.077837313213511     
   35.939971291094054        9.4349375612157846        28.954014697524471     
   36.080903838971295        9.9555446411759654        29.804250437716934     
   36.358890249182068        10.633007901367090        30.570759034200634     
   36.716800040286849        11.323076263965877        31.210681502182474     
   36.957113300946077        12.058939368415862        31.854536731963783     
   37.360926126680042        12.718612620690141        32.406771844773438     
   37.830539525705767        13.285121717966019        33.164326259306094     
   38.230197541880791        13.929505306837799        33.826774588729506     
   38.597837964128111        14.605950564186731        34.475663533307916     
   38.971248996135742        15.291756858597457        35.111295861291616     
   39.319424547064841        15.991147838503201        35.683289010286067     
   39.708649709211628        16.661834612536996        36.304988950639526     
   40.103691616044117        17.478811275649928        36.758973855856489     
   40.395062915573639        18.391369075618460        37.133479378588198     
   40.597346578340435        19.224906894601329        37.660822296203712     
   40.589660249292784        20.127973444012092        38.165370938487875     
   40.692811351567151        21.046917766825214        38.482605607243698     
   40.798683903605884        21.982961674551127        38.838143698298289     
   41.009947449148370        22.891904332067600        39.216277918288768     
   41.275449045956584        23.734827460464700        39.520017335312659     
   41.537886716151178        24.665384072135193        39.801060731241876     
   41.876368978206358        25.604602929165381        39.931797969736039     
   42.203556203176589        26.545369705862988        40.079110292148791     
   42.447178193081562        27.511461637772459        40.224400463153998     
   42.734949000901970        28.549867421443938        40.338473828363526     
   43.177463059517521        29.499469540363449        40.349706809988625     
   43.490877291641233        30.456218777126342        40.363740544768945     
   43.786684795710521        31.435135454447032        40.307405466632552     
   44.050356819915422        32.368987278025131        40.179380568409186     
   44.289077879946142        33.249669090255580        39.867673572093508     
   44.349387078399502        34.174035909013519        39.631444648936473     
   44.418416250250104        35.171711802297089        39.422297972120589     
   44.499560480074393        36.142488557402316        39.167734356554028     
   44.542760925874653        37.172751136135716        38.968899505053606     
   44.640879492042792        38.113440118553719        38.940517726371262     
   44.817537100145898        39.093905265304379        38.794659184752838     
   44.939759276427132        40.104776417532470        38.642545955404707     
   44.956682709161100        40.988711876296875        38.231411518867425     
   44.817374926630272        41.824479064691502        37.830504786820661     
   44.711894359448600        42.680545763973072        37.311064525592656     
   44.762090188000911        43.583374495496265        36.868147841567158     
   44.834467413626427        44.458055341932166        36.415541017710773     
   44.767173541968269        45.287055042931740        35.848068058675558     
   44.424464061498782        46.083907447087213        35.283681560494081     
   43.964068945637131        46.766347670088429        34.559770978506592     
   43.597257855693890        47.520719579201440        33.919228253326189     
   43.254049680728414        48.267141313970555        33.373207463065285     
   42.843904970202225        49.074180450293774        32.888788294678555     
   42.537374247743394        49.903316318789237        32.406743528687763     
   42.197160362672165        50.715479913505433        32.000005377691309     
   41.927513616490764        51.474610195830017        31.396013345137860     
   41.951504597731081        52.091997812426747        30.669542349748461     
   41.954237600569705        52.856511504395101        30.014327977085603     
   41.863319058536973        53.662014576801546        29.417090044838208     
   41.776276777994326        54.398588345726317        28.859305658495597     
   41.672498139702242        55.156418227245709        28.223353238880975     
   41.396056314325975        56.027517331123356        27.699479619046350     
   41.193285348452321        56.921676409018161        27.371680580733926     
   41.093151592235188        57.971871734052364        27.282228166588251     
   40.964469591681201        58.912073958601844        27.155908039988663     
   40.694630415759420        59.876388813736853        27.050654973715016     
   40.446767247796252        60.845254784860707        26.934004173055008     
   39.914788480162386        61.671319003779558        26.740776209980218     
   39.304106284563495        62.452877905558779        26.567491854990543     
   38.582453424847309        63.185621408526153        26.479251534581131     
   37.852136329817981        63.871650858822036        26.380281525535235     
   37.077362133944391        64.514513520245302        26.396000069124288     
   36.299728085706320        64.997504945624371        26.526870626272817     
   35.438851617043476        65.519519001312602        26.540565881755029     
   34.600784998386224        66.043028538372610        26.347235501431104     
   33.612970856455398        66.277505837674639        26.276134510670914     
   32.620420305315911        66.474793900819463        26.174672775659818     
   31.633503705181923        66.688264971767921        26.161151161886252     
   30.732650412375108        66.970449581809504        26.160653363412987     
   29.736546280275519        67.113081125848367        26.195686623540048     
   28.733678744546758        67.180990983020919        26.254333752513276     
   27.772622836791225        67.461842482892081        26.360581132928683     
   26.843162315350789        67.685921525859854        26.634037559100079     
   25.859887840384058        67.755698753435780        26.842377102068404     
   24.961927552683271        67.897350740527514        27.275270350943089     
   24.198182515606312        67.994909124419578        27.924092675412055     
   23.441427387984721        68.130131377419119        28.583875823112603     
   22.682713846848777        67.981908250719343        29.228994568666405     
   21.909315989656129        67.800513158660266        29.816624626996536     
   21.149554552804336        67.682172101986197        30.466664996538519     
   20.409265768942415        67.396702181278485        31.091437858291677     
   19.694522747027296        67.108168794757049        31.739269183670480     
   18.886444189109302        66.924994860032555        32.234559800178417     
   17.969298520018310        66.876649396022373        32.711836597402637     
   17.122972720165542        66.779189454218880        33.097357876323173     
   16.227644800214030        66.846847321088831        33.552994636760587     
   15.333258851912266        66.962693168940689        34.052814039201181     
