   36.311468997441885        8.2409310015726636        19.581986327440799     
   36.687948628369455        8.7708497337866582        20.389217239849362     
   37.011621122863716        9.1492089360512328        21.210145129616890     
   37.436594970525292        9.5652726500059462        22.022599893520816     
   37.846926328999679        9.9964461239214444        22.834703421588916     
   38.100807910421835        10.411615501493204        23.716164174655951     
   38.354167477048399        10.931630330343260        24.608100792320986     
   38.602873494734837        11.380466696207753        25.493150859812857     
   38.566197855913018        11.659969336701481        26.459757139603351     
   38.569020947497485        11.993354143073836        27.409831415484149     
   38.558067050986892        12.520035855674831        28.329752459605320     
   38.637954145178114        13.108113709037763        29.167177428532188     
   38.653950980757429        13.748240450424440        29.944207920127788     
   38.806584665768355        14.340324232407157        30.671763396449869     
   38.856210595352515        14.813249803131722        31.614756855858023     
   38.866985616814738        15.371291955847919        32.452770807627573     
   38.842823671314100        15.955453649721406        33.272506035891304     
   38.810900242498768        16.476502267185335        34.025803321793099     
   38.761848690342511        17.065409931619701        34.792831240148374     
   38.773255710707872        17.632823339643732        35.608759972225236     
   38.835843525374351        18.378195327695934        36.294409033532951     
   38.819371418176082        19.223465807142261        36.880207501686080     
   38.750797344887140        19.960676515823518        37.562565542698671     
   38.601010973756601        20.777519455558519        38.179403657262263     
   38.510190416965237        21.672343012972121        38.562521238369214     
   38.433544493648505        22.586909269723787        38.976632929953659     
   38.448983606503226        23.476609146048308        39.447791387925555     
   38.490675074968493        24.308460351861580        39.871528953634247     
   38.542796109837823        25.243049228736147        40.242502750017159     
   38.732661260676991        26.192898514026922        40.517333767890982     
   38.904658318895208        27.143439435870544        40.801382173134414     
   39.076579720424050        28.111282971333011        41.019364858723009     
   39.466460221796460        29.114497725110621        41.144523536004030     
   39.936196474778519        29.994794208601864        41.209102684545002     
   40.351006544985346        30.912026835446468        41.229386731545098     
   40.767943169889563        31.846503729751603        41.186138998052463     
   41.183192619890278        32.725367406294097        41.071426001221646     
   41.652966897962472        33.519764212399245        40.792149628143804     
   41.949748674397490        34.370598774707162        40.472937404171951     
   42.261635426918922        35.296151483232784        40.173031778397473     
   42.573350563034658        36.216521043181238        39.981076047742420     
   42.773234117816507        37.237852828136276        39.840468411408821     
   43.017597710515439        38.151840680633725        39.855998385043321     
   43.358612583320763        39.094817114742703        39.764900471251636     
   43.623475946921140        40.023630992296326        39.690868669076139     
   43.723930867151566        40.927122142286805        39.338345799415485     
   43.664232601567406        41.791950320587368        38.981767619524078     
   43.665485589974743        42.681224732575402        38.509555825029437     
   43.796488440997415        43.659433393691479        38.089301313365780     
   43.979563916864905        44.536446375594508        37.673982661458766     
   44.011819423005896        45.395842981912118        37.150349599067098     
   43.781238395527467        46.277530968352671        36.660028943092890     
   43.414946160147615        47.076568075963948        36.004968220447005     
   43.164667104542900        47.918975465343657        35.420474832640295     
   42.932540424695453        48.742903853958964        34.930234916035396     
   42.663119322500378        49.647251093726112        34.525560823155701     
   42.543195195670805        50.567728748049582        34.135517722522899     
   42.391386056777101        51.475018806754321        33.827995608883022     
   42.298009885301958        52.356008053520256        33.349525791297943     
   42.459791451672501        53.125429723719172        32.809784963065589     
   42.696253688909394        53.987108640826364        32.345684130455318     
   42.818920902349056        54.926654430986275        32.005094947426166     
   42.884697261079062        55.787597427094290        31.664960671878283     
   42.906128825757754        56.720638266983940        31.320741128219641     
   42.752845957479671        57.748956793848464        31.151204492792203     
   42.550532073439499        58.700231684788058        31.198468695885953     
   42.551564996647031        59.725651976811072        31.462004048412656     
   42.499109103073700        60.641375850015720        31.736219697074503     
   42.345579096713976        61.592330595053795        32.029320598971779     
   42.153669155721708        62.548626458416663        32.279147790431104     
   41.735316693469990        63.413499783377382        32.328092269195992     
   41.198872995094860        64.264375535042916        32.283001889320857     
   40.526431688044283        65.036953100102522        32.154826853677889     
   39.912135323009984        65.828132422607425        32.052504890237721     
   39.217808772771548        66.553377653898536        31.976844300894015     
   38.395911317530668        67.033914730678291        31.914170477410114     
   37.556824627605231        67.555321782240540        31.719586968275003     
   36.807457192072313        68.101852675722242        31.327736285374712     
   35.874661366682780        68.360047685512143        31.013031632042136     
   34.893550373282331        68.549616714775141        30.823668325482444     
   33.907034208620495        68.759336516242286        30.773066255125681     
   33.006039344423911        69.039421752123445        30.803489477197679     
   32.008148149725656        69.172496091571873        30.820778559878853     
   31.001839427625587        69.206108486678460        30.823515597915296     
   30.016239998597850        69.410991536632167        30.843794404554494     
   29.034171655647079        69.488553793686421        30.979487298556847     
   28.030056246453210        69.422814266783021        30.929153618029535     
   27.029122272897048        69.460394065105191        31.031688821716678     
   26.085433191251795        69.458703357642065        31.382748057955279     
   25.123518839327257        69.519072244433076        31.680068584730151     
   24.220474880124012        69.304787448867373        32.070437849391837     
   23.304189279641015        69.186546565945264        32.420862309639318     
   22.461198042564142        68.988876685903250        32.934756191089470     
   21.665548272470318        68.624508037977208        33.438778630750683     
   20.869489987147109        68.359012411919835        33.876502947579510     
   19.991018398860120        68.084675173910640        34.167850144827185     
   19.062309868116458        67.651326048106299        34.312748742059718     
   18.246185356565888        67.204644323289656        34.406603281717715     
   17.302695323250681        66.872724619540691        34.522579123831797     
   16.342811165892190        66.567208281302811        34.742688395699432     
