  -219.91255882213341        397.65568431562667       -5.8160972396908299     
  -219.62123677117938        381.94375143415732        11.471534767016195     
  -212.83054594249225        375.40118920962061        27.006389125123700     
  -204.90196290035928        366.60867369032053        33.062622598697295     
  -198.63271920291515        353.05512011208606        40.107375735027574     
  -192.40223278474159        339.38540894047810        46.830932164934389     
  -190.43786470348996        334.34071801859591        61.475657409434540     
  -178.39802620582910        327.37717603842145        76.524179676245907     
  -164.78727238518596        331.00382528238197        91.044735177386002     
  -154.13286598347048        315.30700747088167        104.14259295871847     
  -162.62859726861836        303.05865717382284        115.12765969838131     
  -157.88620823812059        302.73345340647853        128.48830384967437     
  -138.12708302404963        302.98609279699087        139.13391115921667     
  -126.84913959577230        295.33529165295255        152.65411741512668     
  -112.28557981566549        292.92892813202894        166.77205035132079     
  -95.774241208966117        283.14584522402981        170.26689160696432     
  -74.495140323882097        277.02657897893738        168.54987221048307     
  -69.182538989765987        285.72021014472870        150.78667859510523     
  -80.658226502379904        301.18854221323193        139.12437550604650     
  -90.283463604254720        311.62947266788188        128.93624734670564     
  -94.789685298324059        316.98306576992246        113.52480849022528     
  -113.59785677516470        319.52242008568231        116.77396930171447     
  -128.03521900340453        320.57728643393159        117.61015488757793     
  -144.86970488686222        325.35488370569323        107.50134047203251     
  -158.03789842114281        308.50560565587955        96.332609372773874     
  -172.95491574604836        300.15915646555368        89.977767600836756     
  -192.30874833023060        295.28674315685083        94.362209071475206     
  -203.53616900500512        286.78306324035003        102.06205974070593     
  -210.02625565542337        273.08880239239033        121.07851214295808     
  -199.96649906374628        276.59601084508330        142.60846218520572     
  -189.79127874454889        277.47807792708261        155.26362725969452     
  -175.77217561789271        293.85217464262286        165.63239304584005     
  -175.72876150052696        312.19659153639105        168.21492484732738     
  -179.06510418235342        336.66505144076433        166.88513281440066     
  -184.86524650921029        353.07679699639959        161.31780012349390     
  -170.11328201061275        360.65270715588838        158.95261225573896     
  -165.40073540129188        355.99092935304424        140.24339417008284     
  -168.45620998950218        350.97478739411991        119.83023067372329     
  -161.14911543114457        341.47436520664718        107.75308804185710     
  -146.50887074353403        344.74831981608065        97.272404142604984     
  -136.78199368066379        335.48595792496923        85.652619533471537     
  -137.76824843696454        331.27653259348494        64.092320034329035     
  -143.30553683612317        337.62227540011349        47.372842712604303     
  -144.19918211859599        349.85858678482788        36.070286851598411     
  -147.47540478359338        359.20753068500090        17.609993228746454     
  -159.62564770387988        375.12076836138237        10.679174390406992     
  -169.97300893934397        383.71853436342775       -2.9334131443558582     
  -184.10675348992757        392.84727128646546       -18.720080029451065     
  -202.23991506313791        405.12678990430385       -14.559464149229939     
  -219.18312094436411        413.81685453659776       -12.282042620319082     
