   37.684635428411568        8.6536683284751561        19.763546702709572     
   38.005650796960118        9.1607580641933737        20.608521053969699     
   38.365573762960778        9.4626031742842951        21.451740702791994     
   38.801350484580936        9.9028715573988855        22.245501956809772     
   39.167311828914869        10.320751323563572        23.085289622913489     
   39.376542264179953        10.713519472047215        23.988478603776148     
   39.667834016248044        11.243106183262322        24.863032462974285     
   39.872360364730099        11.650184348298906        25.803104990405302     
   39.904107134409763        11.843058971467892        26.776771245109650     
   39.897094443733479        12.137414390117273        27.712938626778687     
   39.943295034834385        12.620777565272640        28.655272902892886     
   40.060102211726296        13.141601989656010        29.502770593722687     
   40.074405348876404        13.680560920619257        30.352375491772676     
   40.244407725146353        14.280405698923209        31.058136331463285     
   40.333339629655512        14.738470690830114        32.000863657873964     
   40.416920268282503        15.294774357201556        32.835929545265181     
   40.412978782216051        15.916249213776688        33.628108815372968     
   40.605461624424542        16.449016887888398        34.364406562714727     
   40.806577035893071        17.099114615511059        35.105180599012073     
   41.154063089265051        17.674888903785124        35.837003803906484     
   41.601501804846833        18.425944274503927        36.352101558029638     
   41.909602869239237        19.307786338541092        36.805347023848014     
   42.027329451190568        20.085528309457253        37.458145865705767     
   42.022244501551704        20.917510541115895        38.036482830161269     
   41.937705360928184        21.827289795349486        38.384177373777270     
   41.790588989518483        22.848785337388108        38.768320093159367     
   41.774108256985897        23.785215343086151        39.137943899940801     
   41.915786221043454        24.651042009360328        39.459719707324602     
   41.990798638370507        25.573805082302876        39.642432036059638     
   42.213570051195084        26.547421978578786        39.769858742720196     
   42.494134129670854        27.509461179744193        39.939871136369419     
   42.747761956806706        28.479000642990673        40.037137179604649     
   43.060899064088161        29.502686927365552        40.009090515198295     
   43.509694476593424        30.398486683066306        39.842969913868949     
   43.881072041595694        31.315526781781482        39.656125887426136     
   44.233754663555175        32.263690736394054        39.496270749972958     
   44.560967829454803        33.159038204287619        39.274286527308156     
   44.887541471146235        33.969606374385933        38.866759413334492     
   45.115621080264631        34.808373479548358        38.468833849470400     
   45.343332466069882        35.692899266478022        38.010984306432796     
   45.636558303901289        36.574380124653125        37.667322321055309     
   45.839140510183157        37.501188880812464        37.403692514592926     
   46.121774016720671        38.469679870657771        37.245635887207335     
   46.324903414773019        39.386004308327770        37.171802538185311     
   46.505982836295743        40.371292095162516        37.038582918134651     
   46.470141910726646        41.292881716069495        36.722279548828688     
   46.254641943527680        42.187760446475863        36.379015496311645     
   46.102659411994047        43.064004377368470        36.016263140568000     
   46.054927399850904        43.999128242294383        35.608383171834376     
   46.047807764748519        44.907834972644459        35.221912769442554     
   45.914263444391587        45.876912859702017        34.981249888628497     
   45.636226751873203        46.791927687942334        34.726837445085394     
   45.174681605019437        47.738429499591398        34.597502440753338     
   44.830854523749665        48.729754980930331        34.483576745761354     
   44.443309114174582        49.635065076676604        34.426147250262986     
   43.993635835067508        50.535851460192383        34.400166305961129     
   43.748935761776856        51.489635226790533        34.189897598442940     
   43.586766308753710        52.443025846330599        34.115476427176006     
   43.361842925054162        53.402325347296291        33.908236306618875     
   43.273084177357177        54.321841977717582        33.590322018337744     
   43.311569433973311        55.185145576463640        33.100711027159022     
   43.406862853527471        56.177754764803744        32.759816053288418     
   43.530608065190911        57.001639289984794        32.350985881853788     
   43.637710428818139        57.985798130490394        31.980033957097124     
   43.808521421399021        58.991083822078309        31.715644879685378     
   43.837536431003684        59.898887313340119        31.649232721456549     
   43.842122337638294        60.933013371142877        31.876171017669115     
   43.786726589977050        61.886515702485148        31.941444825314711     
   43.708806762671394        62.867040744401919        32.026231311857792     
   43.573938841789243        63.883493450513541        32.006157183933723     
   43.186312673171301        64.731595866750538        31.769749785830815     
   42.726662943082090        65.500627193951374        31.363760689208675     
   42.207647132952438        66.222688076179651        30.839610981191473     
   41.721569708236260        66.996969189120804        30.417696269454705     
   41.161642212590202        67.608121034972157        29.976616367943596     
   40.478614637070528        68.067964245038837        29.494561526170649     
   39.877764469625433        68.533814218145977        28.834442288840336     
   39.427833458518002        69.070804611602625        28.111256329881122     
   38.791911256612636        69.339120215404094        27.363311530010030     
   38.083488469919928        69.688587988964926        26.722700032583631     
   37.300827681897772        70.063977153490143        26.206674670958176     
   36.618824671042688        70.491067059623290        25.713084595721337     
   36.117131028237942        70.936755440400063        25.047863864061647     
   35.505512537653267        71.372361145639005        24.340464052111820     
   35.088218091003355        72.027929951801809        23.662377657841112     
   34.684311116337497        72.719734615269985        23.073181460596068     
   34.303677130287774        73.349946040104641        22.352311823546248     
   33.788507310217391        74.045692323997230        21.770504957023963     
   33.367186979680973        74.676005923397028        21.107942903971615     
   32.821592954309196        75.280273487198556        20.454656360503201     
   32.187141742337033        75.810632873866751        19.914514489368706     
   31.705178701157397        76.381029505903498        19.267431172102363     
   31.163409532134207        76.926626746043198        18.695821214152804     
   30.480332457982591        77.479005360622580        18.197679402167772     
   29.923133957843447        78.055875413294203        17.695135799677580     
   29.412045337870570        78.566939804555801        17.055246706592811     
   28.785964177971803        79.015861196701763        16.364031422990916     
   28.227955846802828        79.364215103186552        15.699449814430997     
   27.666891683829174        79.890572450509936        14.932606756190221     
   27.238283895211222        80.488367344401354        14.210040116762709     
