  -212.70850691892997        447.77460600788322        66.064286897486852     
  -217.58341469801690        440.59111487052348        77.511589885921225     
  -221.24979245516229        427.19112520504274        89.818228859120154     
  -219.30405725777052        419.41183889578247        103.07498551858160     
  -205.86177966490055        409.52203530824215        116.80184704841241     
  -191.88213942931083        398.90472261046438        132.34049196726863     
  -181.40952468662053        389.64376312528310        142.75141050587376     
  -169.76707073502621        396.36512402996982        157.89116139611224     
  -149.54256777314728        404.05497201953818        160.92855028094311     
  -151.18912082003786        402.76518262632857        175.76639552221127     
  -148.73447679207203        391.93128859853988        196.53314120156568     
  -155.69869456456854        376.93657437936179        205.55561793178555     
  -156.52982860181308        357.03744400200770        206.93112071259412     
  -155.99308552085631        338.51702118075229        215.14303586565967     
  -161.26213426679641        318.23105886242780        222.81314357594300     
  -161.30906077733709        298.53466154954447        231.20617299734300     
  -144.79803621790350        289.18408303839465        232.47272715042445     
  -138.04944564656381        273.78244640948719        225.50073391804565     
  -140.46864996506443        282.26159889273663        207.57420323217062     
  -133.70332122666423        281.97271154777303        191.84546203234621     
  -135.46480116839004        261.76463156340520        189.48323857663325     
  -130.32276185888941        239.14270368759853        179.57507533368616     
  -114.24767308923992        237.23007739273243        167.71747692152150     
  -121.82376933967575        242.67083927727896        155.78532369835204     
  -141.52451150446197        256.62524680974605        147.98052341036774     
  -156.10233401118055        271.60543431872327        150.45509750005428     
  -168.75588669691024        284.36101906961323        149.91714144169063     
  -183.80585316188549        289.56989975214123        139.86220911551234     
  -194.65864462756923        272.58524886040311        131.90922580121398     
  -203.11252352928864        258.58233358469909        125.52126472331894     
  -211.77037218220860        254.25895857207681        111.96342814777135     
  -219.62054983393568        254.67347234470509        96.215735968625026     
  -236.53472584817686        263.90995360775622        93.301028973830043     
  -248.07334966770287        279.75145562375542        88.890806920302666     
  -252.84483765227029        296.74320590085796        77.403668816105778     
  -256.64959203694866        313.37648048197678        77.195760469773262     
  -246.92274537720013        323.60095073341961        86.988541396508325     
  -230.60020239023146        323.21286653328735        81.455144814480121     
  -211.09490834742871        313.48973054665800        73.730962656160628     
  -194.32678209336495        305.60882142685250        61.565734770834716     
  -194.27131171046881        311.74807905041814        41.541646157735542     
  -205.78411560885758        320.32858743504522        36.973952406201590     
  -196.54689918970934        336.03350396058471        26.571441711541290     
  -194.92434487372265        350.78791641807902        14.716483696468559     
  -192.45050745902824        369.59902223397364        20.220882875131579     
  -198.99287418606067        388.53329865518907        28.840946067317311     
  -204.90296374692582        391.56766964858542        37.438133303771508     
  -207.68745288152064        414.85412520720445        45.836252892124293     
  -203.96579846047587        428.86183332784776        61.010539491613905     
  -206.14875360964751        445.46150441452255        57.404229924034198     
