   91.522572343916877       -68.168836895744363       -96.173853948467951     
   95.134977471215109       -69.487190412699945       -98.218014472320817     
   98.581505730333788       -69.896997178011674       -99.008759808025289     
   102.05808561560103       -71.928823934059636       -98.814025137894788     
   104.91734171063372       -74.050553535313924       -97.103569345201379     
   107.09793570633011       -76.548887749845917       -94.237992150443290     
   107.71227566719159       -78.242925386891855       -89.281203832283254     
   107.05659336737156       -78.618124494280892       -85.414813719345005     
   106.66478460376884       -79.760332752733476       -81.285242506655251     
   104.98330934533988       -80.467647299233036       -77.515961546909935     
   104.25341182621079       -81.790059022916338       -73.293851799290849     
   105.12449888729034       -83.054758546156222       -69.142766498417487     
   106.71914583181706       -85.268006293048188       -65.448123073377758     
   106.29658057275634       -88.873021297845284       -62.719728824128275     
   104.75205114491060       -91.535985300917403       -59.266898958915540     
   103.65545071734773       -94.205275482180241       -55.700061782053467     
   101.12962978921217       -95.934100861400836       -51.807354183131380     
   98.077726021531717       -97.496585158082610       -49.433623524276122     
   96.112684050861759       -100.46112554223565       -46.469117293809525     
   93.233300814816999       -104.15566259676474       -45.039993798216734     
   90.640591168989459       -107.40147774343903       -43.376746964838162     
   88.661395854907852       -110.13473269376281       -43.051634093180034     
   85.749377710093583       -111.90769750255255       -41.629355907077034     
   81.778665247924806       -113.29149432541523       -40.502877872363726     
   78.916137889157326       -114.84410749194714       -37.730625858102350     
   76.694339824890875       -115.66548319556502       -34.056794642346766     
   76.157477387312113       -116.61307080456567       -29.526489224213684     
   76.146773306345906       -118.34731396523303       -25.981576107897158     
   74.524606795620400       -119.85065955285070       -21.655460526949394     
   71.844221421878245       -121.32423487814994       -18.339254345965333     
   69.700717283014697       -123.89057264049936       -15.448226002935096     
   68.419564103566984       -126.59591590892219       -12.214797652136618     
   67.771873438837503       -129.17605454427948       -8.5787261854150536     
   67.744318676128202       -131.56512638223998       -4.9176028561143061     
   67.047901103081159       -132.92753692594809      -0.71650221068128894     
   66.678668702488125       -133.67456813948610        2.9707834557655639     
   67.067738114177544       -133.11926075770054        7.5288976085188413     
   67.095559607800155       -132.01172342557743        11.793928449374331     
   66.450273011041418       -130.02303253871492        15.363251283994465     
   66.355125487948470       -129.51530762111565        18.894015089089500     
   65.988567914850961       -127.81359041716000        22.837703318841278     
   63.189881319890461       -128.82675846033146        26.225226740913982     
   59.744506964041669       -129.65847110694526        28.453535298269902     
   56.617366971248700       -130.81395466085866        30.490448533564802     
   52.268803240629865       -130.89945461081089        31.498576739514476     
   48.951713544179881       -133.08666867711310        30.617617689627664     
   45.305387893984246       -135.34981569029674        30.297302134096483     
   41.901617461398885       -137.96190412747140        30.094194312779930     
   38.943780237123981       -140.38471204410934        30.806591422447092     
   35.684215004026818       -143.02200732846251        31.390544964012996     
