   29.045108941469323        14.968404832194299        20.554255228260246     
   29.753840118334864        14.948138216079107        21.318039816094867     
   30.337741245826990        14.911837261187651        22.106122412067364     
   31.030025077271013        14.928474123220409        22.762542739896322     
   31.718081048907301        15.073673029618234        23.462789665123882     
   32.330028408482619        15.253011205560528        24.252381054627431     
   33.123943075668130        15.438820923659293        24.940427628822771     
   33.754047038772526        15.578595129855248        25.761836286840119     
   34.146634866779088        15.570786303837568        26.580853886043133     
   34.561438500858785        15.640138217883413        27.467551080124785     
   35.040272486097500        15.866672529541781        28.378844892392390     
   35.521121253549993        16.200876914993110        29.217715433353515     
   35.943761923981960        16.455765264965677        30.074984922270069     
   36.378597187482470        16.902208794744833        30.825877863088913     
   36.732924032793221        17.153927216940161        31.676849403265116     
   37.142646435365613        17.496420174001646        32.474933602225370     
   37.375940780625641        17.923393498981831        33.356444836913354     
   37.784116081615814        18.234838596486306        34.100855017586326     
   38.224931063026411        18.674571401852305        34.890878972344311     
   38.719147841284858        19.073782103492505        35.625726100201668     
   39.262548533462905        19.641063111577640        36.268002688593320     
   39.579387198975610        20.402265096722633        36.899024036819817     
   39.867045170827026        21.065155125330431        37.622016533707587     
   40.157613619870958        21.794845258203154        38.267659600928027     
   40.406013713934300        22.600256386047217        38.581188119803478     
   40.761656180990627        23.494748894733540        38.972305201941225     
   41.217952497862804        24.420047878926308        39.294131344001400     
   41.659823627084101        25.338570708229692        39.474276107705506     
   42.038126949368788        26.244356229208510        39.502584356118184     
   42.355702005690951        27.223471743206630        39.542671591006950     
   42.653104148740894        28.189403969191208        39.587101286707899     
   42.924321985538207        29.109822879348290        39.585028529151401     
   43.312606064718935        30.101417297458930        39.472107955362667     
   43.881930514514565        30.875597438839808        39.068576244486415     
   44.420634141166367        31.599442388301505        38.655807902523271     
   44.956105896460450        32.498766176887536        38.468975116424922     
   45.343989886126678        33.351483757282161        38.237596915490364     
   45.765943796747173        34.118518994422757        37.833417137737172     
   46.091857054341141        34.949465090133401        37.418023772905002     
   46.409345622583849        35.804611287811220        36.983812738408297     
   46.728038366326061        36.656829211397863        36.592337322451492     
   46.893168779431726        37.584109928741981        36.305288348301943     
   47.176026400402023        38.561719238312151        36.111128497010803     
   47.474918909630816        39.507116034876518        36.017590837819171     
   47.664613978367711        40.497729519421362        35.954108934209266     
   47.505114639960539        41.455308185790081        35.863208540884777     
   47.200852425658610        42.385260799156356        35.775510025571691     
   46.950538557475582        43.375258405695241        35.640499630858933     
   46.916926587606277        44.347618215948927        35.489428654433283     
   46.830598653431728        45.326356722038710        35.327867264710690     
   46.638858308804345        46.317165967552519        35.157761182236072     
   46.284890369583557        47.223386205676299        34.976781051463611     
   45.832411723494694        48.179719953245424        34.897370828703203     
   45.502835547446843        49.171087052712451        34.747393650366540     
   45.312088194222639        50.132554377724574        34.636614631288481     
   45.059095773687048        51.084317295928294        34.425808182570648     
   44.919231473909313        52.042042095306307        34.032816675057227     
   44.838586760461176        52.879331763732409        33.723348066614982     
   44.669496541739541        53.787109668942023        33.321922729345083     
   44.720459314762543        54.592510850429342        32.771295653883023     
   44.854256076327424        55.330767610571016        32.120474231396166     
   44.849113447427328        56.201398803397687        31.526725042560557     
   44.987967966150521        56.946159283912806        30.990728823720691     
   45.065488056805393        57.825606740162499        30.409172569037295     
   45.222028568719601        58.650537667862203        29.773042602908671     
   45.425743206861846        59.448179446070576        29.383648760952827     
   45.739191618626315        60.328882954720925        29.061974611538758     
   46.027733597155667        61.134211814457515        28.632224673783856     
   46.295315927598715        62.036778411172762        28.334797639804076     
   46.441611951461610        62.963768569086213        27.965522745344401     
   46.440313553149267        63.704727648443708        27.412049412365025     
   46.434302366866561        64.494992710988825        26.817206613193431     
   46.353723730564568        65.389236276162407        26.246800320403572     
   46.222898413526060        66.272338416945985        25.781171848313150     
   46.005857929606201        66.996103312818903        25.180236995022170     
   45.625724846548948        67.564693458516857        24.567524123786551     
   45.424970588747321        68.200741027763570        23.813245828801243     
   45.305947916300354        68.942705441669034        23.143083952387698     
   45.051785656010651        69.408005434799307        22.279674622361313     
   44.601229715666506        69.816092454169109        21.457391573337357     
   44.066832725837060        70.169833013769548        20.647765050563216     
   43.613635529827256        70.598950801284801        19.899471628237887     
   43.285459398577473        71.094255346156146        19.219371163353681     
   42.984627117663784        71.673390588738343        18.533685442059873     
   42.719513802392562        72.537680605699677        18.037274352779374     
   42.399253859613374        73.368945660803206        17.525490546325731     
   42.140853921670640        74.166526008966244        16.926494081190931     
   41.722985849466127        75.006803491538918        16.471211650706962     
   41.303865816322073        75.820222620751665        16.051113749373503     
   40.773568781088315        76.559040913749342        15.701066360102674     
   40.123680298780293        77.260347392671548        15.453322856579540     
   39.574781175646898        77.989506954842554        15.127405893464267     
   39.065547674636910        78.792338189633227        15.008783067360364     
   38.607515624488165        79.724491852179341        15.050242604324627     
   38.260164233499509        80.657453668409914        14.908895313573078     
   37.838274656915736        81.499325060147456        14.889895031497185     
   37.244441984033124        82.335085879121721        14.747933017297022     
   36.667925919705262        83.078685437590437        14.652910147678725     
   36.141714405979592        83.985555476657808        14.429674278329065     
   35.651197244527964        84.798455009429688        14.047477496480031     
