   75.741905872781501       -101.70580927445531       -88.098771243284517     
   78.940160421475966       -99.455718582238589       -89.592046232102916     
   81.448320778272489       -96.723943487944538       -88.691245388893449     
   83.326623738367388       -93.315663614128226       -86.440516176242070     
   83.989997333178096       -89.701601474026361       -84.911011443818921     
   82.868605763342160       -87.082601082545438       -81.248927910893130     
   80.848120989400883       -84.600009617694525       -78.594301660148730     
   77.375582976374531       -83.965052250955040       -76.143162771321784     
   76.421801526587842       -84.505460013941288       -72.692116876095639     
   75.071999180752073       -84.452982933964179       -69.252686215248161     
   74.467690113861551       -85.257804593091407       -64.772416133341494     
   72.894097131808167       -87.308039430324143       -62.103100055262800     
   71.927373338131900       -89.686426078229232       -58.948368092562859     
   70.328113206210574       -92.363405385975895       -55.375385447709569     
   70.894530144866934       -95.376778972972261       -53.080630381465234     
   70.768855652891901       -97.625168420477308       -48.955215124763107     
   70.588628886977617       -98.891305786385871       -44.946324200790976     
   70.752388428600185       -99.865828604637485       -40.490499604223302     
   69.529815328899701       -102.19816544417787       -36.891985091071298     
   67.829283366384004       -103.46171134455720       -34.540147707259059     
   66.314398840640663       -105.84097088743123       -31.444425438081044     
   65.134541924020795       -109.48523720343566       -28.853545602436700     
   63.977404058195994       -113.08406080775498       -27.044101399864321     
   63.364681342317418       -117.43298566772872       -25.925199617220979     
   62.732383243576329       -122.27076201476324       -25.476667080470602     
   60.921645993582793       -125.53453626545179       -25.247931870808575     
   59.437109115090173       -129.44767977879957       -25.288830565180930     
   59.572778059190846       -133.44270870161347       -24.753063789465383     
   59.017922023300962       -137.31907873461273       -23.212126257247025     
   59.536595392430357       -141.66162694779030       -22.119859104901607     
   60.781268346180667       -145.20741681036685       -20.400617174620972     
   62.634720754397058       -148.82513553291574       -18.708843378752096     
   64.703919688184854       -152.68685771787725       -17.614491159515961     
   65.260857226817109       -156.63364667548524       -17.698499572353352     
   65.428270336449842       -161.39543669390977       -18.017534544603251     
   66.787186649420818       -165.48686740865631       -18.966980608834778     
   67.607841928533716       -169.32039551870471       -17.579643142231081     
   68.379628389262265       -173.85111312214505       -15.642771587223084     
   69.594969974934244       -178.00048825389561       -15.571892783251718     
   70.189951502101991       -182.46451094509797       -16.879612970905175     
   71.796252627178418       -186.33506415130802       -18.134588961704814     
   72.781553367899605       -189.74686255729958       -19.685897204722131     
   74.250308197476400       -193.05262024674576       -20.387815286666665     
   74.626842786604129       -197.50619240292590       -20.228375726467068     
   75.527742020478385       -200.71227694089015       -18.203465550672334     
   75.943747029623651       -202.06848844531490       -14.353868540950151     
   77.989503439259849       -201.76830875891423       -10.913623145548353     
   79.089530649763660       -200.62221101436597       -6.9478310193133357     
   81.667963126608740       -198.77874905218587       -3.8862098474174913     
   83.907332735739203       -197.07940731709149      -0.76127171329605847     
