   28.428581324144655        15.708801399118798        26.522741931674140     
   29.299968799673685        15.531461755635275        27.066168128819573     
   30.064919900640948        15.380046939102769        27.662201542774515     
   30.883906911279233        15.239134157651772        28.131056743954687     
   31.752885091744488        15.231932743670697        28.610300481864801     
   32.580245206391290        15.273303537870943        29.180725626757930     
   33.416654331194252        15.345558319804052        29.740537419336491     
   34.250018829774227        15.294643430918972        30.376636117413117     
   34.776351561621937        15.281570160939072        31.167473085492606     
   35.315089765497156        15.329699088117588        32.079781012412276     
   35.852339821406837        15.576616420145909        32.952392266421981     
   36.402869306146165        15.912174748644363        33.807645194579251     
   37.063353766012384        16.287428381217140        34.543569518494351     
   37.739442918182363        16.761239086614037        35.235490869507672     
   38.299978983711128        17.097414894795953        35.932518404691855     
   38.893295520710581        17.455571442335977        36.580935228516367     
   39.418673207758935        17.943789260463010        37.223054586394575     
   40.036557313531290        18.307351842743238        37.774228898919397     
   40.726029817176290        18.732780127754371        38.322649680553482     
   41.440157685539575        19.186386350960213        38.800020072840503     
   42.119206879905512        19.823195198047518        39.203725354317044     
   42.569567533698311        20.640566866367113        39.658787966947351     
   42.968429755673434        21.353196239278684        40.225817652103139     
   43.310442956237736        22.131949800172258        40.751273929371216     
   43.589651954997422        23.004901021440851        41.037378509642387     
   43.894733445026638        23.947307316169173        41.285758412040927     
   44.275913133867725        24.931709529571158        41.517298757805825     
   44.670675004533166        25.811389863891971        41.548911082719428     
   44.984174769371776        26.785038569533054        41.486183562145840     
   45.330754462541016        27.782266699390757        41.361398881038021     
   45.674436614869300        28.728942091016155        41.326365464610568     
   45.950275319187305        29.638220608683476        41.192724273338975     
   46.300652399556320        30.617136375305183        40.936336099723874     
   46.763965036892792        31.337650367920332        40.403039369861702     
   47.187800963786714        32.057797969848700        39.867986708092054     
   47.611573093948898        33.015232173479831        39.503391155309707     
   47.929304531679819        33.849242843875437        39.136525964313478     
   48.285695122070720        34.595422702228191        38.746202031334185     
   48.547406731855297        35.488714098788009        38.225320944596589     
   48.771863736205539        36.326047789153357        37.706568039039787     
   48.989477687832014        37.134886342819819        37.185183140498012     
   49.031212284404589        38.028934532980401        36.774755616115861     
   49.158251177330470        39.048283151493770        36.482187739065338     
   49.324741637862935        40.012922084280021        36.183776041155980     
   49.558263401469603        40.896758078286148        35.752927148187069     
   49.478117324545835        41.798001897188648        35.392544940476718     
   49.257665847272150        42.751063142467530        35.171948486298582     
   49.038545747848914        43.739980266760895        34.984840486614168     
   48.957629894286370        44.705108283871375        34.752807194889179     
   48.929351061490657        45.671949241637492        34.516370040083515     
   48.856018617077439        46.679365223190217        34.183692240515363     
   48.573882657260071        47.599090714261564        33.951772963681236     
   48.225510742937480        48.593987746897170        33.831631175993095     
   47.948392101375518        49.582438884439583        33.586494595826629     
   47.791967637840635        50.536337115637835        33.389808265288202     
   47.577111758740713        51.460274686290603        33.095962602705569     
   47.454890491606662        52.327773729509332        32.526973577724867     
   47.136642435799956        53.122661963376473        32.143102963546092     
   46.713152296928534        53.907718450760022        31.676051636011355     
   46.419751711763475        54.570756750587691        31.021257963780457     
   46.059699976039624        55.221117773452747        30.357993361660064     
   45.637141663992132        55.958585144630597        29.818531917267322     
   45.352053020732434        56.609484777701383        29.221627544297718     
   45.009855056248156        57.386873407667210        28.592173541829517     
   44.671866601600186        58.083546661690612        27.877969451386406     
   44.526312339951083        58.814178675799916        27.260799490599869     
   44.531056553681374        59.583714605564687        26.640191095051520     
   44.443709862276613        60.318757165402140        26.033083983063189     
   44.356752006388390        61.102182757315951        25.405583720669842     
   43.991458789913295        61.877235915994021        24.873671421164467     
   43.418772848493845        62.473898368539892        24.394083968555279     
   42.853370206154921        63.061766364277538        23.834509102438389     
   42.231360417759689        63.620943909258749        23.260066166701904     
   41.631829357632427        64.323575162061658        22.855683090136910     
   40.965316816885945        64.856649118547338        22.404398164616154     
   40.157553262698734        65.243943119430639        22.136002648389017     
   39.361212516104899        65.687362813704482        21.708200218872111     
   38.663305736966194        66.118076852847196        21.124071746039167     
   37.850772313514589        66.218367659891399        20.527155169677282     
   36.964608321564157        66.203838814587243        20.017069514620921     
   35.949880074586204        66.045241641705729        19.647865005704915     
   35.170362567718328        66.135379270192402        19.117556552592248     
   34.595047405668410        66.285590604805691        18.401282738412768     
   34.091329966053635        66.486198227650917        17.625339492091889     
   33.449379212802135        66.950736780097117        16.965180847064005     
   32.721697881687220        67.241656249590889        16.300849280788892     
   32.047717043130127        67.599699805956632        15.608565851872928     
   31.312447913345174        67.910183265423427        14.937044152166433     
   30.703773072654105        68.387657182990765        14.292584591752373     
   30.010760517803945        68.782825806734991        13.732963337680285     
   29.194853111718636        69.117550630338499        13.240276798355602     
   28.453096849708992        69.331323188228637        12.719485416406727     
   27.631015213729320        69.764161443326046        12.409901240714074     
   26.830354474802135        70.329006507437867        12.218406663389414     
   26.106987885080972        70.981399217292676        11.820285151288147     
   25.308882105658533        71.519389133616357        11.624074793344406     
   24.370787987929724        71.883531112442355        11.381862801629730     
   23.519128836163205        72.180331253719771        11.097386463626357     
   22.750250660705493        72.540681303070798        10.599678311055445     
   22.040079709547882        72.830357372276964        9.9220116443407829     
