   45.217293881019721       0.83507477325632651        53.626194299331310     
   45.459192361289603        1.7959749407921877        53.447447210043116     
   45.740972391133077        2.7496630157579562        53.289733548282875     
   45.996991503795982        3.7094369451269307        53.125165182211923     
   46.226278104983635        4.6832047231687808        53.011154228266420     
   46.474315573724112        5.6526571564462742        52.899646729103885     
   46.748445137870334        6.6195624996307441        52.838478370954917     
   47.016933577081574        7.5857608341283900        52.748094384097733     
   47.272129330472943        8.5500954227231034        52.611242429975100     
   47.414280280378946        9.5377236454811190        52.476416135399276     
   47.603810321795535        10.517746845918484        52.344403186559525     
   47.837913408440642        11.490382968154156        52.230520583841184     
   47.996158835537187        12.480600705847117        52.139846742974228     
   48.103271900411819        13.477354994553821        52.046026660186726     
   48.181593480385786        14.481110726818686        52.034421113573707     
   48.246051312723381        15.485857251775336        52.045562796309994     
   48.293694360879655        16.490993173818548        52.080583459310368     
   48.349310061429691        17.489546039674451        52.197175039622486     
   48.457361743595776        18.482323298895075        52.325676698023422     
   48.583395920126335        19.473237970277356        52.452160013294275     
   48.723389751153000        20.469472478522274        52.493549148496534     
   48.886013039203874        21.463008208931228        52.478221159696737     
   49.058514098406214        22.452705176744981        52.410857778467658     
   49.227177187559960        23.443148794413950        52.344761400107622     
   49.368848039179170        24.439048886428115        52.301093274616385     
   49.510435293598498        25.435065204390053        52.259873468747841     
   49.646918464321715        26.431786373754580        52.218475602784693     
   49.800336328237513        27.424651835033810        52.151575203035208     
   49.950689189292369        28.418047370412197        52.085591446555192     
   50.133297166483032        29.406748263224681        52.031559975407475     
   50.317237484002504        30.396465280395699        52.011048657331081     
   50.515784424909427        31.383258584774797        51.986297589769990     
   50.672949588590050        32.377789380672290        51.987759093481891     
   50.835532482635266        33.371449903504072        51.987448310779648     
   50.992691552100915        34.365948389312507        51.979182884864905     
   51.166683214487477        35.356810909522970        51.937795735671571     
   51.345772380293361        36.347335370041542        51.913652569727219     
   51.560812035883018        37.328847938654228        51.848956721053980     
   51.768707495230601        38.313277217990930        51.810577030804943     
   51.920096188577851        39.307241315993785        51.756619973210171     
   52.087237284352049        40.297118025388315        51.679144280518379     
   52.309936839478780        41.278793602197290        51.656505846400364     
   52.514323577492789        42.264650411223194        51.666847126667420     
   52.713640683923778        43.250210394309057        51.719180094098576     
   52.882731235397422        44.240039276090357        51.792947965494783     
   52.997871915064508        45.239299825538183        51.837842362240110     
   53.108808504240088        46.238255739251088        51.897631025853030     
   53.219059909234382        47.239040167881498        51.905978706011119     
   53.357652583749058        48.232617898936425        51.991943184597787     
   53.478520884899595        49.232057934168452        52.009407388236767     
   53.556477508822198        50.235427765011863        51.978322407999585     
   53.697626542093047        51.232041368798264        51.953166815959293     
   53.790784721849192        52.234259093550079        51.927172308961403     
   53.832186298312983        53.239861250519127        51.956236720560739     
   53.894874270369804        54.244757042999439        51.949222943316769     
   53.890233722186885        55.251259886650246        51.976149133016094     
   53.955755283914151        56.250802323696149        51.874088513041890     
   54.006679640171619        57.247605840906452        51.741483887658141     
   53.971434163975509        58.250816365170294        51.819720254332530     
   54.024726970764789        59.254960740926862        51.871183620303562     
   54.102064645172376        60.255338874648849        51.955189586426400     
   54.187682041335002        61.256848649649939        52.013861221037367     
   54.134932110193041        62.250441897625834        51.859639202513030     
   53.960519722269922        63.242045879251329        51.849821299486216     
   53.731057802426605        64.217655637066059        51.753243059416228     
   53.386710109300218        65.160953220426094        51.679698079154562     
   53.056356006502035        66.107911445177209        51.590642950179195     
   52.794144229695966        67.070832397495906        51.457141068745884     
   52.551682281589947        68.043535933742746        51.363042381454889     
   52.275960572815130        68.994611081711938        51.180756532079712     
   52.022004497400296        69.906016535450661        50.836313591505800     
   51.721692446420974        70.803381554329164        50.492303092267662     
   51.445421733554795        71.695779440460768        50.116676902157323     
   51.331045244632712        72.581156826701516        49.651038167330242     
   51.243885260019361        73.518041754323662        49.292646903299918     
   51.234874210030569        74.498850449495762        49.065209806262004     
   51.026462002285022        75.447858241465511        48.801120633633232     
   50.709913747615580        76.371644389425285        48.555741571853886     
   50.421356614747509        77.280813065672618        48.233341776788926     
   50.095417068437179        78.186891101543736        47.939096073814149     
   49.712718885891881        79.079618104791891        47.673812965787327     
   49.385379483592544        80.024997130580019        47.560226250196642     
   49.055342283751131        80.965892717736509        47.420278154653154     
   48.833155169083192        81.940987128386581        47.303580660887050     
   48.583737943342541        82.915369070440434        47.257046725320350     
   48.242928264478877        83.851520580133368        47.111226142587164     
   48.019663172472271        84.833183088572298        47.128136106304368     
   47.752222632416292        85.802533176360754        47.076847769469808     
   47.607663533789442        86.794870510726625        47.167201576717773     
   47.560109649505677        87.800015203325898        47.202091456132869     
   47.725112390538470        88.790070873946704        47.281830989487361     
   47.838543746416086        89.779178489246135        47.432143934760326     
   48.019531162823156        90.748391863600901        47.636260369008397     
   48.223006969627860        91.720649854093949        47.800900961281769     
   48.460524146304898        92.683645711793957        47.974161162978199     
   48.663837261162932        93.664712100050352        48.073996266108203     
   48.882911610191506        94.641638710268538        48.180838937834437     
   49.129973717634215        95.615811983603606        48.242004918918333     
   49.236012136207577        96.609198091855873        48.367441844797348     
   49.299378970529915        97.613185733784434        48.409726449783840     
