   36.080832357719586       -32.928837198478156        1.4454380265718481     
   33.991500916977778       -35.137643694893363       -1.2680101950350382     
   33.159671231387428       -37.752902161338625       -4.1415015498963959     
   31.985602512262748       -40.462507709176066       -6.2251523717434596     
   30.573710836998906       -43.643910885160068       -8.8953295096105887     
   29.167721142932553       -47.046445848591972       -9.5014336061902345     
   27.339802176264239       -50.677773587164694       -9.5201157287682854     
   25.308534798636114       -54.911401343504849       -9.2138322981545642     
   24.099153021651539       -59.364097514607650       -8.2732256429936264     
   24.245485772798006       -63.454736312236342       -7.6959250280433178     
   23.765431420857965       -67.417338343606275       -7.3916991132515157     
   24.072500281329237       -71.901623401340331       -8.1777131766721975     
   25.067496788113729       -75.466988386112334       -9.5949926688275564     
   26.279491501982800       -79.134912139553151       -11.570921801859694     
   28.461801898290854       -82.033785956492466       -13.955586000234304     
   29.804294590414557       -85.793954074629539       -15.148872180352503     
   29.820136686661506       -89.513868472418935       -16.871501013120039     
   31.344624973338476       -93.742950461889947       -16.732829664391300     
   33.256104501683254       -97.716785065110258       -17.588473143026928     
   35.914882585313244       -100.52990571208757       -18.485523158628041     
   38.256958646678271       -103.69898451943499       -20.184494049236179     
   41.702150716715323       -105.89077088762690       -19.942012135833682     
   44.460822666577876       -108.42536731828878       -19.243626001757001     
   47.128985268516040       -111.00556670124645       -17.990445218046975     
   49.750870574845877       -112.73607680265420       -18.055782962558840     
   52.822664402656478       -114.83740054019455       -17.349842630645156     
   57.383992288819805       -115.42105556370261       -17.210301159327901     
   61.692829059748327       -115.48923180509635       -17.164358578679831     
   65.089842332769436       -116.06446241829360       -18.345754976497158     
   69.067111421083084       -117.23940763562675       -20.267387046030919     
   72.755703358267724       -117.43927615144121       -22.209922549316719     
   76.857331660261920       -118.12482440351576       -23.388243753153812     
   80.351809654866827       -118.86254013317443       -23.386011423699092     
   83.663546441552754       -120.89953589789160       -21.869783851997887     
   86.625710511511699       -121.66006330200049       -19.172622527132042     
   89.799694512668950       -123.37005848252882       -16.361510909089716     
   91.866289271807531       -125.26428465493677       -14.167325977908913     
   93.140465899631039       -128.14639694276673       -10.901675914329964     
   95.405573984245009       -130.03464015285624       -7.1965421558914144     
   96.455940878909075       -130.89903420710223       -3.4020215501650952     
   95.806221194252643       -132.32876056661189       0.73121545956840561     
   93.981654002996976       -133.73314703745518        4.3218257285384283     
   93.402167936319813       -136.19858990083722        7.8671763075309444     
   92.482517062436798       -139.16769288790204        10.963276730122482     
   92.777139067899569       -142.50378506585218        14.221000602728894     
   93.449855094843542       -145.86166333761815        17.816144137098323     
   94.558972156557587       -149.08275275155228        20.831393993271369     
   96.895571420298268       -152.08227852056461        23.457026119319313     
   97.287949085969515       -154.68328707310718        26.740122133730157     
   95.780797362637074       -157.48326175209422        29.351465684591712     
