   28.027728683275846        13.499579057599005        26.499764649747810     
   28.963770178414137        13.486211317541516        26.924036027965315     
   29.804227223897882        13.453219695795184        27.409827514292452     
   30.600039650491212        13.478272365929348        27.923543712148522     
   31.395578391942145        13.638727376346685        28.494702008329881     
   32.147289157970093        13.919073943084962        29.207826826036442     
   32.882032271143579        14.156651171408946        29.888378775658882     
   33.589103725256464        14.270761974925955        30.545890271557187     
   34.184304505622563        14.350644433025657        31.282079777746262     
   34.910891076021848        14.465198865539779        32.030915235990442     
   35.571893338530437        14.741061987553799        32.818234705378728     
   36.169678930781103        15.175974629982299        33.593246354108636     
   36.893786580793517        15.588700246933511        34.267629171414953     
   37.589244681835581        16.166761011914009        34.779609729259526     
   38.232217900274968        16.586625087313195        35.363356131597989     
   38.711091748391745        17.022156873410029        36.005258115197996     
   39.335365194437543        17.474954817538794        36.667659934197005     
   39.921319621659840        17.889185859504124        37.303433528650046     
   40.540345105858769        18.365025273797990        37.861795144034588     
   41.272007904264321        18.900413260579079        38.263698023736374     
   41.968718424209229        19.615267260949611        38.578695544596876     
   42.570801446698106        20.404471577053503        38.883089574669491     
   43.206860543103495        21.012065122093585        39.337097859655223     
   43.847403614030227        21.720537157548822        39.737469333885095     
   44.216871873720656        22.606298971515017        40.015633800851980     
   44.625776530286259        23.516194840348263        40.234227957994051     
   45.072836548488716        24.405833520357945        40.460149574647865     
   45.453185002829308        25.316158557399039        40.477384530792413     
   45.711029027775290        26.208610520039059        40.455073892832914     
   45.978393249238707        27.230804148299480        40.319962763956831     
   46.277343642748285        28.190973547746378        40.254828703811597     
   46.472594962603715        29.077681120009309        40.242977971830740     
   46.729741465736950        29.993688397306943        40.045901852893806     
   46.817615572406872        30.761275162703310        39.518654426387378     
   46.919868673088594        31.568855755117717        38.928715041488807     
   47.177528022817832        32.556108921200675        38.502630273164407     
   47.327398101078380        33.443387921864989        38.154216628421082     
   47.562381359300460        34.286943330103973        37.802953104034586     
   47.810074800087520        35.306172662898746        37.609048181594616     
   48.015025942790800        36.274316723090479        37.405811027839107     
   48.220795277638651        37.263182578413101        37.238970249644289     
   48.249795522116955        38.249029277532095        37.239145098442918     
   48.395365641767263        39.287340901921532        37.175653189360851     
   48.606572351343019        40.285337974611160        37.111628655095707     
   48.899365818084732        41.268768798105079        36.857723354354775     
   48.859713884624135        42.196717100309549        36.564672466284016     
   48.635450885347758        43.166216452262610        36.440718844316635     
   48.314700903669817        44.144950701129503        36.454091188402266     
   48.137394721131727        45.155990445860958        36.447715451891419     
   48.022034203176361        46.089962756428754        36.352076188097485     
   47.894273234489482        47.052363973050653        36.274126779594134     
   47.610817645847838        48.005855242002397        36.175448098893597     
   47.134375750015060        48.913842192697878        36.218300618142763     
   46.778820845265862        49.902293390031261        36.208856845909516     
   46.661898933383199        50.874946595788685        36.324403238096359     
   46.522235259102594        51.872975680966427        36.284415167584008     
   46.490269291658080        52.901933837600595        36.007225736062566     
   46.337324923985342        53.725675870825413        35.659809447487191     
   46.061561200908997        54.565734799934461        35.211271953799795     
   45.857238879496933        55.292225514698806        34.569613388231765     
   45.581105524086098        56.030918977479814        33.908721904169646     
   45.359159838717723        56.848468531395788        33.329399848128816     
   45.227271321044185        57.643995775464766        32.870071512221422     
   44.977844869185589        58.473812300366269        32.299882093616880     
   44.734051278088543        59.299543241276275        31.646027045312191     
   44.702696905159279        60.088869026393844        30.982590137006166     
   44.922943691417679        60.795402212712197        30.349790043838858     
   45.131026511338717        61.527291234978513        29.693192706458927     
   45.189910744007868        62.305159565009333        29.055597682679824     
   44.978011425155692        63.117980808895020        28.486774992575818     
   44.660086049352792        63.682567443375433        27.897377167900586     
   44.370227071561416        64.192035682254811        27.080745297980190     
   44.018047309679908        64.668399083374425        26.317164315321605     
   43.763231009343130        65.273565726522577        25.591567506062439     
   43.375117631457123        65.820390255287563        24.911607817584994     
   42.860007421351021        66.299305640787864        24.295315451333604     
   42.466981684766282        66.810880684871663        23.624641667929360     
   42.311894222714585        67.587084776550725        22.954764690718413     
   42.129471309068954        68.073422379069044        22.178529098975524     
   41.713441093549008        68.442808968216383        21.320532892106193     
   41.003374618325516        68.818411718281709        20.446313359705098     
   40.508798630594967        69.231544940476638        19.721013262184663     
   40.032940466200237        69.695503392821664        18.960994285247363     
   39.711714749087605        70.113621426189169        18.159768587821254     
   39.326565825945480        70.713237104404286        17.437746342861693     
   38.871910340270169        71.151083351971749        16.653421861896089     
   38.538107771078856        71.617220662562147        15.830792736926043     
   38.155738224073978        72.067915228960103        14.971356874085398     
   37.810536293658870        72.637106126055130        14.215941836799121     
   37.359013005904679        73.303455324523668        13.572107582073080     
   36.848976087830167        74.060206461304944        13.128058919927266     
   36.373975149256026        74.687871224889307        12.630529247286523     
   35.843409621091048        75.466553977707335        12.363765449299478     
   35.466652802011609        76.340215201386684        12.183527973636881     
   35.053440880465374        77.238533448998112        11.863131570593488     
   34.547912282819730        78.067416166748941        11.713803853962025     
   33.916766079314144        78.852117926576895        11.496214805208977     
   33.320602184199117        79.563507649320712        11.221632272147600     
   32.682325933609917        80.191332950225060        10.905907320000045     
   31.944893797896697        80.778735260036328        10.477713537277157     
