   23.199239202988899        14.157003055981896        34.751135028722153     
   24.222860546457419        14.186750335617250        34.838730827820079     
   25.220888586685305        14.177936278109328        35.014469532443840     
   26.149414166787203        14.231190305045063        35.195725269601169     
   27.093244807134283        14.416399531071884        35.440124049775541     
   28.038601963726482        14.707419440163697        35.857038354957531     
   28.957082733257600        14.954959319923278        36.250177543844892     
   29.841452848097855        15.078795870646639        36.634685921674787     
   30.722628163247553        15.165861041653443        36.979025703070668     
   31.732586439008085        15.227814263943090        37.258223456084096     
   32.688456977558573        15.399184227822726        37.608647901129416     
   33.625934897059508        15.777294780631154        37.962635523535702     
   34.580517451667063        16.148112447036340        38.120164773208408     
   35.477491755723527        16.672127755723832        38.148189120644652     
   36.373155123851561        17.021668051567332        38.226092755087755     
   37.198658067964473        17.360298078005069        38.412963967734946     
   38.175696649156194        17.644323367003082        38.490257090898055     
   39.139097002458037        17.934483935739337        38.568121149596770     
   40.034077784251494        18.280866778195097        38.547830302133740     
   40.964007933186267        18.685466760849625        38.317340385758392     
   41.781485334201378        19.294206038178810        38.078986825553862     
   42.516366296570233        20.022889672167935        37.995480677430010     
   43.377271955108895        20.571168746370926        37.959731646887867     
   44.167425693609751        21.223537173946845        37.876297357523399     
   44.651336369279527        22.076195045747326        38.069329138098240     
   45.154217439868368        22.956250271889100        38.193869668053125     
   45.727528187683312        23.860681621963721        38.284574317959311     
   46.123937234265945        24.763512818514624        38.247032849975376     
   46.329354362137877        25.667999234206064        38.190819517099584     
   46.588249082620052        26.696918665616217        38.096390786862735     
   46.898267903736993        27.707816517115450        38.062331830739090     
   47.113453442131998        28.589496841179859        38.033197200391228     
   47.370216288480805        29.500387128766008        37.813232708922214     
   47.471691657897409        30.306953539363541        37.350572439945211     
   47.579706152407091        31.169992388797827        36.869252447805593     
   47.778180303854505        32.166926069214533        36.524468016013010     
   47.914599810912797        33.082864085787641        36.253240434246209     
   48.142371063506722        33.958359747360404        35.985254380434846     
   48.423088884664033        34.976967517457922        35.838914679853268     
   48.652613536797944        35.935778497691082        35.622791825706429     
   48.815637615757439        36.892780554466619        35.536271627550072     
   48.833068614296849        37.896199772528313        35.484075399560588     
   48.962496206687291        38.935525595061797        35.404305451966138     
   49.199723459462653        39.878245355682701        35.335388810584313     
   49.507072264702067        40.856838274231897        35.098592292258616     
   49.546686514118122        41.824518932966328        34.762939658700425     
   49.334658930813198        42.791403558567040        34.602422334478007     
   49.008017262159129        43.767542788787743        34.564507643911085     
   48.844381928516945        44.780543320270226        34.537435543715681     
   48.749547605413497        45.713346672497337        34.412361357631170     
   48.701272436704308        46.671792735176744        34.246031173414359     
   48.512314697116793        47.612000934257601        34.097059405758010     
   48.120623195400633        48.560379117565276        34.076320310953193     
   47.702599390182101        49.523899540499897        34.055614333711489     
   47.457752952808164        50.469425852024344        34.193839429899228     
   47.216899507270178        51.456357800631139        34.245027477520772     
   46.978761562187302        52.445970221894868        34.098093329811263     
   46.617378437088597        53.240627993764690        33.851999329534117     
   46.147477027827023        54.045046139334573        33.512831773249509     
   45.707360515839099        54.737240470387476        32.957470135785641     
   45.191795649913331        55.438234153738250        32.408383675784101     
   44.779052776988991        56.228110326698150        31.899463095322290     
   44.487658740386266        57.003084265963672        31.480242859397052     
   44.050668131931225        57.804539363301068        30.987664004746332     
   43.505605637313991        58.529934118087070        30.399869267852409     
   43.147631058631767        59.186181561297346        29.688982274474981     
   43.044032052381766        59.781969794980967        28.925806426686918     
   42.916517976412216        60.371957209142423        28.182220783628402     
   42.656594514188747        61.030110164950237        27.465039923163562     
   42.152947219797653        61.733644763414830        26.935400970446906     
   41.569581597353590        62.253257394066942        26.460650291381363     
   40.875753638852245        62.618535720076345        25.831652490946087     
   40.184496206310172        62.964486602047792        25.251575133258800     
   39.522853536865753        63.408024849066628        24.642608691374953     
   38.813596882475366        63.716948289284957        24.172382559076727     
   37.986858527347735        63.964710325092369        23.812337532034842     
   37.235679456317477        64.245707683703174        23.340371360796901     
   36.551735143059567        64.876902277074109        22.883103781491730     
   36.032385870847946        65.326948773315252        22.211734803435689     
   35.289245743714837        65.597379782737235        21.563433250100193     
   34.258076253192598        65.794358512962646        21.008978132368107     
   33.452137796652082        66.090554509126505        20.557230598329870     
   32.639001309398452        66.441517653409264        20.072502625255918     
   32.004828349180819        66.785425095584174        19.488673363643478     
   31.149243810842599        67.106549364981348        19.043686293884672     
   30.297689093338747        67.237565369869344        18.522845427433527     
   29.532663212570416        67.459991233978570        17.914003114923819     
   28.779313356575962        67.726540425647556        17.243646800798533     
   27.997463978543049        68.044740085194931        16.623267905372160     
   27.134028351157788        68.352354216684603        16.151813194172444     
   26.253844623384364        68.749525367780819        15.867958813584798     
   25.495649894631658        69.144544729683560        15.498871860058607     
   24.668226548883421        69.640377267769367        15.318499858419742     
   23.929199561173405        70.266028203185712        15.307766705767490     
   23.180728460585417        70.972949426107135        15.164843588845844     
   22.455639899636630        71.633351552854108        15.219799021218680     
   21.637957111231550        72.281076053941405        15.135844515833993     
   20.892175882038647        72.890880105201134        15.041867538986468     
   20.031450664380156        73.373660772676317        14.972453525265905     
   19.108268722922201        73.893737659970768        14.849302743342019     
