   21.140950103965000        16.270383035200325        34.196482502462686     
   22.103203466183047        16.222022215966938        34.554376729201209     
   23.005826453097576        16.158237880635866        35.010693561077410     
   23.840564700554644        16.168453281945602        35.458975938992573     
   24.639931177853324        16.325810093898554        36.009363650952373     
   25.394628864597045        16.670759661740934        36.690283232211613     
   26.156233977725439        16.945263734465833        37.325929756329359     
   26.873464160990260        17.105803359313413        37.929359943010297     
   27.640483586437171        17.169938553880421        38.532978805925197     
   28.506015898820117        17.230603580323397        39.123723147078579     
   29.346201750693762        17.459188366615223        39.770279420975378     
   30.152511648260468        17.836094999109090        40.366052377714645     
   31.006590610721808        18.144246489608285        40.824874950183812     
   31.960737342787620        18.578600624819241        41.128156645550284     
   32.796030211042307        18.877848238655996        41.506570378837111     
   33.575543186838921        19.164483852115428        41.882397202416747     
   34.521230590669944        19.371220034663960        42.205173387840105     
   35.482796089435695        19.581029396145759        42.428260885128708     
   36.394671178951903        19.856019899599854        42.547623508876782     
   37.403145269291734        20.177806186199390        42.510368870536340     
   38.255526476481684        20.720802757488205        42.347368980268882     
   39.060285341249454        21.376716227677349        42.359362031272092     
   39.948035115116284        21.855468237029559        42.375630028124768     
   40.807330940168576        22.420827595543923        42.356589290922308     
   41.405982448883812        23.182458179073556        42.643878261247380     
   41.954975140104509        23.984918156706946        42.822796618473234     
   42.606587216816877        24.830705579266091        42.945082968471390     
   43.071060591160709        25.701204609680008        42.957313506914190     
   43.331641832824296        26.596764744023172        42.988537589507985     
   43.618014122799700        27.654343525894333        42.977808381613876     
   44.003859023543193        28.638343556999505        43.023127245898877     
   44.273181685978876        29.526059499613677        42.954493973426473     
   44.459989214409667        30.468351749060751        42.710556395907943     
   44.449148105899894        31.289815035032525        42.263363272124693     
   44.454511635281008        32.158302745655703        41.779759663226478     
   44.626773563319617        33.098749915622399        41.291876475364241     
   44.817466278244382        33.953054092608085        40.958452506567568     
   44.974212796585086        34.820571278657710        40.622085011623675     
   45.273117460101119        35.766931883260078        40.294009175611109     
   45.496979455682933        36.696938392510980        39.972010962071820     
   45.710984836329963        37.654764493011704        39.728542731356796     
   45.843257185758034        38.640952187318213        39.587772456521797     
   46.066711444249535        39.658173486577112        39.451236987532518     
   46.414799195603045        40.550251256526749        39.270187299039982     
   46.809117428389222        41.457499422003288        38.910195803390899     
   46.924247267494955        42.387256758805236        38.494342161744605     
   46.833406784937424        43.354995692692498        38.247731640379129     
   46.701432801776662        44.422691971961910        38.107480204724560     
   46.718453262365784        45.435366177857894        37.940504893845130     
   46.745310174281741        46.397182806410427        37.666623885268379     
   46.891585491836054        47.289065088506412        37.342392456444607     
   46.862048011463379        48.219138628454665        37.066748083984592     
   46.663593948590318        49.199803626015374        36.960748226964981     
   46.399242671244494        50.243432047635025        36.857425681625436     
   46.401334829758092        51.237479804623817        36.819241139466833     
   46.380358750900776        52.254439748012814        36.815028386725459     
   46.228822312749784        53.184971163903484        36.385320971354965     
   46.142635651128757        53.967137476692038        35.934290248489049     
   45.927800517240954        54.799966122365589        35.383830915180781     
   45.564641668413302        55.483126260751554        34.715717952804610     
   45.177249494111010        56.198679937528695        34.128589891610048     
   44.915196113097309        56.895317643030786        33.421988775173610     
   44.765553037358487        57.497201620491552        32.823857278937645     
   44.356078175085983        58.021003746680130        32.027687282804784     
   43.811725455764162        58.385107455634760        31.186659142347494     
   43.387800086215641        58.550107661524947        30.256045591567950     
   42.935702036164280        58.720432456879877        29.353159785188769     
   42.536026789895693        58.890322806084605        28.520891310247368     
   42.090366637226666        59.151625435723474        27.672034052558285     
   41.494062966190143        59.495456112435662        26.967915107033122     
   40.794348005936065        59.944704192561275        26.492337827043485     
   39.905994960362008        60.236194849643546        26.122672141784840     
   39.020079090630865        60.476847569894240        25.820599415976311     
   38.148509003553464        60.792196079358632        25.438162196515030     
   37.324575012804942        61.037212302807006        25.154100339966522     
   36.462908606680031        61.274414244745891        25.021908862299593     
   35.598617458520330        61.499794988464046        24.760784541971109     
   34.782063172914327        61.929430807463767        24.287569750240085     
   34.087512466386862        62.107597755547808        23.648149954883156     
   33.276535377954318        62.031954128666676        23.132096130582269     
   32.198693097102321        61.940010030574825        22.751425435064995     
   31.294678733906089        61.955024584917901        22.404775728503221     
   30.364707245736739        62.051890333899607        22.023859279272312     
   29.511220959471579        62.117417975817503        21.607226202204195     
   28.575197090823306        62.327910958370055        21.352009748735231     
   27.587324542185989        62.377447092133025        21.164286980520714     
   26.618248497017984        62.409588385950642        20.908776940237416     
   25.658400478257981        62.406418610660104        20.562067807027930     
   24.643144815334917        62.532146778390981        20.336551036257863     
   23.584920231048830        62.683544742809779        20.302330412320710     
   22.640529385957141        63.017823472202480        20.205246479243975     
   21.788286435984787        63.305450638173504        20.131659672219808     
   20.879061675875381        63.780460470313713        20.168439739069939     
   20.119354240945935        64.380607788901841        20.188009905685032     
   19.285207091969362        64.989682790429669        20.071391735785351     
   18.547522272361480        65.634236111204174        20.144032037111465     
   17.641326177061675        66.157694959362885        20.143988621854763     
   16.814928504239568        66.660455960615792        20.178347854964841     
   15.923231715859965        67.074267322576645        20.289614978624464     
   14.933566184796890        67.456802064807476        20.399797955678512     
