   39.852834808834736        13.509204075321826        5.7555475480642446     
   38.213229864726578        9.9364493805790595        7.8631265254839446     
   37.908457293807317        6.2834033303763439        8.4033652847277480     
   38.138812381285959        2.1596743127845519        7.6648498652911918     
   39.046578565176404       -1.5848438893773058        6.9286472386307594     
   40.429793319994367       -5.9491365978898871        6.8375784251649350     
   42.537480117221300       -9.7169117129570797        7.9751305140849924     
   43.764052649606477       -13.901664751404683        8.4693057423097926     
   44.853602029600417       -18.153796434866212        7.7930510544934046     
   47.891519357392603       -21.668044296162797        6.4773642032783796     
   49.570573718478258       -25.010923769576589        4.1114724112791059     
   51.091268827405557       -28.242258603363997        2.7021791417624001     
   51.452652289595136       -31.151652566318642        8.3997837008326914E-003
   52.613930436680114       -33.868819360946162       -2.8375998702192278     
   55.216885929382613       -36.988222365165157       -5.3627178097155532     
   58.464587000293278       -38.268414291848025       -7.5736582657222797     
   61.614384753478468       -40.158848012844835       -9.2499695681426051     
   64.620128780187500       -41.515673852460992       -10.062389185545186     
   67.307141748506893       -45.189187979460442       -9.9271268361029215     
   68.058724532988876       -49.132129139146663       -10.683643593388767     
   69.462720254780905       -53.467009446127982       -11.975675219206771     
   69.370550322199634       -58.203510280578350       -12.245360464860784     
   68.136204460284418       -62.296540245484017       -12.531204173783250     
   66.672411264504035       -65.435696482322143       -13.996943100276340     
   64.708171871569860       -69.662219858121063       -15.070680713258257     
   63.519848124691421       -72.786539265427436       -16.559535515220219     
   62.348807972343458       -75.960908740329657       -19.023442940860011     
   62.699555519738134       -79.650631392892706       -21.109462533304992     
   66.088644290774667       -81.704057562578697       -23.805178128330748     
   69.313010240858191       -83.730265351859998       -26.043324247453853     
   73.069063806726746       -85.312381956015372       -25.555890436381162     
   76.983775503833613       -85.067949472549529       -26.108256970822424     
   80.945361981332312       -83.898492960244994       -27.925489688273913     
   84.942156796531293       -82.164943956768809       -28.559772873050303     
   89.185656864232612       -82.107772532834559       -27.391800843077228     
   93.086937401178858       -82.495577316967768       -25.789877830649328     
   97.176296208506358       -83.529229087912157       -25.446655629291328     
   101.33591527548123       -83.791697147845014       -25.012801013473670     
   104.74118912644838       -84.245129953667885       -22.703877207907539     
   107.88429569070587       -84.365894610106835       -21.058759804852198     
   112.24447772862382       -85.023952200959656       -20.052643732336108     
   116.21294728291625       -85.065647410311499       -19.099050768944949     
   118.07226432187841       -86.239203937561527       -16.304398903148709     
   119.79300548950735       -88.104364458631380       -13.280517016701069     
   123.06462586809563       -89.158205861276670       -9.9487299664088980     
   126.35155381039833       -90.210321002038512       -7.2357202202613617     
   129.04587765676158       -90.472572675116339       -3.3691412248917199     
   130.59890431515197       -91.507954899115518       -4.7972948581895630E-002
   133.26575984646905       -92.791993411120018        2.6521987746454605     
   136.66178832042661       -93.281824003667325        5.4575883975356643     
