   22.597550563434577        15.291480232425226        35.073185440555370     
   23.606695332329291        15.181933908290741        35.234384130843843     
   24.566442444283318        15.059213754848418        35.524849659514203     
   25.443248222230920        15.053751914435555        35.848624149988993     
   26.358145711404770        15.195325410064653        36.317722551557992     
   27.240237762089784        15.521828541024826        36.779182930575075     
   28.129776218798721        15.795323944034484        37.218913457690675     
   28.996443824221291        15.883778954097435        37.559050073114001     
   29.863095863670775        15.984867870963237        38.001184811928603     
   30.810433880753699        16.055988887067898        38.358195809741041     
   31.805300515786890        16.291014118789668        38.761474733946457     
   32.746400532961523        16.671111741790416        39.103521852304027     
   33.671717806925173        17.022447838175530        39.404732053009596     
   34.652673043999194        17.404982826201923        39.488728583339963     
   35.538469471099482        17.723266953538104        39.699726611071220     
   36.338119221085996        18.066328056529997        39.971600869913416     
   37.290553272085106        18.328666431728408        40.227133521861376     
   38.257582693431438        18.584082772676560        40.361345291299962     
   39.158856507608412        18.832265302213621        40.349938478003921     
   40.156880246752706        19.101904137013815        40.154553150618149     
   40.951834454423526        19.569008749069909        39.891064514737863     
   41.765527223949348        20.255510674614957        39.749441553192007     
   42.693381896985088        20.731235805806254        39.743057008423811     
   43.572847526374780        21.313487134595924        39.668257335526150     
   44.317977754446225        22.094896289994075        39.746373934404609     
   44.919593496854944        22.901774193359820        39.791243436084002     
   45.588382564872184        23.720254762366608        39.703315439566467     
   46.157698717429440        24.579790852201270        39.546858580509728     
   46.416977290225454        25.426759145828544        39.398959860633447     
   46.591064794116591        26.493011121575371        39.358742477229001     
   46.912509089951371        27.500109221847904        39.398906257025402     
   47.079315796018591        28.409544254058591        39.295711932274095     
   47.188447027476279        29.355171715260209        39.069562270764280     
   47.162642523251101        30.177775331916401        38.625112014960457     
   47.098682993308699        31.100429523573233        38.202167901275558     
   47.147240588796670        32.027600093096403        37.762324353367219     
   47.232950535738389        32.937201215518158        37.473202190084763     
   47.300225389015175        33.863158878898140        37.139762606053011     
   47.462563956405710        34.868297984225926        36.947378653846236     
   47.475922127240153        35.847244861602277        36.722251997115919     
   47.506165763288834        36.877537940340730        36.604814853384774     
   47.410031464312226        37.877361228935960        36.636279138610448     
   47.404425599708269        38.896081614095685        36.745829677279410     
   47.470519137139476        39.871342626903591        36.791250608056998     
   47.699199523404516        40.912540526118768        36.713263278225632     
   47.581989071073060        41.884067446376292        36.417017825068520     
   47.279802654640825        42.871214080485373        36.284817765590773     
   47.096683964355762        43.909145320804448        36.340667373725253     
   47.034505199114939        44.959437239704130        36.313441113631903     
   46.929049031587788        45.992338379621188        36.123224702420060     
   46.896064103412890        46.964317069723130        35.994070533337549     
   46.722919338318256        47.915005468942283        35.905964152500658     
   46.324615776040822        48.854605598405307        35.776014461194855     
   45.959439845133616        49.716307179032810        35.613509374937479     
   45.621936159744202        50.644544948610935        35.494937518922733     
   45.290031974482154        51.581389938613484        35.411055691259982     
   44.967442631642520        52.443970988247194        34.987688501182930     
   44.778586261225151        53.238749494021334        34.593605524408034     
   44.514386437823923        54.068715323847591        34.060578001601925     
   44.299806519580891        54.750810533092142        33.352715568991016     
   44.011702569655760        55.475156951770856        32.720950184463831     
   43.841586078831561        56.226843066897146        31.996841193969161     
   43.798265470406442        56.900107564364632        31.436145221833069     
   43.668434318531304        57.389670734868645        30.592891896195216     
   43.454759706206886        57.679457821678469        29.589604135223869     
   43.382586666832644        57.853488425184324        28.571034663260317     
   43.299618562650373        58.047652602896711        27.623286318948768     
   43.210798759760763        58.191407050262029        26.699858168472868     
   43.088766763647584        58.317947510215106        25.721515171981025     
   42.743087450471009        58.517407880713613        24.793604478544594     
   42.228732658761885        58.888958689109941        23.990259446901675     
   41.546755740747749        58.955369159733095        23.214761944333048     
   40.799807848377299        59.114997679951877        22.544324744146486     
   40.117606514855787        59.323235997036065        21.837187197304758     
   39.444889978999903        59.492664898759685        21.255519234583531     
   38.809653027421305        59.668962756909821        20.693098048143394     
   38.132420936862999        59.814532598678035        20.011060688677780     
   37.682642561052496        60.149516613866602        19.138842138288332     
   37.307976504860918        60.340876662822879        18.322262184729986     
   36.883981422477213        60.322469688110395        17.456463883032495     
   36.324411059453240        60.197643247926742        16.470406379506798     
   35.959369886270672        60.204664321806455        15.627569328352614     
   35.462370024120432        60.302498015841593        14.759621471769412     
   35.068901326846074        60.404498825681443        13.861095857152646     
   34.529030933426533        60.548848111324311        13.059987822956810     
   34.058095026783114        60.774656202512062        12.250318197923017     
   33.633857860488789        61.118809734310233        11.409480521520669     
   33.253943760671504        61.559779605230794        10.605209655768249     
   32.681658177167840        62.039775901230811        9.8453356373857712     
   31.984742474407593        62.580464523123815        9.1478044110898633     
   31.347511615589159        63.109375995551282        8.5406474893545461     
   30.819579426327046        63.647799860900250        7.9629763542682053     
   30.224923888461927        64.327683818750984        7.4883410218505828     
   29.621909436795487        65.037163524129227        7.1356790361267919     
   29.108886677598083        65.788035220510096        6.6772348919875846     
   28.490959319779606        66.524002648992536        6.3817510593851514     
   27.948448361717158        67.390802544952976        6.0558953700318181     
   27.570051197442673        68.229783628248271        5.7509809831673682     
   27.085682398678941        68.993396042316562        5.4371907528549075     
   26.597479350263409        69.827143060280832        5.0576157556368244     
