  -70.629858979878165        420.43660155926790        112.91350541306802     
  -83.266778873825970        432.72556805100146        109.52119706157453     
  -97.781334249439510        435.39469646608541        96.966761803574641     
  -108.87442561345989        429.89219595950732        104.16151374533551     
  -117.23180076874584        423.65668348350204        119.89442622287901     
  -126.79734860351766        414.12027524440981        129.95456821579921     
  -125.12682283860924        424.71534802795804        150.87112915750595     
  -143.67700384102221        431.11375980578850        158.42096659989593     
  -160.43085413345645        419.56652066208869        162.97832500418991     
  -160.14393499712494        411.49085060804350        176.61971630509001     
  -167.62317603191622        403.97671138300097        184.41437158748192     
  -181.57304684197661        395.13592406492853        204.40817674529748     
  -201.37698068632912        391.27557765154103        204.56045939859271     
  -209.77432516482614        373.99005605584557        213.16245592454217     
  -209.46205876012445        356.34602729281357        228.10558278498701     
  -207.56074777584584        341.76517796667406        243.99258645352202     
  -223.88508197532281        326.92965078809709        247.56853201936619     
  -237.45179982210638        314.33456663692868        248.87024394514646     
  -250.79293354809687        298.04946891441614        252.68116873093882     
  -244.46666300195744        293.55645815744691        235.01378265251262     
  -235.75150665302570        295.61551715300175        212.45197552313027     
  -233.32880489786064        294.90910033944795        195.35111618781534     
  -236.59632416036956        279.57839194423542        190.03949133850529     
  -242.59400234966577        262.08492558417106        181.67061773178287     
  -254.39564606661384        253.22023915148179        175.82234854557615     
  -253.99103774350149        248.82109618407534        157.94800637481538     
  -252.55463948958595        242.51664946086140        143.99604048238888     
  -266.54013669884569        227.59575391903610        141.68859561604307     
  -263.69264227443841        218.00866092753461        158.01358349081841     
  -247.83849382287093        204.87855411723564        170.45782363924650     
  -242.82130690738211        222.59918660220191        158.62276539573205     
  -236.30524962241753        230.50426743404773        142.65095919989653     
  -231.44795809726637        246.26549540169543        133.00533791595831     
  -236.24789543672762        260.93372542259038        119.84836666108080     
  -236.25855887649061        275.74537721821042        111.17461603595525     
  -230.03890536418095        291.25486024599928        94.944552925524590     
  -217.86185172413295        292.45456666634993        84.513585041947309     
  -215.50533185707107        306.89575208947247        72.521907253222736     
  -200.63675531306808        318.86236056313248        68.962552710688115     
  -185.02863509032147        332.10521850824631        62.370201772318644     
  -174.72631348741425        328.97855508325534        49.967486190629600     
  -156.31649764634855        336.88593716618232        42.348602670637646     
  -138.98975326107649        349.25193634228458        44.221260457446078     
  -121.42746681982467        351.62328982047774        51.147929486209357     
  -105.67371160689588        354.12841434439918        55.618314614230059     
  -95.070772273074269        358.90270289973023        65.891731444888435     
  -86.288646323591806        367.86533790763474        78.812352913890933     
  -75.132788677393165        376.72138895912002        87.583495746977192     
  -67.343871178723759        394.00544307253500        97.017913393097956     
  -71.092492013633361        408.81582339537272        114.65239966215788     
