  -130.26480718138001        271.47632932775423        68.918771333378260     
  -123.63778677815563        278.20105623271218        44.676679868495938     
  -139.23219687120584        280.61983941323405        32.109768031507009     
  -155.74789937223213        276.52661110742736        26.293041114143580     
  -168.81848867675785        281.61853157124932        32.439211410873185     
  -187.30049857912732        290.04111538180109        28.970317376463129     
  -198.20460163319410        299.35280409054462        30.755397943434630     
  -205.27848905128104        319.21858149583466        22.823383611143996     
  -218.74304118401929        332.12438964269455        20.905849717897773     
  -233.91930115304154        337.96329561420413        16.810182448989650     
  -226.32352171584375        356.44299792302195        11.945896489219704     
  -217.13444876344792        372.62227270229181        4.2056190862434208     
  -201.49213408200922        380.60401578683530        1.4675341134531776     
  -187.61647306041166        384.81078683437090        5.8841892769050963     
  -169.36977435076312        400.79259615657440        14.897497711276870     
  -152.19907533829269        413.72656624482926        11.942594398116352     
  -140.15743468329933        414.68478878217951        15.278435685872305     
  -131.63759385975581        416.47986599890135        36.185156810214615     
  -124.64206870512965        412.60839842437969        58.407947041729422     
  -111.90006798905256        413.26494165305485        66.353369779069965     
  -93.927409087806780        410.38367535110115        61.859194663579842     
  -78.608325913933470        409.78933507790526        54.622303254522031     
  -63.455477498112934        413.45886959848212        36.495264460334667     
  -62.442417314337568        427.47662822631742        34.484244620218789     
  -60.640930552919066        445.86860469115595        40.635346468401373     
  -45.383288700156541        449.17956322627930        46.268998286267241     
  -25.769882604701834        443.81438545547570        43.123105867983654     
  -9.4650268753962710        435.31494140746645        41.891295224827317     
   7.5787826485825418        420.50546847264849        39.971286070806777     
   12.279337063780817        403.09592835659060        28.197078250570261     
  -1.7730236126083265        390.17507820542454        26.554147559862194     
  -2.4045043561034043        377.88200545117587        15.448584802453940     
  -4.9609984785030088        356.93312662141517        9.3608924424362367     
  -17.442132278854118        350.18316543221277       -1.3152702867748229     
  -20.322124865691457        336.39618069451274       -8.3741766227864218     
  -6.4819390674223207        318.58226721209951       -8.0111067043364201     
   10.171907225378211        305.99263013680650       -8.4234417199677445     
   14.384593472760622        289.95287922870955        6.2929655578613461     
   11.923396130822301        276.84672055842873        18.245058963226729     
  -2.4371219459343156        276.50744683650919        31.271863330177514     
  -23.636402083945438        271.64159813580045        37.309343552398730     
  -39.498524240116126        258.71494028982676        39.124763868330291     
  -48.611324267342738        238.52319741589912        34.001233233937214     
  -62.491995636922496        247.60159600903810        24.866488518879137     
  -81.818121755183398        246.13548277096123        23.852403987313998     
  -99.010588111223157        246.35011391678475        27.480771562090663     
  -112.68718847726188        236.21288044631780        30.321750923873179     
  -125.70015104273618        234.89771127518935        49.267043140365196     
  -137.26029398061587        245.24230017578580        57.246333327574206     
  -137.03109314479934        255.44292867677868        68.234952018531388     
