   44.116759437755285       -50.159901908692589       -33.245482562157576     
   47.888816335981353       -50.548246619290190       -31.682474212491595     
   51.812723796161947       -49.631122697815435       -29.712063286482898     
   55.475865330495544       -48.135480446072236       -26.966116993285478     
   58.953210037959579       -47.247082815874201       -25.454401623090714     
   62.407070370786727       -48.272978133805800       -23.853576119468677     
   66.227310445882438       -49.082199428428908       -23.478409086560035     
   69.209788729164103       -50.828344460759425       -21.874733690520440     
   71.106595934673123       -52.235717206043454       -19.110493515846912     
   73.957180851674735       -54.114487414879910       -15.890942266858660     
   75.067479250413257       -58.548793104106934       -14.733393175665441     
   75.510612510503037       -62.285136799977167       -12.228061003517647     
   77.981093931429115       -66.171652134768735       -10.727683104530161     
   78.018100011343293       -70.442933588260672       -9.3145375920649158     
   77.988070627676919       -74.126426935699783       -7.0748898044384942     
   75.390726519915134       -75.308835793482018       -3.6773928263795455     
   74.094216520985498       -76.591395078006627      -0.37695695679910457     
   73.269893585844557       -76.878742609832500        3.7004618121879491     
   72.799465125995923       -77.376117479001749        7.6026593347364138     
   71.469198769122897       -77.897907616667837        11.363870662752605     
   68.743394889700170       -78.555899742959525        14.962182333943709     
   65.020397637250724       -77.888365237582406        17.347814924173377     
   61.075545891323827       -78.514105524052212        18.724153577935990     
   57.254831668376241       -80.472531686490242        19.551124209993244     
   53.421708346918265       -82.661555939258690        19.341612554561497     
   49.894298808092366       -85.666000132442079        17.944700817650524     
   47.514200504743712       -88.860995781095468        16.304755779177107     
   44.835072178633403       -91.691708491969123        15.091737157698653     
   42.594943507530765       -94.363724680041159        13.803848859665944     
   40.288815788864120       -97.748074259611968        11.767692186556230     
   40.270172578269403       -101.46482718896898        10.000828080584421     
   41.630559530282305       -103.74841943438122        5.9185055967009879     
   44.156635710427693       -103.58042018301170        2.1694481037345072     
   47.561321573286101       -102.89518574041243      -0.58553020006007339     
   50.867029083935279       -101.00377154338366       -2.7161318959051575     
   53.930964328837746       -98.911136112646005       -3.6011177399067527     
   57.974674517771525       -97.449809716960786       -4.1801324444865795     
   61.699457977305840       -96.599893108001964       -4.9292388675118550     
   65.573654444536288       -95.922217600511630       -5.5908029951524814     
   69.831429662131171       -93.871902310828389       -6.1652945640959800     
   73.132828986952902       -91.867457143414740       -7.8152900670759777     
   75.913437550262188       -89.571688151061039       -10.288210061503825     
   78.981391040479664       -86.991354458767745       -12.685841958941678     
   80.331777932176848       -83.702373395424956       -13.619052714785440     
   81.927514749748767       -79.747290806414995       -14.639492836518267     
   82.529414416310203       -76.933849358621188       -17.512734458932890     
   82.187365719342523       -73.093667513473434       -19.564802678117669     
   82.815474938617811       -69.073079230372784       -21.633278332286675     
   84.094993232130506       -65.309195138472163       -23.502930545609331     
   83.890663302515435       -62.716504865507773       -26.575834281015901     
