  -92.260076292690442        347.88955014955872        153.10266133375291     
  -93.674162940020551        358.93588107725708        166.86621871860137     
  -83.208474343484014        369.48499247741825        181.83200245900360     
  -78.634364998673888        389.93912806300301        186.16156029345171     
  -90.172575540265555        404.21217053995076        189.05558024188309     
  -100.80686957869634        413.56276283822734        202.84185533358394     
  -110.43726793989669        426.31150465523126        209.87358815929306     
  -121.11049353767299        436.27946627587346        216.39221655404765     
  -137.63499907378110        438.58022572202901        222.50895050636535     
  -157.75471427584921        442.79228713471429        221.85779989859083     
  -174.88898337948950        432.63900355728020        229.77783529887890     
  -185.29026771744316        420.17148214001458        239.80592450610709     
  -198.59962153030102        413.99108382120932        253.11476002555307     
  -206.60804749961753        394.19215364136249        252.49828829772804     
  -209.64300648262173        369.90780000502161        258.02301378885858     
  -222.98675786345262        356.97972919596543        255.36100467437257     
  -224.47671096776364        337.26946479846117        252.91067049556474     
  -227.20914645465004        317.19794867072574        247.50028441966680     
  -215.91475607954993        303.75486862571620        252.55909969546761     
  -215.24059936057645        289.50868132577301        246.57595764352189     
  -211.17216841995747        272.27193821651485        244.22132501692536     
  -203.01536235816522        268.31441996593588        230.06357030879192     
  -185.97982884635334        265.44384146056780        221.36649036282952     
  -178.07701476943251        253.03222006957296        216.13714943283105     
  -181.29541251720653        228.90941719183090        208.64848592598980     
  -195.13728948769739        223.80219717158769        191.68400683212727     
  -200.67581526677708        225.43164471127025        174.89642615073831     
  -190.33713812846597        231.58619525646233        162.82262052930895     
  -173.66276537675714        239.73536189720659        148.08802449483008     
  -184.06919352411893        236.75077218300086        129.26900987544465     
  -196.18186170149426        248.89580901704286        124.09344535627771     
  -214.38926794040214        256.44884961318274        130.48243877990450     
  -226.91376527640975        276.97659458441160        131.79281755574056     
  -243.96553207141113        293.11587681293821        134.29932351189396     
  -238.64938691134503        299.09144942395585        117.86750069904949     
  -235.74089563493922        294.41293568421304        99.253747374958095     
  -231.14686187341428        292.80933046124977        81.952373699880425     
  -212.17317839798642        288.78296144909291        75.489995090191968     
  -198.84128422478602        296.05440529473026        83.068152384537143     
  -191.41968037465148        300.08461157789890        92.169578729067908     
  -174.57408868675500        314.14451506945312        95.887589863859233     
  -162.34330279634568        323.39716441742411        106.58130820436429     
  -155.77845175474135        339.64796387332342        113.58488297457313     
  -161.87612633751758        354.98134910436443        112.31007707775046     
  -164.28830973524830        371.98016784297937        110.07206104395262     
  -158.54557412113502        386.16221400638261        114.83605958186192     
  -140.42986585578279        382.96458269210012        116.78852110100462     
  -124.41481663816373        371.60520648712196        116.76280615996774     
  -106.85773549377289        361.08643161297113        120.87859201952409     
  -91.292441991409973        349.83989082946806        134.50806079354086     
