   138.75520314658203       -34.575366272094236        7.6700541832359308     
   134.76465743766809       -34.842256360120977        9.6179047492408873     
   131.26426738013018       -37.135301281748617        10.858053850622854     
   128.64612851627405       -39.390938623369067        13.176834653534286     
   125.91799992215357       -42.178400774539938        14.788653241748273     
   123.29862862621253       -45.460498366924142        16.016190613246778     
   120.33880863585723       -48.696363146732764        16.432320509348745     
   118.05138406696396       -51.446898439459467        18.078333927154624     
   116.00431105055884       -55.436989116806316        18.238945396563278     
   113.12629098387666       -57.852988275553031        20.007324840993114     
   110.29195303811954       -59.400752562273546        22.033294388032683     
   107.31720807308619       -60.964623129687517        24.494815434989043     
   104.51717088797159       -63.233476022811821        26.751268592076109     
   102.44345263336385       -65.213487553109232        29.314372805797564     
   100.43636707504345       -65.883824157341778        31.931608457069750     
   98.288945187878426       -64.776219435175108        34.928221600984863     
   96.023972942177267       -64.394886206039800        38.007726255831521     
   93.622951523993976       -64.343351246054695        41.899468918572360     
   91.478551725811286       -65.838776852100878        44.790664486226262     
   88.045693378962383       -66.566581865657767        47.870208904387297     
   84.305319421797719       -67.346485562395685        50.450124984375748     
   81.409916952916305       -69.056639916001203        53.154567783667034     
   79.214157594583071       -71.714088424896971        56.322653725969410     
   76.950964700058805       -76.030091186643304        56.435192736029187     
   75.040905015207542       -79.525923567943678        57.474536619496710     
   74.020173404857232       -83.204871449799839        57.756508839915895     
   72.794321452865205       -87.728577094608426        58.067287998790611     
   72.570369157806311       -92.043174300806882        57.780317639381757     
   73.511280185232479       -95.648140270557093        59.425378420364048     
   74.678394287437683       -99.164961652230673        61.834779699971534     
   73.471518081059045       -101.45327431646645        65.123009164823586     
   72.465158805825951       -104.67331250122515        68.689207188735395     
   71.946279198037331       -106.53905023960786        71.641995185379145     
   71.600530455730109       -107.50477745221197        76.497710400698494     
   71.091803057406395       -108.30782684341163        80.880538851206751     
   70.296452675911226       -109.72708781267617        84.545610964890045     
   70.676835259681454       -112.29581841881294        87.743810784114444     
   70.621528537602629       -114.55667907869858        90.949573177709198     
   70.680512344770250       -116.47959691158971        94.946805333266582     
   71.612765825446189       -117.33578818555047        98.896918547304523     
   73.812063027890716       -120.13940695905005        101.85300630872803     
   76.826638337488106       -121.19788912963452        103.49829640666383     
   80.626873804846994       -121.24969518161751        104.86138968831004     
   84.396072777436046       -120.51334562018552        105.86477881904051     
   88.076979389366798       -120.44931520928748        107.32741538556711     
   92.089315670759675       -119.64647375563169        108.89192046821195     
   96.876709528253713       -119.37858453281051        108.81235767477077     
   100.51999874573049       -120.17199098873668        107.97034985373146     
   104.20105184526689       -118.74939267492918        106.60783239616755     
   106.22099514200465       -116.37472471309216        104.46067229327114     
