   52.562429027279421        5.0046078451221359        17.835355842627084     
   52.390787239093754        5.6065574300568706        18.688186231129340     
   52.045502390852192        6.1550619825751953        19.462641114856254     
   51.745010635826532        6.8015335418692295        20.266734061500213     
   51.415416854073989        7.3503560283143354        21.113530818599820     
   50.895964762438517        7.9302488195638752        21.879693609720746     
   50.428552408473472        8.4435586198451276        22.643805590824314     
   50.104626954749826        8.9585635042038216        23.503286712849309     
   49.748889571318934        9.4535333191117825        24.275577822115707     
   49.395141864698616        9.9893881455161093        25.071999520936593     
   49.108623260682393        10.568358588567063        25.895673590864263     
   48.821222262355448        11.235309120530495        26.648987990787937     
   48.558000057583818        11.923654893653234        27.351912911761300     
   48.487587161904216        12.681939048367333        27.971172769426431     
   48.460589880720995        13.362473426210419        28.664139158823470     
   48.435742189058061        14.123649481394725        29.286354399048832     
   48.396109091640611        14.839021837044992        30.002343301974484     
   48.539062728747894        15.511256340210592        30.722307641540784     
   48.848041701425544        16.227201813833382        31.301693073955740     
   49.269662682593889        16.842919697952205        31.916421103516331     
   49.622318126429569        17.645288553835112        32.338375546918677     
   49.857975274217715        18.572445795201091        32.757208801226980     
   50.185913130731578        19.364098502079706        33.207874177644371     
   50.375063914516723        20.271778475045725        33.695034022069848     
   50.449718914903400        21.134016457568354        34.260144784925004     
   50.345776138183410        21.999995653594063        34.801801095473941     
   50.270449209901649        22.973909981402219        35.179886079405684     
   50.240852795881530        23.962627651520144        35.228769722468137     
   49.992924292318222        24.918020324653025        35.235606371982414     
   49.659239944252022        25.926838381892352        35.345403438144672     
   49.228180125785173        26.847485095667949        35.486543696874868     
   48.830370818345799        27.774178263873420        35.487177636926539     
   48.469229546722310        28.706219558656692        35.442804222387423     
   48.339729863571691        29.530394745538228        35.104822561904413     
   48.022882663339509        30.410621138766679        34.778806578107016     
   47.960207277602329        31.407643230997675        34.548107080011974     
   47.903914942464709        32.341138005184739        34.495689698741657     
   47.968989032670798        33.418095759500979        34.505206325147050     
   47.982207105549435        34.404521607184080        34.432240846896455     
   47.991941419163254        35.322663070202601        34.375343060676670     
   47.984486683656080        36.362879842452017        34.292464431663298     
   47.953743035851531        37.474637393132014        34.222025974351631     
   47.899062430250460        38.573509555732066        34.269028919705967     
   47.829992032494566        39.534729456478090        34.342434628410977     
   47.729418567293472        40.588299389019205        34.447084212826979     
   47.346009840950622        41.460558430342161        34.253245154720531     
   46.905029947808089        42.347369595343892        34.210037504125069     
   46.587509547056342        43.280156717474590        34.329218980557251     
   46.259624714095587        44.279942403220829        34.319713900424055     
   45.880925063690199        45.174376952647542        34.041365334175538     
   45.681204564111908        46.089097982162087        33.866303764431173     
   45.499837854016072        46.956950056822350        33.722894210980712     
   45.378064516768994        47.956264753935564        33.949674852593255     
   45.310139841737147        48.905013912218607        34.090787944328092     
   45.267462982228295        49.846467370557640        34.466040544813950     
   45.128003544524482        50.762144699900993        34.753387741403152     
   44.834876690701606        51.780258846802028        34.764285187049978     
   44.540775456417130        52.655399345319843        34.695778712375493     
   44.239838307467821        53.620180093296440        34.585332641757248     
   44.024267021175021        54.514347655050400        34.213103638519861     
   43.864050934242613        55.359356706095291        33.606415921045766     
   43.783576864396558        56.213621047044406        33.047138261316604     
   43.775890801661916        56.958967830103127        32.508362459511297     
   43.828939652508843        57.664378307952177        31.757172599940599     
   43.744086362134183        58.193257744124182        30.862675321646606     
   43.601836179229650        58.654759158762836        30.067982743165633     
   43.423257727425941        59.218406372374218        29.302542551862665     
   43.289433651718674        59.821391648700029        28.494659479845808     
   43.188283346144807        60.425561407576680        27.681791547632699     
   42.980427628810396        61.279208228620234        27.031251491502097     
   42.870093822578774        62.024223496595411        26.400435507770993     
   42.488449496873095        62.692404926022689        25.783342339501814     
   42.233028410871512        63.376668575643620        25.103249370810353     
   41.853781857519756        64.143953772273534        24.426736840474117     
   41.561827326338992        64.799920307900905        23.872294445645764     
   41.271614684100726        65.505397628094912        23.252864809117121     
   40.921162487812772        66.299066036554649        22.788850848089314     
   40.559450959420019        67.141609948772469        22.356720296489712     
   40.074030037744883        67.943539733702337        21.931343054159385     
   39.806042381164261        68.686807079636836        21.341189398076846     
   39.622516110664570        69.398070148228967        20.599295631988412     
   39.389437340924459        69.966323802680677        19.916809181770201     
   39.397670099289471        70.589591376030398        19.182807077932424     
   39.288703860614746        71.325041930488240        18.589179441645904     
   38.949252468113087        72.069821447555668        17.997572823631337     
   38.501588764818905        72.832525218749950        17.525650654023746     
   38.058462334443355        73.699698050316627        17.189494806476148     
   37.647225155258752        74.589429798854255        16.823309596881320     
   37.102668645531494        75.399065907548817        16.481693652285280     
   36.465811643835252        76.182126413014643        16.239758077840410     
   35.689971812998039        76.786507822654414        16.002631958496977     
   34.969437446939551        77.542342170063876        15.874885670340094     
   34.169498953789535        78.101410782652607        15.668546981010198     
   33.378186751410951        78.691805853237852        15.535242359828551     
   32.664785801879248        79.410090006124889        15.394099421510502     
   31.811915176323023        80.007664703679382        15.252813039801628     
   30.933322297821704        80.420306525157315        15.032217929649715     
   30.095275401922184        80.737902113500837        14.708451426952365     
   29.198661590395112        81.042541617543904        14.515796575762495     
   28.244438331966474        81.322145527379206        14.412360417689799     
