   182.64601564668990       -94.359007046729189       -46.316420943639528     
   183.38958745259947       -94.512844578129304       -41.916427629709155     
   182.28586995688593       -94.755587013122380       -37.455706444006445     
   181.23080889355856       -95.014338292244389       -33.218405530688251     
   180.60386462647969       -94.325406796554489       -29.096722424238695     
   181.67171819876012       -93.931050475131542       -24.732793377223938     
   181.92556959438787       -94.369093946104854       -21.143521968720901     
   183.03110615889284       -94.447138635344459       -17.506752636980597     
   184.20382667343046       -94.614955867179432       -12.985677675753610     
   184.32521262919815       -94.648951683900378       -8.1233787693831303     
   184.06651245566601       -94.441098732471005       -3.9685768439703759     
   184.12206799850549       -95.517346866342095       0.15159390002829387     
   183.70700625000686       -96.406219431292570        3.6703048629305122     
   182.67823746736937       -98.457040320932293        7.5389899758863175     
   181.83497014366128       -100.23467621950653        12.138027372763347     
   179.84082005493281       -98.621263646898257        16.020282679455903     
   177.13769825423745       -97.013705911672389        19.853592236602871     
   174.87491589039337       -94.948372109869553        22.302712905507082     
   173.07723421765724       -93.034902550999533        24.798374488535604     
   172.03850846368732       -91.902827353332412        28.198521754296554     
   171.52078063004444       -90.461508920960895        31.439690638032133     
   171.24504807320827       -88.848060828873670        35.102709258282921     
   170.65052252571891       -86.294357666495856        37.702362421502301     
   170.14354333195064       -83.353715128901541        41.756496427812088     
   170.15352857454067       -81.950977405686828        45.177915025145566     
   169.42055833923013       -80.260215579650037        49.300659754744615     
   167.64634852770328       -80.958430041995513        53.500809503402181     
   165.26805940349314       -82.844204537651493        56.413511885387820     
   162.74986131270703       -85.119606416449798        59.427379645396677     
   159.39434947804071       -87.326433028710426        61.543712079292284     
   157.35751943143538       -90.552432240378550        63.378305874250081     
   155.72342159077346       -93.435691884139828        66.171065463913521     
   155.44762762044743       -96.726335926043333        69.437913012057635     
   155.34045152797819       -98.690529476688766        71.932707208069729     
   155.67244917653596       -102.48323862544156        74.461839629840043     
   155.06968363109064       -107.00322356708554        76.048276622343536     
   156.61988035195327       -111.46354232271787        75.862329833066482     
   157.69458361798328       -115.14325151595770        76.251337500719785     
   157.19982117400264       -120.11518674400340        76.331953730452156     
   156.10439697781428       -124.73533572393097        76.561375498622837     
   154.13185826796132       -127.97376026382355        78.283862440816833     
   151.69575510539806       -131.10954980949717        80.147818182664167     
   149.64415071933308       -134.44958857643337        82.140261645989369     
   148.03532202586655       -138.95083636538732        82.510426162116758     
   145.04889571645990       -142.50379114802575        82.375827638352135     
   143.05902402213820       -145.97933829201966        83.383106068069083     
   140.74010983243943       -149.87958484093036        83.993166898762667     
   139.40207933635185       -153.62053166169508        83.565295761473763     
   137.11267877820106       -157.39930563305614        84.546062355180936     
   135.63265038852899       -160.37023824504627        86.491038161859663     
