   143.45228749746667       -45.828004599675765       -45.252386494466464     
   145.31367087355781       -48.742404007914004       -43.466751918909864     
   146.37574993299447       -51.277754224602369       -40.060629790892044     
   147.20428095943035       -53.838754110220272       -35.866874175850867     
   148.87162190328343       -55.703291674165143       -32.165365174593354     
   150.77024250719541       -56.785813529267521       -29.085015493021253     
   151.54184973336572       -57.584083343821632       -23.982495384984041     
   152.97168168384985       -59.160753495204084       -20.331668449968028     
   155.32221800169268       -60.825321069065218       -16.292830892346242     
   157.16945813656758       -62.477323502881816       -12.515102794643353     
   158.88768504185990       -64.082222505603468       -8.9876290490191746     
   160.84987514699074       -67.041095059190724       -5.5736506780266275     
   161.98824770184433       -70.234002399939271       -3.7069396247335082     
   163.23483542168069       -73.504647296167974       -2.3982751272477012     
   164.60689271460191       -76.566163852759900       0.23459320503029973     
   164.74278077721493       -78.585302706382905        3.2356241016721983     
   164.35035825616666       -80.628130735482358        6.7267949652045100     
   163.34597596814473       -82.865381149421992        10.161648419566227     
   161.46606986218669       -83.851436365280975        13.439621252264967     
   159.81695464843997       -82.991298092215985        17.303089544758762     
   158.23424350450205       -82.549328780329063        21.731608731051054     
   156.35483011785973       -82.930593572254551        26.153197807360229     
   152.67290039113553       -83.288272771933734        28.400869365846187     
   148.19691309178216       -82.561843083513921        29.446988105775777     
   143.62484525306834       -82.491356194090088        30.219005215929844     
   141.20628906763835       -85.544189051094662        29.472117116543490     
   137.66222425498751       -88.925839961241081        30.169007605316004     
   135.25272376973925       -91.898429521657448        30.536077104953844     
   132.76081746545509       -94.457740026989470        31.762404521120999     
   128.87542676401441       -97.566394004880308        31.823155967290575     
   125.46868189988604       -99.919632325891953        30.852315186805871     
   122.08630174524873       -102.42664525897172        30.363441092338544     
   118.86733393728677       -104.93948310866209        31.042647114958541     
   114.88896446025643       -107.40636035822510        32.073531824292566     
   111.40639443336659       -109.21066693232059        33.958768603726867     
   107.32261327423281       -110.67768869493649        34.690338118447222     
   102.93476989402394       -110.84492739883545        36.088338900451475     
   100.21996037907059       -111.25639240371679        38.531812031831848     
   97.505332836069286       -110.95106615729007        41.601322212975639     
   93.845342891397564       -109.17446637521600        45.355298102738729     
   91.995714998272661       -108.28727687691905        48.230883734423934     
   88.257226089184499       -108.31567467460007        51.087420705997353     
   84.957224351566836       -108.16688954907167        54.335622031918192     
   82.312451045209798       -109.07903818505916        57.672551417889053     
   79.822956491549434       -109.20100526795959        61.158725178250137     
   77.534149804864626       -108.52754216637402        64.369861317929775     
   74.603789199907055       -108.55060590985273        67.895755828055158     
   72.171067845412011       -110.04070183305656        71.092965984846145     
   69.538183317389340       -112.40828255490479        74.076582084109802     
   66.294992722654754       -115.47848622464022        76.397241433671127     
