   47.326487022408401      -0.93690379819006220        26.392968167195555     
   47.228479507512461       -6.7440531184966762E-002   26.956016752244334     
   47.140746555636667       0.85912566311040361        27.418698309733099     
   47.116322068523218        1.8324905304594949        27.905962197411331     
   46.976352806486844        2.7340387714829255        28.403699945219390     
   46.701837991397056        3.6037176537727160        28.838775198625992     
   46.431665047343742        4.4778093251993285        29.264684178396614     
   46.177190768424509        5.3045416566833055        29.788126839293771     
   45.802145367263606        6.1588716754425548        30.137972210730965     
   45.399477017745298        7.0432276454165477        30.476368662074776     
   45.090926502168983        7.9796884348582378        30.827903051603094     
   44.781642279013212        8.9640069487329441        30.974493875571731     
   44.503827256487753        9.9405200913677803        31.168585535484947     
   44.386632242746671        10.919437658742016        31.353711857365976     
   44.256851488666186        11.901481970559828        31.581307404782084     
   44.290046643355865        12.836851411712125        31.800792261538668     
   44.306149326643094        13.784223847765922        32.145659480168007     
   44.514608276026010        14.720621730751628        32.576966231074323     
   44.821294332960214        15.566462177231628        32.900811194816995     
   45.361308825164848        16.338761863639199        33.254499543818774     
   45.742489200591351        17.203874012591207        33.356971796405119     
   46.046685813149239        18.172891897866435        33.323482408541679     
   46.478196100079288        19.073169136853057        33.428175904741138     
   46.769995050050824        20.019934020691977        33.605337062540286     
   46.874432742742052        20.956807431234012        33.921627185818849     
   46.925771667088121        21.945034299471143        34.253564857775984     
   46.855496260681647        22.979076886422988        34.442051378125619     
   46.801458734577771        23.965471314622409        34.371807750122763     
   46.549901997063131        24.953344463704322        34.385529573862449     
   46.297187764631921        25.999243781878270        34.464398279096805     
   45.959663333125178        27.000005970288836        34.655915959141723     
   45.791647291898634        28.017001339147573        34.674675579287154     
   45.795309122436130        29.021949406982564        34.527373979052832     
   45.899163039481792        29.883664285240293        34.179168094092503     
   45.953519864768239        30.686605177690989        33.766603673217070     
   46.241050892850851        31.572044012170398        33.453893534100828     
   46.564725545036403        32.477748047664711        33.341966836508973     
   47.102315643774155        33.340593654234787        33.154345849767559     
   47.563535264965516        34.156405200437767        32.963605832381980     
   48.043339847722649        34.972470509498507        32.765869758109254     
   48.433017026471717        35.892196627081454        32.491437148449485     
   48.703898620450659        36.949071965072406        32.375957511494335     
   48.871033914811441        37.964783666522571        32.366941033121833     
   48.998504603812883        38.910318617775026        32.351685763471963     
   49.176956377546063        39.861537841169884        32.286313487978965     
   49.045431056902949        40.786247330925903        31.981310226825176     
   48.928259843809556        41.764522580687178        31.619308236448290     
   48.856598371128150        42.721331905719566        31.461072229427689     
   48.834818473713675        43.772483960723008        31.220068990080922     
   48.703936519576615        44.694663041904704        30.833694320855830     
   48.685067436436178        45.600062249795101        30.585638893916908     
   48.544650544019220        46.532472230143618        30.418169095840081     
   48.528838848948112        47.564949051849567        30.554642273669721     
   48.749056883852006        48.567080014787855        30.725952649559797     
   48.853598832927801        49.561022429557298        30.991360797889719     
   48.813486710957939        50.538901510196816        31.195087524342224     
   48.518126519995157        51.479376103834639        31.262263048101271     
   48.166269490622504        52.377949093793333        31.279181981505694     
   47.639412977035853        53.216588093346573        31.157092835682604     
   46.902837419774528        53.864495158561056        30.873771776700899     
   46.251963702629375        54.567891608512078        30.438597885113168     
   45.701069240570874        55.277302185046310        29.946371243837486     
   45.173645353972418        55.821217859528339        29.386043660775325     
   44.467943961920916        56.179078620397114        28.629935097732705     
   43.712191254053216        56.333571157176358        28.043653324634928     
   42.925051190851320        56.537515059936212        27.595726908855887     
   42.176774702629025        56.889685133646523        27.143695287339316     
   41.421512970292895        57.140646231306143        26.510628602158295     
   40.770319293661331        57.503098885827065        25.773412882703241     
   39.972322879272681        57.963363431856834        25.148819581644638     
   39.360494720823141        58.493975916973405        24.561132286804671     
   38.804364174124146        58.952788116730019        23.963206155627681     
   38.279626267792324        59.447671030511138        23.264275977781324     
   37.842699418133535        59.957151398722615        22.518565812717473     
   37.449369189618125        60.312552233270495        21.733026598513884     
   37.073056775391969        60.721942847158800        20.938344585278312     
   36.688594437816640        61.200931572224555        20.141780727288360     
   36.401868946727397        61.704088524788489        19.366920151347390     
   36.062845869631431        62.280729560323401        18.584475828226751     
   35.649931951523641        62.589141223438155        17.802896499977809     
   35.231907447610503        62.872500199593247        16.829071836592089     
   34.782547603872672        63.108802407451826        16.053996709983004     
   34.448007914404528        63.268019885819989        15.170660611304800     
   34.151364555836395        63.698283907529699        14.381148260759701     
   33.691215972255648        64.214496660098263        13.645138856942609     
   33.181623469961508        64.841655898438844        13.049882525806121     
   32.619279652130118        65.495157799515141        12.498787038023011     
   31.995399488778727        66.053094918997473        11.998162340894952     
   31.216856121696257        66.494758678852662        11.514605819023876     
   30.435358598243081        67.013895060533557        11.145663804259154     
   29.656134369733532        67.497150535770572        10.829403862530128     
   28.784011622223058        67.981912439640681        10.605038900546138     
   27.899398088309017        68.285451895472846        10.368383417109293     
   26.881315146436101        68.536817207998681        10.256529637659408     
   25.944856392952065        68.754072746416696        9.9091978047268690     
   25.132970652175469        69.055431497731746        9.3820143238095568     
   24.252909778775869        69.275715167147524        8.8866173675313398     
   23.429307536633736        69.349816185338881        8.3134990832199094     
   22.619888738046736        69.409658479565721        7.8205166824962218     
   21.743919253526840        69.463268239858962        7.3915618610154805     
