  -160.28657589637658        344.16238519391510        161.06890030264177     
  -167.12834998091117        352.19757848557987        172.66403874061612     
  -165.76237549038538        355.83799049347010        185.88495655432183     
  -163.29589404248583        366.89991716467102        206.34983030390663     
  -164.42701008519037        369.28518196652158        223.94641190803580     
  -150.42041903041931        370.96804291430539        244.56950253784038     
  -140.20957745857353        373.52026981106150        261.66593361713353     
  -123.21398062347370        380.89120340861302        259.86734968940391     
  -105.34229111485857        380.47969025843605        254.50762819762247     
  -97.287043142092884        366.93567695257968        251.28906345660286     
  -94.192352381858598        351.42721856797704        257.53112666098508     
  -100.29548929847559        331.57856953016437        252.48297662060679     
  -114.65418972075683        328.63405570994121        237.49826034792855     
  -129.03030184291103        333.22261344247676        222.34877940462908     
  -136.76095388206414        351.05508494355786        215.86633370432526     
  -148.29858864816495        356.81740272559517        217.95603980703143     
  -165.98290997920489        366.84188989918766        215.36582543786474     
  -161.14542939127833        389.21910647319118        214.29977826781746     
  -177.07331800638474        395.30405745027053        206.31402322734789     
  -197.20375039366243        401.29132777054690        208.19140220178619     
  -215.48230923757649        406.77806155542947        202.74156191798269     
  -229.20829098060284        406.23076522699057        197.74540755940467     
  -249.54770067863851        396.00397809207914        197.28254372943445     
  -261.47217525590605        382.40432979217803        191.83186051954848     
  -267.52790614839483        375.15354460565868        177.03453409968489     
  -262.07028913731466        370.80124500617961        155.85051366121701     
  -267.00786844688315        378.04371845429114        137.58198034637701     
  -276.93914688890561        381.69760226795194        125.40563639541146     
  -281.90411600084013        374.51365598583209        107.84683654312121     
  -263.62413950784537        376.25330948848443        104.61628705394621     
  -247.23166957779384        381.00639210592516        108.57796871776405     
  -230.45628357225442        372.73987823790338        107.17995719494404     
  -211.47756974744701        370.70197210323221        107.38341687603780     
  -194.85478454750566        368.46860928160481        114.08595685674452     
  -180.44526377756543        368.23434127511723        104.25648744114858     
  -167.63635606998562        373.08340349384696        94.962223896237802     
  -153.18555331825442        375.29657566627327        99.910827983195801     
  -138.55806569268407        364.75223827179207        101.88623789363433     
  -126.49632232836288        352.08086971868482        103.41620484667337     
  -142.44334588712633        341.58813074416054        92.148900769650410     
  -157.94867438542289        347.89231316214710        96.884360222217637     
  -179.01950831608184        349.78724910134747        105.61252536183370     
  -197.71856326121068        341.46198800994210        117.10822879650085     
  -219.11723628248649        346.04546821015185        112.77489547143573     
  -222.90998697243089        349.57069720818248        93.185831420630819     
  -202.45790042339161        351.85129851189060        91.435892058706912     
  -184.87458727977170        348.08540976770297        94.928429925149345     
  -165.06987756462397        341.93181991333847        106.23106069498462     
  -160.46308898974050        337.82429210598025        124.27642237196039     
  -166.36293536218523        339.62050948069981        142.28599791851946     
