   165.35680375915089       -66.909980388134855        23.400842256385690     
   164.54279492593415       -70.095377129655944        21.243807558535845     
   162.19004548517606       -73.325534352556431        19.372446678444817     
   159.82453765807088       -75.292683161178743        15.868942757535304     
   155.86011864658155       -76.562172993242143        14.893760882706207     
   152.08393562155024       -77.670362391144948        14.987816689529524     
   147.95428597294577       -79.220150112682930        16.014773273619422     
   145.23821405394989       -81.719104286156309        18.443792522444735     
   143.57949960871630       -83.968229837559022        20.611687296941664     
   141.90334440287685       -86.718899408605623        22.649858182377898     
   140.64470585128626       -90.130674406717802        25.204028896656112     
   139.48871377963721       -94.316718018005830        25.658960312765092     
   138.20372226144616       -97.790057939951467        27.314567061204162     
   136.58558492442182       -101.88986714141835        30.479332698500624     
   136.00751532880062       -104.87449088850447        32.538344297827457     
   135.56935808464553       -108.07586759580192        35.064530112674113     
   135.40978746910301       -110.57111850714006        38.560724106496352     
   134.92499301411510       -112.41690321796372        42.347148986099569     
   134.14327238007016       -116.15548678525792        44.921494319863683     
   135.77065220405083       -119.57954211804613        47.358998407564975     
   137.88098961754167       -122.55439192779669        49.316259764594840     
   141.40674387758756       -124.43765985398085        50.663206285945172     
   144.38464716599773       -127.34074420563257        52.132881264477405     
   148.34858015334737       -129.24879486994175        52.789173874368714     
   153.12591970923313       -131.15348335053301        53.247260490774906     
   157.01416911764980       -130.97038723336706        52.341349785233994     
   161.41669792986406       -129.67549008951630        50.401517045724020     
   164.81785883468913       -129.69916867968931        48.213400320734237     
   168.24053088423034       -129.49492260592848        46.636719530191158     
   171.66672622639533       -128.38816056819044        44.153245535226063     
   173.85541399418085       -127.52771196794906        41.186791842181123     
   176.06089022426434       -127.85483570412492        37.997392638046506     
   177.46026244930948       -127.11748545217316        34.043103949660342     
   180.40873713149972       -127.87538984975018        30.992906844975444     
   184.20557641379696       -128.19653372298356        28.420453310145547     
   188.15558862799048       -128.35451654783347        26.659395876216443     
   192.43487010699542       -126.30694224086383        25.866869920606046     
   196.41943745655666       -124.90548851997626        24.401446578804965     
   200.04648386691437       -124.03049824511416        22.292602613944741     
   203.06353275077583       -125.17157930730056        19.149691924618548     
   206.65705066198473       -125.78041877397285        16.495448302228294     
   209.38055462721942       -125.41258371218382        13.995619652524464     
   214.10449034403547       -124.32856285042702        13.284822372881479     
   218.08112683657890       -123.71751159301132        12.471620281930004     
   221.00584410481386       -122.89149448019974        10.072579837661817     
   223.58172963017421       -121.19781935698231        6.6706022495329762     
   226.09451781845178       -118.70213697301534        5.0648797104177170     
   228.40397589596046       -116.52660355114837        2.1942167068888274     
   229.72674118223878       -113.70458813177397       -1.2084766293074036     
   230.72579228611625       -112.28896294285394       -4.4947646875889831     
