  -118.52818476583408        237.47399620105489        52.373543768652105     
  -138.51677864039107        231.00048658302322        43.273300657136971     
  -153.89899500986283        243.31894270244788        37.045401274081385     
  -161.91240288476993        260.81872172750542        40.253948533994226     
  -175.81326269000252        276.87776806152004        29.083874137252050     
  -186.77585682621358        293.63446538739407        22.801523368469972     
  -190.60000053764279        303.71305866400479        26.600180445690526     
  -197.56112193024435        322.98783145054171        36.862626208463759     
  -209.18655800264960        340.26432147465363        46.567859285890606     
  -216.09633036209860        355.77416894028943        44.452811546990318     
  -200.08190565818714        367.65983536610588        39.837610108421245     
  -190.40241748923492        377.21457590755847        27.107713168134403     
  -183.12191576816787        383.20166051632850        12.121785695239994     
  -174.22241299254165        395.23956594764638        16.162788940652092     
  -159.63285517789367        406.91827419015510        28.745459414455720     
  -152.11441603805105        400.43695014748647        35.463524036955590     
  -134.22140299521951        399.43194648669572        40.626453379796864     
  -124.61569977560494        385.67394190881834        37.769834045325410     
  -113.16910699657522        376.79750431657425        33.621101263010004     
  -97.363248019379412        378.16610007907900        36.632049080986228     
  -87.286354735799677        384.90425371132130        30.224614873234046     
  -75.252203140547834        384.47345396022325        16.323207043832895     
  -58.091463240465743        397.99431369133850        7.5894702492495902     
  -56.797412581792564        420.42271352619628        11.467867221123033     
  -54.518906959391430        432.08518229724922        18.350206118992546     
  -40.427232620522581        425.08232728223049        22.631211975717857     
  -28.212746508011026        416.47211020123257        33.514510107569500     
  -18.889025863339310        410.51925799622700        38.114380188786321     
  -10.277630239696489        396.86419752236242        43.114731288932070     
  -8.5358528289460232        377.76802202947971        39.457360954000627     
  -8.4368625868653648        361.50410924641295        35.576814073040040     
  -5.6810809111442389        344.61129447472268        43.507601416136943     
  -3.2361554240814288        343.59140866534193        59.538750499127254     
  0.74810216818321640        335.70893751660196        72.527408012152478     
  -1.4500005501950786        330.58268349267667        93.640824806832796     
  -20.714187225458829        328.69176419929329        99.587996669965491     
  -36.395627780089633        329.98877850258651        91.516885831912049     
  -36.189386714114576        313.53247306898163        83.093289065467559     
  -31.080831924915262        314.15102967385718        69.634423359696768     
  -34.381337666632753        320.36169446350414        50.447020604378032     
  -38.813285992473531        315.81558929399012        33.274756434818698     
  -49.816577162935701        307.87526621604610        22.136936180436933     
  -57.569336843796087        312.86646738912867        3.7106651722651818     
  -77.622124890283970        318.15316646340932        4.3248130460442020     
  -90.834645975038526        304.28925640402736        2.1353021963873977     
  -98.958451089410332        286.91959917693987        8.8573216123184331     
  -110.51480296030397        278.55572627939534        20.301866009930215     
  -137.69450254915742        267.76000926840027        20.219722543394056     
  -136.46420895539924        250.19229793523340        30.929397843537213     
  -134.06642620222769        238.52457934256589        46.790731141828537     
