   39.770400221952706        2.2313980543195080        21.518986764664440     
   39.784532681099492        3.0922659685849356        22.165763294001177     
   39.843825489005134        3.8962561139148351        22.788015025291170     
   39.952302186394036        4.7245362221350620        23.474257990168848     
   39.929821901426401        5.5641191594252399        24.044651998059344     
   39.775144113546141        6.5033485506403697        24.480541428968309     
   39.641781578478231        7.3853587528879761        24.996481873732758     
   39.399789238600057        8.1899296200677725        25.478669946175987     
   39.190938443603798        9.0941250312984945        25.841633610390307     
   38.956605349347754        10.031789904947223        26.218032465971788     
   38.798086170018955        10.964360813946623        26.623770817956693     
   38.781160729208921        11.968171312361282        26.903246308558806     
   38.872780931221051        12.932300900600167        27.187932538389560     
   39.055578707160741        13.865414227102624        27.507573779514559     
   39.166663466089069        14.832357623899801        27.852839888281363     
   39.380117713419523        15.793120734062493        28.287578690871328     
   39.595009234329652        16.609190524255375        28.788451531988592     
   40.007496451301598        17.318501020336022        29.476385912992502     
   40.585680837079664        17.882550695063685        29.998373829599203     
   41.291323569192656        18.299815084050227        30.500075270765411     
   41.972291942364031        18.849265075769885        30.866666707649511     
   42.683385750704424        19.553380253134996        31.043359075675220     
   43.384527991735354        20.110174437000815        31.403293345413704     
   44.114604629384004        20.770249314200026        31.650480522063710     
   44.782268836130420        21.420577165363550        31.969695755564594     
   45.345324088283796        22.133812162262533        32.283779707260543     
   45.701701051765312        23.029717332583925        32.541711961799443     
   46.145619650949570        23.986539922064235        32.491838875977429     
   46.468764753816941        24.910954651012609        32.574659998502121     
   46.764834181174031        25.942765298066860        32.702718161504350     
   46.999337759067025        26.974925811604283        32.908829593641684     
   47.184459188168525        27.911621570855722        32.838679373589763     
   47.490035130446905        28.878428595481342        32.598133471888900     
   47.765077528502431        29.690287391237909        32.224205028410758     
   48.003724165690045        30.512883593283263        31.781210722799774     
   48.268931079566869        31.291768832413773        31.262348990560458     
   48.748209390190183        32.081458303200250        30.794069999890226     
   49.385226995472621        32.673770679503647        30.371694072762629     
   49.898298791366862        33.384042977764892        29.898031802253332     
   50.272222995827128        34.077308458820191        29.322762858586174     
   50.594198678023261        34.818627178293298        28.748118702595576     
   50.862989372522158        35.746771947325776        28.320543000433549     
   51.170240369559451        36.700177996854812        27.986256256836658     
   51.423752865817669        37.631171712744965        27.586331116733746     
   51.685093614053017        38.507807162839939        27.159777590709112     
   51.516926017446345        39.316919659824642        26.645405505874272     
   51.374242351781682        40.284809299034954        26.196230870858674     
   51.330772076883171        41.176455961406255        25.796679200589345     
   51.214874184316010        42.137417931536973        25.374534235230620     
   50.954305633801212        42.996585564465292        24.928210050194604     
   50.836008398964566        43.812860854506269        24.479505606401652     
   50.782431114909286        44.671290346133866        24.077832439201718     
   50.922037020443575        45.618230570930088        23.667104150510955     
   51.295609988655343        46.506912087960586        23.156816831763869     
   51.751710797582270        47.321033703371135        22.752520010195639     
   52.067990607369246        48.192194890944499        22.425284589324306     
   52.141315130121654        49.150944581352192        22.197984786899113     
   52.160030404907758        50.108199719067059        22.076184222377641     
   51.958040428052506        51.110813373735844        21.971254824415201     
   51.346017504299802        51.917701445883999        21.880730702338038     
   50.665016329549836        52.663512468902219        21.744861028598265     
   50.035421542013729        53.412709466319633        21.488094157862825     
   49.363476302848632        54.066719368543502        21.173359924241137     
   48.490559673693838        54.690016683312514        20.890840786091143     
   47.740648312507744        55.291966339368471        20.772325053908791     
   47.069730687916056        56.001644923337999        20.868647252541287     
   46.611291850106738        56.806998555930591        20.964298269086122     
   46.123203644518654        57.655187521967342        20.966952855559754     
   45.623139018759872        58.571392393583366        20.967479664218867     
   45.308440464894936        59.622257051001000        21.027063206044033     
   45.054078850117854        60.551797480668448        20.934509431753689     
   44.793074092088197        61.476502551779440        20.834244588609735     
   44.689511591580860        62.462681333522603        20.740147814662926     
   44.548010721083429        63.403322557415152        20.504840835011343     
   44.329590936469657        64.295124709801215        20.180234623087610     
   44.101250508527173        65.197379807362822        19.804326888605928     
   43.966855671017598        66.122997605272403        19.404134534031513     
   43.993740875941455        67.004339032036995        18.920183172467492     
   43.976035865794501        67.978557443724014        18.510595659017230     
   43.830685335800510        68.845369330978116        18.243997825446471     
   43.961199411337205        69.857747907936002        17.842218080734177     
   44.041949276151676        70.778289243293031        17.590064606846390     
   44.237987065490827        71.693661832164494        17.238381551467018     
   44.636636629660977        72.566944598379237        17.060598179725659     
   44.879204684967270        73.544225313453609        17.138092114206124     
   44.943705038271304        74.513441729026638        17.260531941382069     
   44.910453591527705        75.473598151928996        17.384230293669308     
   44.820667947501668        76.388687148845335        17.372749512048777     
   44.655744961565418        77.362891281745249        17.218438261936342     
   44.330447422619194        78.276075818311355        16.912545070261586     
   43.892588335113246        79.155896106133596        16.610005874699588     
   43.482459810622977        80.075615134606593        16.295483552260357     
   42.955371242589415        80.715474128594806        15.918944191253408     
   42.193908221840815        81.222005190867122        15.391268411098078     
   41.410938443072432        81.760215507251644        14.980912275339691     
   40.577600123097049        82.328256767121246        14.644443678474659     
   39.960632401357920        82.907787996735948        14.051194519669307     
   39.550012227611809        83.415903182790117        13.440436406629171     
   39.030779902644170        84.007044346062415        12.849150193682492     
   38.569147657617386        84.648828296320403        12.278133549261051     
