   226.84711799756420       -65.901296542338756       -11.703561410275526     
   224.01163397288300       -64.526783247742216       -11.163028260317745     
   220.27932352780957       -63.722793877920353       -9.3852099014565553     
   217.51857572811602       -65.431762887860273       -5.5281689732646191     
   214.10142001544997       -66.681314745072697       -2.5159208089269978     
   209.87254637987522       -66.478320731263878      -0.71744509884250718     
   206.32198180758635       -66.458385068797156        1.9297496345177607     
   202.78131827826937       -66.713157846594058        5.2507039046140349     
   200.14990692919810       -67.372971076293823        7.7672944495102154     
   196.87677290576755       -68.999446519452547        10.182682383601309     
   193.49825551382366       -70.217759294249404        13.279881133102919     
   191.26382974493364       -73.713277269268602        14.251569062331011     
   190.57582923538061       -77.912566603392165        14.248204373190953     
   190.24835608727162       -81.763674948937876        14.815611824419163     
   189.89022009196228       -85.185803211116166        17.584925566047346     
   190.02979658279892       -87.604311714689061        21.794412857371210     
   190.85466474446937       -89.444282014801558        26.113312339889752     
   192.07235360599887       -91.968616822573679        29.999568206800483     
   193.40420625773569       -93.617877397480370        33.171161474999344     
   194.45556938548057       -94.838510924746970        37.120836122831136     
   196.07745127754666       -96.161212871563194        41.267193806193490     
   195.95451398420366       -96.903010342233245        45.006358147498162     
   195.83817669672354       -98.267882604852005        48.474417723215382     
   195.33734851883727       -99.487359796493408        52.556437491919631     
   196.24869531403166       -99.155898968844099        56.060044235338673     
   197.08955310352880       -98.664888090012894        59.803186957873884     
   199.91274337146751       -97.331465692484372        63.388886505728237     
   201.84514354860409       -97.378113523320721        67.075955971960283     
   202.81674153674561       -95.801842155873928        70.336655715767677     
   204.01434333394604       -94.101902924533789        74.471448623269978     
   205.56177849774980       -91.446971679204594        78.154509559371959     
   207.38091690469506       -89.748337201709319        80.313511365436128     
   209.99332471913232       -88.678650339747250        82.707387984875410     
   211.91814184724856       -89.563527457630229        86.003098325646917     
   211.65192354628059       -91.528233193434858        89.104317201431144     
   210.14830287946629       -94.020946275893124        92.004023322508530     
   208.41257116672941       -98.106953325243836        93.778148735471447     
   206.67891063034517       -101.84250470567275        95.316444857234089     
   204.69410869807464       -104.64226191379153        98.250669738395104     
   203.14550271268226       -107.05602015679592        101.32317286141480     
   201.33918423060285       -109.85256118480574        102.92572227377784     
   201.23485899691502       -114.02325041350538        104.21345579058114     
   201.04838988948694       -118.97166201783052        103.00947938155849     
   201.62870873177329       -123.70601281690301        103.16616523586349     
   202.40788973910861       -127.96238880963406        101.90592755790453     
   202.24547525169712       -132.31809647645167        101.94599899520314     
   201.91068954850911       -136.29470224237710        100.91099780407608     
   201.53118511851491       -139.47577591148760        100.92847889940990     
   201.46921834584469       -142.88659826206143        102.08307010481209     
   199.83266816111606       -146.05577013704962        102.33157653336211     
