   232.30573790441957       -118.61928459810315        57.017349944681726     
   232.10235717406024       -118.40371869473877        52.931645864992177     
   229.92873907565709       -118.43483996378943        49.600456087925970     
   225.72062434186833       -118.49912726848672        47.611271735145593     
   221.40737560411682       -118.88968087128740        44.915419956315141     
   218.91292501599182       -119.38926371093225        41.819574529419043     
   217.28557745482385       -119.09109402137287        37.827804234710641     
   215.98596668207907       -117.76058444492034        33.893850562814926     
   215.00239745360852       -115.65537200371494        30.343433878758958     
   213.21202707218922       -113.41356002743045        27.220753428362098     
   211.66833111510070       -110.11006868638746        24.618535283484746     
   210.27137807602469       -105.78851737731173        23.583057729407425     
   209.39150817650406       -101.85397177153745        25.048464539141264     
   209.02422511727292       -97.880941118514045        26.620398727943098     
   209.79234142061821       -93.225614290460356        27.900315918247625     
   210.74566265249342       -88.781536070691445        28.472171971775531     
   210.97255365059564       -83.890078836585801        29.024951030926648     
   210.24567020211626       -79.841666637768711        31.987653097133034     
   209.37174044355979       -77.411793821374559        34.796605508736519     
   209.57380456355128       -74.771391723661623        38.524798909348895     
   210.78188051787797       -72.701800084175275        42.254573825577232     
   211.32756231175992       -71.084942651313995        45.981515193399403     
   210.14757596622488       -70.283514811014825        50.361737988954012     
   208.54983696918504       -69.631230775407246        54.052156083989694     
   206.55431047399267       -68.218772337070433        57.966660431554544     
   205.49217582943973       -69.582321762602021        61.407838382350462     
   204.54219689769624       -72.781124941900828        63.903693396678051     
   204.35761264196466       -76.684094944720854        65.317414824130637     
   205.11203465035769       -81.142756463713724        65.430068226300108     
   206.48645603614094       -85.665260959825375        65.263210155073125     
   208.01269196044476       -89.218686486494562        65.228412041241825     
   210.63291607317427       -92.573279959652794        65.038353974930175     
   212.35816270856444       -95.887670266329721        64.801299997527451     
   214.17434464685817       -100.23711692799017        63.724910994221787     
   217.10013943176583       -103.63889561560637        64.031806703493686     
   221.04994734953692       -104.70334169776193        65.551547372063823     
   224.31483454561928       -106.67322392753879        68.075798360904017     
   227.78083024698992       -108.50319494149487        70.821784157605734     
   230.96446228187492       -109.28062974528841        71.715752356001431     
   234.60251809174815       -110.97034027009842        72.101476066076899     
   236.99729052116740       -113.42386852921560        71.553785171405963     
   239.66460414728508       -115.66832180187114        69.434991875697847     
   242.01909576059120       -115.66613185065364        66.065380054202464     
   244.50078690077845       -116.12415266903893        63.648226552066212     
   247.74860464602958       -114.25211511296860        60.345588143669296     
   248.97599886458664       -111.04571586956973        58.587376857118734     
   250.38343071679475       -107.34870559100149        58.448044565710610     
   250.07705925762448       -103.26001432746291        57.845642197986223     
   248.19832631534078       -98.979591961620088        57.917490546189548     
   245.75696744183301       -95.907539139988700        56.904876317340950     
