  -110.19096887715226        404.21492886563391        215.55834313691091     
  -101.55140884585261        422.16132601614765        211.96841028366941     
  -99.922905438496699        424.20763380418521        197.96505310354161     
  -98.060661051764043        428.40301810181040        182.67109011460687     
  -99.457795297832135        441.49315226613226        167.69363790223403     
  -109.76434264508617        452.32562139801462        159.56125149156611     
  -119.42041000237091        444.20683531978733        168.03403974084995     
  -124.78695430867091        436.04294348957734        181.66506046266383     
  -133.55221136132215        416.57461170078346        192.87937671778261     
  -147.55071349034478        404.65088526953502        203.76490062460886     
  -150.16832534318127        390.19340283949964        202.83556224156143     
  -158.04269503473100        374.55475150324878        207.83150576275642     
  -168.40760473028638        360.87910305326471        212.52183532723046     
  -152.97672846665444        354.70323810013662        221.48842590399997     
  -127.99495312021703        353.17631959184740        217.01751179179780     
  -124.79461000312348        347.76679221563387        202.26757860602049     
  -122.72285555176899        341.81272547240201        188.38933792904854     
  -119.11058892420610        344.45704178013597        165.49059378387693     
  -128.62947298532950        344.31277552338838        151.91773502000103     
  -135.36134960976548        349.28140246546434        137.77047042645844     
  -140.66350929988408        350.85117431363523        124.02298732114795     
  -154.52050992478914        340.05349549219585        124.53158909475812     
  -174.29314010229018        330.70052342534387        125.67940329770398     
  -188.21855475522275        338.30604752193113        125.51772623179598     
  -195.50051527336788        330.55612208093345        111.90412313969361     
  -209.54542982657870        340.00475503626490        96.080289860657530     
  -216.72199660087884        353.77800105123396        99.538181691814387     
  -227.65714617834524        368.85033639879231        103.59464116169282     
  -240.70940139614507        371.30528196688618        103.11186136891516     
  -251.68840161779985        381.98451007919488        93.685670158386714     
  -239.20149165976520        375.93248074905836        75.920714398206059     
  -220.60554592445780        372.18152658169640        64.558521210831429     
  -205.62181107665921        377.33718944398277        71.779036298779900     
  -190.18291357629258        391.81448958090743        76.224703077487277     
  -179.95540616295887        401.28324956093678        84.000315420958955     
  -182.24679683641702        413.38366807637959        89.173991032763823     
  -180.88563962784792        425.67077247243981        101.57380785104370     
  -183.76829562258678        428.82233898077232        122.50254173727298     
  -195.32888845447999        422.50405802310434        134.47322986925087     
  -207.61034832384988        417.17221763578942        154.39303657420734     
  -220.85501154222595        409.81441574406819        164.36510399906695     
  -228.88158283315028        406.15195556766020        175.80054436524858     
  -225.70323349777433        395.02390108656891        189.02118396462535     
  -213.58166506787600        386.27945491650064        194.20686726600192     
  -200.70083568555245        369.23396276524267        198.87669816478666     
  -186.18878393886021        361.85297498296700        199.87947564981209     
  -172.68048232203864        378.63955019653906        197.97494943366345     
  -154.46160314528981        386.89805947803478        199.18540470177993     
  -140.87785149459680        393.75432126933873        202.58590800532269     
  -125.80544166499658        401.19636433467116        206.47804640572312     
