  -124.43311574984472        427.23496036338150        187.35500636330841     
  -111.77190988867224        434.65151991003285        197.08687885235042     
  -99.318299346809454        428.64051203238131        204.76631232295415     
  -88.914962750272139        412.93355252827530        208.21527806458485     
  -80.655728620950356        400.06781194640411        206.14119534479664     
  -76.135067287102515        391.64663041425518        195.01162470843624     
  -93.175258393007255        384.66624924911855        183.49842171662308     
  -111.92331614544752        388.75731754637195        178.20717995630991     
  -128.42719513705882        397.38397714121436        171.47496023275346     
  -144.88503253587547        395.04086006542019        171.96175769364913     
  -163.19499702824504        383.40705825309453        175.38410954845776     
  -176.32115580014013        367.91455203691163        170.64606153503186     
  -179.02691246154842        347.21558003762641        173.46300591101732     
  -167.53895766956768        334.34350933196703        175.31102402419893     
  -148.88681849537136        334.49270701040615        169.12364001016928     
  -132.91592402484841        342.67819124309170        163.28141402870554     
  -126.48761368238608        353.02535281476190        158.22520332787266     
  -123.86535644994775        367.66346797433226        146.39990263770468     
  -136.27989909591324        365.41120989944881        134.87311917827230     
  -141.87776471411311        353.93596789259976        119.80206766906598     
  -134.72529387799619        334.34040056934191        110.65623054529485     
  -145.48700664566206        329.62625149119890        120.76410016458642     
  -155.33332576590365        334.39282829043032        132.78068769885064     
  -171.53376767879877        348.23578536715229        134.79923299542088     
  -188.43634641545898        348.88729690169106        125.97887264817130     
  -205.18288301016187        360.09146499175961        121.92954596332781     
  -211.17827074659886        371.67852906993221        112.33775009741611     
  -220.51649091709990        388.83564062075760        109.42173799669430     
  -231.01913720401421        400.06955102199345        100.21863521880798     
  -238.51770066195292        408.71893212200808        91.807622908247907     
  -228.40786572953752        414.73694363795039        73.523924392027610     
  -222.45898572820019        421.19401035657370        61.637666253417407     
  -201.70953089003081        424.41992879623092        58.808120238146628     
  -186.22147333650057        437.61699709029529        58.853974445942882     
  -184.77014712039650        452.59576973208607        70.985487256414388     
  -200.02149625320357        453.81436590472646        88.296929254107212     
  -207.69658567202717        443.75208812619411        107.98045057083091     
  -209.44031004906239        436.48537967549834        126.46085348706779     
  -212.76954627146210        423.11596396085673        135.92635108088027     
  -211.77559739608267        409.43280779974958        150.30957999045705     
  -201.97669206436640        391.99451189582857        153.57680155084233     
  -206.72860744562419        379.99523410490053        171.07556990111945     
  -200.96725214019136        382.35997154984574        187.63326088385480     
  -204.75910393833178        376.64742589557073        204.79054014184959     
  -200.50039763638011        381.40458256555564        223.01918116800613     
  -185.33388293141903        378.00222385168246        227.69206740483534     
  -174.28193376328068        391.93994984653125        215.13604600960468     
  -163.96243234334190        401.68079737076101        203.02759828027243     
  -149.24098608019665        408.49929611756573        194.98111865947371     
  -135.51708401290182        415.01495080423166        189.15455765954195     
