   208.90430083677842       -132.96250358044861       -2.4541178547094709     
   212.15085897249773       -133.08414400388557       0.70003176865160888     
   215.51564086602926       -132.76950481314393        4.0029661632576881     
   218.46536856753158       -132.51455038611894        6.7075403435530667     
   221.99826290732582       -130.13992815388778        8.3073977961176144     
   226.49921683383334       -127.55116148424898        8.7003938327577188     
   230.03582569825838       -127.02016789852219        10.788182707951908     
   232.89403902288814       -126.83118674741783        13.843540396934559     
   233.98130915785450       -127.18483828672942        17.716732562649860     
   235.30519717613637       -127.80084791769258        22.165987763029730     
   232.78778400270423       -127.87356161587871        25.893174710396355     
   231.15831005359783       -129.32130317222791        29.474588945855974     
   230.11418759573621       -131.88873307409531        32.443687964836272     
   230.63574136407826       -133.67229478569320        36.617101338209032     
   230.55984955919655       -134.79705181739283        40.834222389263623     
   231.12930240169138       -137.52984609438639        44.696041771026657     
   230.70516730631559       -140.48358303649368        48.248845645322874     
   229.94223414545110       -143.19761701820730        52.093080836573286     
   229.64374365610246       -144.66169302726465        56.212760923496532     
   229.26172006185195       -144.68086050037934        59.681625845058782     
   226.74829922683409       -144.47967013589601        64.142362859742931     
   222.97864218184719       -144.27488535974331        66.694010126941137     
   218.83902502400227       -145.30564685472851        68.710614531343893     
   216.53857004975799       -147.55758350208396        71.760687124406886     
   214.30641143967273       -149.90780686279518        73.994541500909932     
   210.49866181231647       -152.45785205194403        75.308844039198519     
   207.38714962786895       -154.60127419494137        77.933237513768546     
   204.46612043746876       -156.33815502246370        79.881172653028230     
   201.89636968292206       -157.24602530980926        82.260671248428508     
   197.75437247801571       -157.14714294703856        84.643470166827427     
   195.17364078737552       -158.09145211426545        86.772602911273424     
   191.38120368330885       -157.86256311205983        88.685473100854722     
   187.33034605982769       -156.71612863035327        90.612107838622194     
   183.86708929839898       -153.98879232749545        90.204036991776292     
   180.81186797813672       -152.36961204515219        89.179604939042719     
   177.95128375198658       -149.27309075960497        87.828244859300639     
   174.74081316632527       -146.39226433290398        84.981384949029732     
   172.64157433451226       -143.44521022433631        82.972821744151787     
   168.87519660069731       -142.01824910334699        82.912882198392936     
   164.79323199144568       -140.83645131654598        82.352708116397139     
   161.43819269464228       -140.89299713656553        80.415978774479754     
   157.42446287004674       -140.98834680362160        78.156764422914790     
   153.29618035972632       -141.68222537064264        76.662916878165220     
   149.40403170357047       -141.68403875081742        75.124835119967202     
   145.56807457254118       -140.95176097212169        72.912922076660465     
   142.94794173101596       -142.36655376914638        69.931380007751656     
   141.82007435392424       -142.80949473732167        66.387549251472066     
   141.08435567643346       -142.87620185223275        62.657638602354297     
   139.12454595005983       -142.74313235137257        58.685754732352116     
   136.29686567742277       -142.40764828902593        55.077347382969876     
