   67.659828996903812        6.1018789499732744        22.893890127249843     
   66.747195805334755        6.3758285982567031        23.393072144670278     
   66.044166918867631        6.6934614012813380        23.923102785113411     
   65.355912836084400        7.1446690878922006        24.604411710616237     
   64.657544159501612        7.5676846726021996        25.160411909115776     
   63.859123642395922        8.0471470994511041        25.518748123958765     
   63.030236449726281        8.4842397329159702        25.933714277460069     
   62.167877190402770        8.7923107560189990        26.298647463470726     
   61.327922584881541        9.2660197573515291        26.543050874648387     
   60.412250662663737        9.6737555944879894        26.734586479399180     
   59.529780787343164        10.159878780931130        27.133418656250225     
   58.764298014337449        10.749239708117564        27.263326043837452     
   57.916558657351423        11.398045585048187        27.419940742800566     
   57.185387507259620        12.038806471283776        27.664572269955691     
   56.548592584991759        12.716506596742176        27.865021865748151     
   55.884918210848781        13.479257853445169        28.148878199658945     
   55.147691559947283        14.179179454001975        28.426703647547985     
   54.407588594721894        14.719876884304947        28.878521976772081     
   53.771270999860832        15.284134742518093        29.325219000898503     
   53.117099997687596        15.741003846842517        29.892807950406130     
   52.613687798971881        16.391989586472437        30.427707550549886     
   52.301578024555546        17.242935117480638        30.928331670040155     
   52.105094019609602        17.940126113339709        31.525140037740883     
   51.827242503758590        18.785090511030894        32.040102752848526     
   51.579128413687528        19.648833991429633        32.533247817484515     
   51.279211784380124        20.539264679546999        32.802717128337079     
   51.225056280358949        21.609724364678474        32.974152512058389     
   51.374130846767329        22.659971351115651        33.063850116751389     
   51.361750688282605        23.644070323966822        33.040306040136166     
   51.306892608416128        24.729208596417891        33.177230641946615     
   51.285679592129377        25.799692058055111        33.294211612484681     
   51.153043770458893        26.767458700362727        33.202979144350294     
   51.067044263447336        27.774648758775900        32.919991656100805     
   50.940723219224090        28.716079456228183        32.486794896821991     
   50.842130858028632        29.658277786969027        32.105118058532213     
   50.899759119613485        30.481297578019092        31.647647127484689     
   51.134835452950171        31.364197369990169        31.159969521631801     
   51.547522692624895        32.082593065366147        30.699913687343123     
   51.854886947709375        32.997460288566728        30.285666992046018     
   51.928950215714714        33.830806797995557        29.740088033645755     
   51.695136981247103        34.631642980305593        29.221787593721832     
   51.572143551185377        35.550882007776742        28.770266110007633     
   51.533685132212540        36.399224769899263        28.257317036861515     
   51.467410854395141        37.259095028992007        27.716379041229168     
   51.409258112508695        38.111648482881137        27.073520607563641     
   51.086900275597110        38.778216259336979        26.620056144604902     
   50.703922791072159        39.686129275730679        26.230923431381125     
   50.325416154120632        40.613806594119218        25.911329794867761     
   49.954945578968029        41.521739275606826        25.629242928702112     
   49.539793496411463        42.429935557786330        25.631146574469930     
   49.029008208112792        43.238662225968426        25.592737272566378     
   48.620567222708139        44.182155271620779        25.572214589623211     
   48.310302565269907        45.162757101583288        25.390494458792098     
   48.209079448922722        46.131557045427975        25.175707281223481     
   48.153010197384859        47.107945245095202        24.844414594781075     
   48.094947596623484        48.106709065108092        24.647118744569681     
   48.119464109702598        49.105874619870846        24.649392624630149     
   48.299696812380354        50.013546587156377        24.840851293710742     
   48.474779783727023        50.993935601387328        25.037655681343701     
   48.665519367979407        51.790654448956253        25.600961260507994     
   48.879118169891093        52.502405547748268        26.199382067829390     
   49.225836173138475        53.218075194226778        26.842954559133400     
   49.416245829397269        53.966106534575225        27.506580840432022     
   49.635857382650940        54.708683780275877        28.231388374274644     
   50.129593176559659        55.241538344980086        28.941159303951018     
   50.497731268214196        55.894812182241161        29.583973324454522     
   50.831095524883679        56.520832989140018        30.215595566928005     
   51.124805322793748        57.181991410672950        30.882569765602220     
   51.476389667925048        57.914833611086458        31.456081301227954     
   51.711046036878585        58.737916349216796        32.081642179829743     
   52.127295017117810        59.409308129329219        32.727453335889251     
   52.386098044405443        60.023811898523554        33.389677139733784     
   52.885984196430350        60.628839047670290        34.043486396598226     
   53.421631572369549        61.100793945845624        34.755324487424808     
   53.993862311598683        61.637400143134535        35.458792314927194     
   54.512776919945978        62.121624643639734        36.151113080852731     
   55.103108538901431        62.573936682211219        36.805234652881332     
   55.728736759366896        63.041167275269956        37.368747773529947     
   56.461281457947848        63.561090548579479        37.858054507313319     
   57.092864175774935        64.075213563921722        38.296337096022327     
   57.916406296894792        64.693826606342299        38.705755115113774     
   58.745502829072144        65.035270711822591        39.173496008315404     
   59.497576527492541        65.542857404656175        39.565075435662429     
   60.247898111738635        66.082132789635907        39.935807750621521     
   61.070576443389342        66.577916949244951        40.422598870901226     
   61.812594538129979        67.020760542894365        40.882849852119790     
   62.467023724658780        67.453053541276205        41.407218592264982     
   62.965062960202424        68.033146119880115        42.058338993453745     
   63.428850531905738        68.439135713642258        42.808550369607595     
   63.872444797439499        68.971896205680181        43.449586422615916     
   64.218785736844808        69.654569947409627        44.221430419335071     
   64.580645082736041        70.314111735031688        44.847845299945583     
   64.912456423739286        71.035389161682332        45.197999875709719     
   65.230077258056426        71.838764615838713        45.662651996634466     
   65.420972100915677        72.665955613308967        46.211005703905002     
   65.498587640232870        73.543491622065204        46.698176300906276     
   65.426648106667287        74.402284214971075        47.187444596511043     
   65.467073037308509        75.118075874742757        47.657063185103382     
   65.636121141635201        75.877928621054068        48.266872654201869     
   66.165444138040428        76.553614319078207        48.894821194818782     
