  -86.711430968595451        448.47390148344732        195.72532130630236     
  -79.959020922323504        432.67406361723113        191.95293519957218     
  -89.930920073385863        416.60763846847715        187.46327503106522     
  -87.228676542474545        404.44418682148313        175.17514313759293     
  -71.418704187696278        390.79674078724753        167.89140431584789     
  -70.342556829429157        371.12737984176368        166.69301961170899     
  -62.923589949511971        353.88904161333323        178.31283444266398     
  -57.524868492581689        348.20445380730928        195.19684067643180     
  -77.266229109360012        354.05880116979881        204.25546224640257     
  -90.305766360179234        357.87277845846825        210.74978322235731     
  -109.82608455274996        354.43462744673241        199.23182502620003     
  -118.68948950358867        338.66130326942778        195.63501264306487     
  -131.69529474016747        333.03475101843276        183.66011273719198     
  -151.46982171196930        333.98374495966237        180.37135945789731     
  -163.75534636622015        342.83216815801921        187.07385266012042     
  -185.05169080369032        353.64607913524776        198.51583508842958     
  -200.32897562011837        340.44735896130919        203.89157367779407     
  -219.43941343096395        339.90938296868632        201.85963860776840     
  -231.98452680427320        339.06666597470991        207.04011166341863     
  -242.75204671083924        329.92621567479637        209.43167794291605     
  -252.70923451050240        325.00386116474078        195.29660797089718     
  -254.41008336754157        320.76152958467054        178.10471612895410     
  -263.10153464661187        320.71845772453497        162.13330127464641     
  -262.73086192215476        315.84882498893870        145.75975118573584     
  -247.77120959421836        310.93285012872116        133.62001539568521     
  -240.70451887439788        324.40867682587901        119.68389026309691     
  -237.32253296830058        334.88937635359537        108.12444090216805     
  -235.48643260602230        339.01715589063753        86.259280510555328     
  -235.16766899968817        339.69372686350204        62.467265989728901     
  -239.40125392990993        352.20615013954199        48.514664834804883     
  -242.21818337897989        360.88273063614866        31.008713996809362     
  -247.17224289324386        375.95976133274473        24.398817820341971     
  -232.64737635732249        383.00446200084980        21.202434095276232     
  -215.41254745474214        391.78435933501657        20.548688672002491     
  -205.58770755879044        399.15046291698269        36.388408743019163     
  -200.91437088171554        408.78896653558257        53.507238131866487     
  -199.48439491741834        411.39143854168901        77.605810405275847     
  -208.33949944416958        401.67039866513971        90.029525544511941     
  -209.35594383487987        389.48067338002721        99.723340775965710     
  -207.95448668446781        385.22759748806891        123.46649101690944     
  -206.60804115874140        397.98140118453716        136.43930361776199     
  -211.03767145672924        410.58731120189992        150.76874611914022     
  -199.37561909607837        424.14678339542888        166.81696558227017     
  -187.27245039802912        436.38062504809574        176.90286583972835     
  -175.09282631213327        454.03574185514157        178.31091722843183     
  -171.76522513313691        464.87921876710885        194.96495351059366     
  -153.31446741914283        467.95041439355731        194.61047995098673     
  -138.93599433262401        472.35296639243148        198.73707213749736     
  -123.57292397817126        460.03120066964283        197.80126704693157     
  -103.18256974719813        458.22683078504559        194.56432043879295     
