   73.035854152020946        11.643746986370624        27.663157189252292     
   72.014394645079008        11.687620387753046        27.556892362790986     
   71.042900121568252        11.676182626839056        27.526068273460368     
   69.952738494547077        11.632596561599115        27.517057931013035     
   68.934092539319167        11.677975977783587        27.337403124291495     
   67.996063498415083        11.970114439896644        27.071395925640726     
   67.059990986303248        12.130606770370582        26.775063967923714     
   66.024411847582201        12.203200825740687        26.630025996830195     
   65.110177723777809        12.524814067272908        26.526450880256331     
   64.098463113794367        12.795809208277566        26.438814460914248     
   63.082562892087644        12.969619824867575        26.565646813962541     
   62.181985914026292        13.356281773601790        26.588359191939183     
   61.183798466778590        13.761892408164373        26.645289680616955     
   60.248063280995041        14.121454230736674        26.633235388048082     
   59.390905432783882        14.533622176462876        26.614175448605309     
   58.479180588209601        15.004535419951171        26.648753535218500     
   57.515258862608050        15.349404678716922        26.606773863958857     
   56.495336115811170        15.545638977384623        26.715767762485640     
   55.545795379641412        15.833121482744284        26.890975086009188     
   54.619410890924023        16.007173593126783        27.156199398825557     
   53.821550258481608        16.444696971489581        27.539746324315619     
   53.121407906134664        17.033144545782474        27.797934495569834     
   52.489343371524519        17.571467093224268        28.300272524688555     
   51.832260738770657        18.239042693771648        28.651695518394231     
   51.353264583622192        19.024274545130410        29.022370880264617     
   50.908410481307691        19.856890435330410        29.233322267260011     
   50.684769378881263        20.895912266526281        29.391747195766683     
   50.702520108128304        21.879481325502649        29.500452817574697     
   50.586316400244797        22.892168232531724        29.502516241183852     
   50.481915203325542        23.975689807110786        29.668923281475529     
   50.406174332901095        25.037605071527071        29.832228740398122     
   50.281107586841202        25.999564841246990        29.742211581318518     
   50.262971483651221        27.025212909748547        29.519440917140138     
   50.163221221702543        27.967707485447832        29.202215742082966     
   50.088593849983432        28.940725990530566        28.900883531423883     
   50.125380898672489        29.798284564991775        28.535571310255833     
   50.416674453657109        30.650380602436972        28.042505064475264     
   50.873462744694429        31.321623043792744        27.553800096542570     
   51.257873638273772        32.239936930588200        27.107511612418413     
   51.460234495585240        33.067627076752935        26.642153534868214     
   51.347125547959678        33.934689622484839        26.151944189070520     
   51.314631818155945        34.866550474950699        25.684239083024462     
   51.398826540949401        35.753892375693169        25.290744122471470     
   51.466308611786985        36.608809128533814        24.789260563823220     
   51.582098697436471        37.448041325679668        24.165239771811514     
   51.484094539385516        38.223028905787686        23.667128694874421     
   51.256586564413340        39.194675203444866        23.283776095955929     
   50.947685702823684        40.146756636777276        23.026330692056860     
   50.766832262200850        41.141672492688834        22.739937669611280     
   50.476814912498241        42.090281785272751        22.689574967916450     
   50.020364779614006        42.902234990664944        22.550375227733948     
   49.547663836090834        43.827270701958909        22.462617508504390     
   49.193580187420615        44.764732633643170        22.246084219068528     
   49.008108159349327        45.752913643218299        22.035967910733493     
   48.957729437969142        46.707893083875213        21.737456400631167     
   48.998372874437180        47.660176619958143        21.488569095672187     
   48.957189635193927        48.642919808833099        21.311205623407442     
   49.037607669431345        49.576345489930510        21.443789554914115     
   49.218865944439003        50.585033138051401        21.484670220139563     
   49.237223118813056        51.508810121454744        21.792135486831963     
   49.241405676530874        52.417900924321700        22.060800498908090     
   49.332362977185895        53.374436372599114        22.412010797555478     
   49.325145051277453        54.352254408534876        22.636456280741136     
   49.465821532416285        55.375122485311735        22.776045550828673     
   49.722170709818243        56.364597203728898        22.979316698680424     
   49.999875371825489        57.302100905167848        22.794139755861309     
   50.204210341834639        58.218206477563641        22.649301101700765     
   50.314065129001399        59.181684641077368        22.513303217444033     
   50.559828028377446        60.121104031083782        22.297255697406623     
   50.709743592924482        61.117184529849759        22.013593855037485     
   51.059260895495676        62.043835522312264        21.822050023694093     
   51.279301778112803        62.971455120848901        21.586572106758506     
   51.747509007078769        63.797786549650368        21.210581520345293     
   52.413088861086578        64.474173070467145        20.850521529315149     
   53.120733761835275        65.104400242052378        20.399812821345261     
   53.798506687566501        65.692122106120337        19.884750580645139     
   54.537663866745355        66.270945572212128        19.552414428380803     
   55.233958925806974        66.792407042252080        19.146944372575696     
   56.032226058425358        67.164685008269487        18.661255358691598     
   56.813450829246918        67.484583840393100        18.218842762226462     
   57.799425161198826        67.623992769811906        17.732071149456580     
   58.733569616052172        67.680368408451784        17.310641786750931     
   59.652394214719976        67.800051152417311        16.965382698030488     
   60.581722442121048        68.008759597061115        16.699485749378916     
   61.534089736877661        68.186343511714981        16.229349966647810     
   62.382217211938944        68.517649310619078        15.866465367565535     
   63.211255227865479        68.848765758634073        15.537703926051424     
   64.024556402415556        69.277999347148196        15.214823847837318     
   64.843261125417570        69.770810788083395        15.042768533947322     
   65.683598601696104        70.108527549148661        14.656290685893236     
   66.569783994845920        70.472422042073759        14.189527009213323     
   67.363070735558821        70.781674733509988        13.759708368598949     
   68.045890460047261        70.924783703636351        13.243738247698731     
   68.675562481109779        71.066634824153212        12.539263704088057     
   69.282369743919176        71.163730826449495        11.736932794959374     
   69.875779929368662        71.424424351961576        11.065870171890703     
   70.413015223159604        71.804537093683479        10.282115285963163     
   70.953902127077001        71.969199343962472        9.6380180926210599     
   71.681418041504074        72.276912201229536        9.0178200604649348     
   72.557023826261045        72.555688680892828        8.7150133962298728     
