   72.230447180978885        10.578493695658135        31.068789452631282     
   71.257056022936283        10.726716299318927        30.773600824425131     
   70.319743603095361        10.820927517096980        30.533908876028967     
   69.266833264377738        10.942820280059497        30.234363226148574     
   68.317848030609639        11.090553118923397        29.847611681219774     
   67.480190871121863        11.485668870102336        29.425453868680016     
   66.676455173222635        11.780631640165240        28.992504445387219     
   65.775425894581289        11.935568402989754        28.479795072501560     
   64.961773272597952        12.296843631917996        28.152949302671082     
   64.013787693376401        12.573623406150848        27.723649451641442     
   63.043975004585356        12.744268426706620        27.438502201481601     
   62.151372867785888        13.107576865858109        27.216217130599045     
   61.175578395348118        13.518806325884331        26.946267320341136     
   60.280741330448876        13.893970556255283        26.649624630814671     
   59.449722925855930        14.314585325073573        26.364772412940361     
   58.567154267825018        14.790002119576522        26.142852259401906     
   57.719811492849281        15.203463596180562        25.741726318345680     
   56.763271612337626        15.420648407362984        25.383268239756546     
   55.801980722508226        15.640316829601536        25.176780912900558     
   54.836197474974774        15.706602071984349        25.029487737227935     
   53.901555844599557        16.022148714227118        25.074118206720524     
   53.114114943675624        16.487582164986016        25.077833455270031     
   52.253058784898897        16.899622611993994        25.252318978902284     
   51.424090660018308        17.451641901416139        25.157453593983380     
   50.714403337403937        18.123212681885107        25.264934952262269     
   50.164719019238298        18.911623184307331        25.365076109500247     
   49.769600816897274        19.884931312579042        25.549347812345047     
   49.610673558363025        20.842486252273961        25.807837907088256     
   49.429278052077095        21.841213241061883        25.901017321535790     
   49.169164665014137        22.861942313428514        26.092668071496409     
   48.987820680601246        23.920105383198962        26.309701948414034     
   48.825529079130710        24.899383037171052        26.268076237492529     
   48.801447342153878        25.944061112627185        26.168189120786575     
   48.764597971201567        26.903215916266280        25.889725230510063     
   48.756833458178868        27.919755920818915        25.645528303726788     
   48.869266409279142        28.807248699303916        25.381088491743490     
   49.265719688326548        29.716025016144798        25.114659667448603     
   49.811377270520047        30.465534352381177        24.861888276371300     
   50.265099052395080        31.435966659870701        24.655385922683955     
   50.597000196952486        32.328862632139995        24.386484293420178     
   50.592296333794742        33.256248391024315        23.972758305004888     
   50.660991359342212        34.225894889074361        23.647149340477249     
   50.823548378148182        35.146369137972009        23.372185603061858     
   50.950007022739911        36.029523229340555        22.988010249124486     
   51.167167315271080        36.918884596042588        22.476322229405522     
   51.168846350495578        37.755439065054432        22.078202887371805     
   50.988612738886566        38.729566964737245        21.760421226347692     
   50.819873581363559        39.701625045632973        21.527639719596451     
   50.648477520465462        40.742859751980575        21.349748498293295     
   50.404421132376179        41.742757869876009        21.354589694423709     
   49.958914272981097        42.567084937890627        21.259722300689354     
   49.498566359446784        43.501534669384583        21.218223333513716     
   49.104664011785154        44.441829756011053        21.058456046761730     
   48.876325962175187        45.412822467912285        20.901216537890271     
   48.756356607659335        46.379589483841855        20.723838527818717     
   48.748726761839848        47.353462512687280        20.575670306757292     
   48.715357547109846        48.388841171527432        20.466874199249546     
   48.786372583364944        49.293376838705207        20.595538315025269     
   48.895745063544446        50.283772006842767        20.601138938259780     
   48.852797301000741        51.204300305318817        20.915811677047671     
   48.762759800145595        52.122928830325307        21.246296273984907     
   48.851915398350286        53.059852234126012        21.647304731438080     
   48.893051701969448        54.037291308207969        21.912764069110263     
   49.013960296292673        55.055475231296640        22.097741769769105     
   49.229735136493872        56.044329522280144        22.346142027880841     
   49.224541844583136        57.022349443156891        22.162365985504465     
   49.078314511345980        57.911701300340575        22.006489692870016     
   48.913780501534525        58.870753348652372        21.896938797858034     
   48.854830417790815        59.850107584037282        21.742211643319159     
   48.796720547906212        60.874843817896306        21.500631675898351     
   48.954503462127569        61.855065825757023        21.356877518934350     
   49.110393454488104        62.842487502981975        21.157157992630360     
   49.457045952589787        63.757248810762142        20.715700529920657     
   49.995741300486451        64.493766683449081        20.271305199036732     
   50.596265209494881        65.194601754452108        19.772018537126495     
   51.321361008897242        65.759643608200221        19.297628375598457     
   52.089589159054128        66.204747083626884        18.950105739331828     
   52.880007892068654        66.649610402840622        18.538954626286394     
   53.660879530520099        67.016939728920775        17.934507647259327     
   54.392077420892726        67.316150717888149        17.413702466688143     
   55.272296832907202        67.338933566239334        16.819094226225090     
   56.066929231239470        67.369595563168133        16.170229081236659     
   56.811382703977138        67.417615417626195        15.530904487424996     
   57.672220540238321        67.510629786776406        14.988754412097713     
   58.425268070441277        67.637665039857509        14.347531530798268     
   59.156278880268353        67.922026159997529        13.924420268075568     
   59.890698491931431        68.255561995031826        13.473751526816452     
   60.613359077915064        68.674112088526371        12.903863065616315     
   61.343842334063162        69.114301765819945        12.439782435432747     
   61.927535534837219        69.536857413024009        11.768713300272106     
   62.532190651079404        70.005066104175754        11.026564464247182     
   63.066837764427291        70.410442071661393        10.348694319496053     
   63.533627065589293        70.678684392289099        9.5728037653039308     
   63.809676692642910        71.020491287714052        8.7243595262759595     
   63.986274455389328        71.296936373598712        7.7827931732976463     
   64.193746238633068        71.609637957715961        6.8853497641487849     
   64.320697883636157        72.041340210516339        6.0412663826876933     
   64.478235673643681        72.269135750206388        5.2302025561090728     
   64.848903700909830        72.564854045807749        4.3448957671529858     
   65.471785128849760        72.778850923468056        3.6361795094889762     
