   90.625592832671273       -59.562238317949323       -48.324344110374597     
   87.080163259630353       -56.707592902898618       -48.159573934956946     
   84.317609950230320       -53.528533474154571       -46.974184215356061     
   81.573233353702889       -50.371793014919803       -45.831087734647383     
   79.618407698919114       -46.207845942404788       -45.445153565049594     
   76.621823064851625       -43.230598906373494       -45.259922524000324     
   74.098990731824827       -39.980361939792203       -44.217228921914277     
   70.695042892294012       -37.874531246293778       -44.657476864272667     
   68.789675325165689       -35.680783670721709       -47.647627857178243     
   64.948857563131796       -34.586442521194762       -50.423681234749154     
   62.813761451760556       -33.467249551026640       -53.697865524209966     
   61.409758353271933       -32.959728230387022       -57.752270286784643     
   59.374176796682640       -31.470602673533254       -61.398025872110487     
   58.634251874542500       -28.907379877443926       -64.483786087333556     
   60.578617013984513       -25.009514916385431       -66.229157628577298     
   62.976297229804587       -22.166602649289182       -67.534796523407209     
   66.597615938373806       -20.154289295127310       -68.751026711795731     
   69.197676007548367       -17.186382918772019       -68.527047197971712     
   71.190508404029259       -13.090544049710985       -69.103146214663610     
   72.713866915064997       -9.5356398299117586       -69.022593780479028     
   72.931782092819986       -4.5683508457519846       -69.597842116287040     
   71.393252348590295       -1.8843560772243091       -71.595464630211708     
   70.778487808683408        1.8365877211609316       -73.432390653972462     
   70.005102451065909        5.1516337711482221       -75.827282092414279     
   69.146999440084130        8.6631675190834851       -78.814332499407854     
   69.325377507856928        12.415381860201981       -80.593852159098162     
   70.922649225175206        14.591859031883624       -84.280319116031762     
   71.285874975239636        17.176333377251105       -87.148159275589251     
   72.361812319130522        20.408477266639757       -90.109431168009536     
   71.793235353809351        23.937928678092142       -92.190207111356543     
   69.685322415895300        26.623725873487633       -94.152031131452830     
   68.281310676681912        30.572848794296007       -96.154524183011787     
   66.447666176947621        33.603843158451369       -98.841473118130224     
   64.279951588253908        36.015583556648117       -101.09581586249840     
   61.658538582874698        38.430913291426833       -102.73482102720546     
   58.932449867466318        41.417283693987919       -103.52460600504661     
   54.981624627746790        43.417053738162629       -104.66526578513776     
   51.281666501549182        44.978230799611239       -105.63051350591567     
   47.861796175079185        46.923212857548471       -107.51624897085549     
   44.133891087079888        46.658481827834343       -108.37339591164543     
   40.086578859447243        47.621146905622872       -108.42977655935188     
   35.233778867246762        48.240211407136748       -108.85161854397789     
   30.223521464596359        48.755718100917370       -108.24403816625049     
   26.644640233642328        50.892148048385302       -109.04268421977716     
   22.881423223102651        52.320988880467468       -111.52252573185098     
   21.379577863259108        55.147705056719616       -113.34793392486924     
   17.949763583805026        58.334946796871918       -115.04073160559098     
   16.103762904077733        60.358510735022143       -117.59539006826981     
   14.426356500144953        61.856479261394895       -121.02928337130002     
   13.344280793027625        64.455342240247262       -123.82923844589565     
