   260.38025059686015       -188.32047705467329        44.425210247854693     
   256.42064450965580       -185.46279002581238        45.006108981135974     
   254.91315046723514       -181.02455075279428        44.930873686471024     
   254.72806965426315       -176.69614562830202        45.637219968989598     
   254.79260728289233       -173.13681151473750        46.721144531651802     
   256.08817946793999       -170.15515645928119        49.844481640285018     
   257.94426072026187       -167.61354232918040        52.537858191486563     
   259.82866344139165       -166.30858143656420        55.877825741765925     
   261.26355454473611       -164.58827667616532        59.835156228730753     
   261.35718370988633       -162.39334551238392        63.451851164965205     
   261.85437280619874       -158.83269851283890        66.762588928364067     
   262.52102874688086       -157.11540015029760        70.889558157794511     
   262.46672208312128       -154.87554188809864        75.457635187433482     
   262.69893392341243       -153.21517091222807        79.649033149172851     
   264.27865324661485       -152.46976619384475        83.763687852797560     
   265.53158677046378       -151.08576568561918        87.416384670023774     
   266.30552976954380       -148.80018785171231        91.491017689116077     
   265.70298206998325       -147.67873891946527        95.581505023266530     
   265.97230371378976       -146.54223641366181        99.374843522050881     
   266.30448038963709       -145.89245467254622        103.52895716651479     
   265.74528361840947       -145.29939973057131        107.96665475201412     
   263.58824440013427       -145.20361741629620        111.68925879746772     
   261.68407623840301       -145.66125764586053        114.81572518338692     
   258.37491790184515       -147.42788338202053        116.94078274148053     
   254.18253714708777       -149.36321016566765        118.98996658793148     
   252.94484127934476       -152.79605532730713        120.78052436506184     
   251.47235323173516       -156.08083956403496        121.98564772810491     
   251.70128567506612       -159.86667792579320        123.68920898322433     
   251.31436470055681       -163.64831307630229        124.95683382861495     
   251.56662417329002       -167.86753991731058        125.76787259950461     
   251.88707135899924       -172.19167248011007        126.25215587515463     
   250.03437036024047       -175.67774733705130        128.55646957521404     
   248.22072862140433       -178.07246575414175        130.94347091083114     
   244.42319269446102       -180.47503805621847        132.00743795635546     
   239.33853311056436       -180.62354037598575        132.55528868469267     
   234.83021836347643       -179.83196026249942        131.88424125335962     
   230.60142006457241       -179.17450721996732        130.05425364636790     
   226.16505781903768       -179.32544336957778        128.30378706712045     
   222.35064009200093       -179.17375105608571        125.40858828666717     
   219.66234461758523       -179.46985092914105        121.99470120082538     
   217.21581600432825       -179.49745706837444        118.29876413447685     
   215.59514509283093       -178.42603745295409        113.57557449003427     
   216.08645262218755       -176.45224470229766        109.21100603494000     
   216.63039825048199       -176.53191276774405        104.78622321922398     
   218.63487848055763       -175.92113440955620        101.03958816191704     
   220.69013849753006       -174.15427174503094        97.538312967279538     
   223.39326059873753       -172.62562342289883        94.143925417794605     
   226.31753002074939       -170.52201184235616        92.008682075822421     
   228.31807248092150       -168.63411453844458        88.680173612051078     
   229.74574038352935       -167.65535519394280        84.750224589701048     
