   79.735540560873602        24.580374738825405        26.556439187990929     
   78.833198665766247        24.173022931230637        26.440295360873176     
   77.931350966178826        23.759412994113433        26.213814247419766     
   77.074564230552767        23.327385992161297        25.838384046078289     
   76.180001813110437        23.014494365194096        25.421452835724757     
   75.243660214407171        22.883675874502934        25.178562566188933     
   74.354104415461705        22.737188896588446        24.850429427365103     
   73.484534450616920        22.614767230102299        24.358044029379371     
   72.594533632730290        22.498855332351447        24.018731225719588     
   71.638582002888484        22.286955472190510        23.559566876455818     
   70.803554409205518        21.934490242672084        23.113444375013469     
   69.965005282983938        21.704792081602928        22.710150993085541     
   69.048640296026377        21.366642180297621        22.316043018685814     
   68.122150364914063        21.091164455944394        21.926447232765561     
   67.342994672404629        20.872304005300588        21.565405938533754     
   66.367144179211920        20.733915519550326        21.321791239103991     
   65.435800157763140        20.539877494928866        20.918961741796775     
   64.490648282407491        20.253045487747890        20.504361732922362     
   63.526487905781522        19.885004480027892        20.208106420765304     
   62.635278528377711        19.451526302758893        19.988002255564002     
   61.579020323444027        19.257213549587185        19.884122097506040     
   60.704365482381149        19.325093177717910        19.720140711772491     
   59.717464694916998        19.288402938989890        19.777269978882664     
   58.735193049300705        19.475301045020018        19.708130422307960     
   57.752541522611040        19.700345788611628        19.705821315694717     
   56.873140413986455        20.064730495325819        19.768253206480221     
   55.988215894325435        20.559262062816167        19.910292569523232     
   55.269288428268538        21.262405586096996        20.173715157756007     
   54.532450846415792        22.044573706515038        20.328290339635576     
   53.736618312055462        22.680903419557076        20.580293251412851     
   52.917424788617183        23.353223397306554        20.857071583863643     
   52.271618799341709        24.114445144711212        20.960008934909268     
   51.706534936214041        24.987691342051214        21.001118661920259     
   51.308415168485510        25.872126103175191        21.093878993680743     
   50.928034824976727        26.759013585018202        21.211273677689739     
   50.671957757037951        27.636237535103671        21.244706410509227     
   50.752414613642514        28.632510160103450        21.315427682298591     
   51.010235417158228        29.598133356395046        21.334871203308602     
   51.276967230531767        30.657583663751762        21.538802344561194     
   51.377186548768933        31.631812108625592        21.545160886842972     
   51.145942843452168        32.611959513284603        21.454901016193816     
   51.126249291320171        33.675955649516965        21.491854001418442     
   51.085520025621761        34.649342277361697        21.479114935955781     
   50.996111603188623        35.593229881979980        21.331661839264164     
   51.044227753847906        36.578159014688239        20.974525587468854     
   51.029421840288535        37.576463990729351        20.771992929423575     
   50.956759438399544        38.574137419819067        20.720827327673028     
   50.824546214502838        39.576421609539409        20.631389505179062     
   50.756075963649025        40.615024545621495        20.606727801504274     
   50.673759285918699        41.564489814932372        20.707947049048585     
   50.506221038385924        42.455730671393397        20.796054305254522     
   50.329288629121507        43.465955644748789        20.983081287858987     
   50.085101621219607        44.444542802100329        20.883441206923905     
   50.085198474232648        45.447882029029401        20.654121124218449     
   50.125288746117143        46.396954447591725        20.230379822678792     
   50.252710644952984        47.268298023105658        19.867247199100895     
   50.490237166082508        48.258065887141299        19.518122434324358     
   50.714383173285434        49.126464602005328        19.371001788656169     
   50.944168486843452        50.086580723359319        19.138409357866145     
   51.026135155803900        51.002703018237341        18.918448334974542     
   51.188272511376027        51.820820321241456        18.710767738757440     
   51.437775086156577        52.763773706283999        18.459334968398366     
   51.562501406626964        53.695495324270830        18.074178378734565     
   51.858323897161561        54.613765075018506        17.696900899311387     
   52.317851798300367        55.484360399508759        17.380459151499199     
   52.755836694038237        56.291944561284417        16.874740328946803     
   53.105466864185672        57.002764641544680        16.357093939186740     
   53.421157895069733        57.764679737731669        15.758554264699555     
   53.788169510083179        58.364970860614399        15.136770038794229     
   54.154677751675905        58.910927434680318        14.387028891684810     
   54.508261168327181        59.547683407536915        13.717181054135395     
   54.820071016906368        60.163300528491241        13.006220049161390     
   55.395698650640426        60.640473437798271        12.268688858121475     
   56.145552356017433        60.850270708042501        11.617656608018244     
   56.872196655719037        60.863199834964099        10.910489361464858     
   57.703652089491733        60.888140129246516        10.300462228084719     
   58.564893833155793        60.979015609941790        9.9330508610479082     
   59.491602467024443        60.994420028128118        9.5025608584742969     
   60.578437382188945        60.947655989249284        9.3183938632563716     
   61.524658650800582        60.884685511480619        9.0649980598247311     
   62.453255139351526        60.465891755552626        8.7630302096498696     
   63.312572877026227        60.055815677483515        8.3879341937158340     
   64.140943388365528        59.688358944108799        7.9621702007102346     
   64.941020088107450        59.413470039109875        7.4220539725743970     
   65.687768152562072        59.158077179259237        6.8450506075824258     
   66.443724951116252        59.078467074899869        6.3798057888282100     
   67.157409392672719        59.071420192713568        5.7930132420732257     
   67.851366051073299        59.081698758618877        5.0850870198842282     
   68.653522208701688        59.004806104015373        4.4590935879182085     
   69.277260193255188        58.897257235373587        3.7414596083030505     
   69.895829747322864        58.726786610821662        2.9160518153929309     
   70.419854160612786        58.588379891973020        2.1312415590730938     
   70.972744139735752        58.300798337106713        1.4050948327212438     
   71.335865289562378        58.125190916852738       0.59328210463906605     
   71.636964897203470        57.809699312353636      -0.22666675047451956     
   71.925677821386316        57.587771728157030       -1.1239086745107660     
   72.112181976993881        57.411810243761025       -2.0774004514762243     
   72.294737194185927        57.126780833246308       -2.9182360782878587     
   72.617747155517847        56.741553481055689       -3.7902277499318235     
   73.165036692216916        56.553341839103432       -4.5829927891054103     
