  -166.66395501784382        392.90779765552622        177.69300184583119     
  -161.77368644683418        381.46893833250965        161.72149458616329     
  -159.55557735906984        365.05142469797170        159.99902353227006     
  -150.99506719559477        362.02709713277960        146.66159328355170     
  -130.41571439589211        367.42542862982526        141.71102252069190     
  -118.22208896132484        367.52559390917452        152.22004556020229     
  -104.87120815843220        371.68342357585874        169.81878615708467     
  -104.66883981673210        380.17231513406642        188.48366910759185     
  -117.22554062610551        387.33351274271280        196.89907291056804     
  -133.81401678462549        379.09270195322824        200.59426806754274     
  -143.71764162371261        361.45899034414708        192.60466186121107     
  -148.89995506605950        338.43122741363214        185.19184482669300     
  -167.08274630314310        332.53510349247489        174.12157637965663     
  -181.44041413311112        320.03896216323972        172.57015297241310     
  -196.56112290904665        314.21621304606259        169.36870374098274     
  -211.35706737638236        305.38198498433354        163.76462788689025     
  -220.47247376697737        318.50235024590091        156.99591182101722     
  -219.13924632644296        321.12183592903165        142.53347572134800     
  -223.86621378900722        327.16158998357679        123.13475199347269     
  -228.88265917301339        319.55811402043634        108.15899499382360     
  -243.98149832873872        312.39471325251799        106.70529473249456     
  -244.03319210855398        307.77962845001173        123.52216287258254     
  -253.91288037893455        303.19830042671458        139.34758734360736     
  -263.22923813873734        311.11967086815775        153.23065681574923     
  -250.96353495963351        314.92483072665709        165.93049709701731     
  -235.36875878095526        325.52212523515931        163.44734789427346     
  -235.84037667698874        318.79095681277374        145.53498979678864     
  -247.52153532833483        301.15000387923089        139.47884985036848     
  -270.36778703041404        294.02646271008950        146.53341656526706     
  -286.11611282889311        297.14531258835433        130.03644504488923     
  -290.92889280636854        304.79625330583343        112.46202066980254     
  -266.70754083980165        316.56009227675082        103.94227462990203     
  -258.20784766547115        329.44699635262447        108.52800702010521     
  -255.73410293455456        339.70679304792566        117.98568196743608     
  -247.64782231929152        343.01867287833682        131.17598724178896     
  -230.35797245940370        337.11671244198288        145.58777398059087     
  -214.20965219218468        345.76908878448216        151.30779994045977     
  -207.45147220984509        366.47003886981224        145.92861706779564     
  -196.87315233698652        377.41787763971303        151.55850633364864     
  -190.70988423156240        396.57452136220178        154.13627263806549     
  -193.32695472037150        409.40067342297255        143.52665624290688     
  -197.86908442232405        424.81478457824494        137.63468745866254     
  -195.28945634038121        441.69850770449369        143.96326883027234     
  -191.54443570591229        449.21172033617091        161.41519086851517     
  -206.14046107545082        442.74112713739123        176.61474014733679     
  -200.70664521691157        429.33913854424947        188.66007795992454     
  -195.19864078217529        419.70552626711680        202.13927430847556     
  -190.20847398284059        411.09930632926654        219.63143855241219     
  -175.61840186897314        413.72043553003601        205.78773328705159     
  -171.51678908229695        410.09548022085545        189.11558490950756     
