   77.027504484750494        20.700218247317931        30.620215052661841     
   76.124147283299465        20.600293114921548        30.210817307313654     
   75.285607045582182        20.518041904558736        29.699637995943043     
   74.475680607187158        20.356435585513129        29.105888581880887     
   73.694423412412064        20.290486188954798        28.429133029257599     
   72.882619473681771        20.409366026786323        27.943106789504110     
   72.076975947805451        20.464358506448434        27.400359873219262     
   71.323814607522564        20.467277974235433        26.627867663486953     
   70.478325818065002        20.491238132783248        26.038530525882180     
   69.602235885761814        20.391693410106061        25.479023937310227     
   68.818968543278430        20.155963118651595        24.830952978561882     
   68.068783310632341        20.047364060554411        24.241404058443109     
   67.232811646574334        19.821198376539549        23.613131809915995     
   66.389932644883089        19.576161227763009        23.124389500576875     
   65.678944652180235        19.370638734689681        22.613140839365673     
   64.769126038173994        19.227743166253603        22.185801869341855     
   63.887176441567988        19.047412249943520        21.701568295155536     
   63.182236041106748        18.731473556771931        21.062204143125303     
   62.366296546897189        18.369981103420645        20.538911382149593     
   61.538469323204488        17.924903142951951        20.155230492739914     
   60.559561279877457        17.726152863903277        19.850267519561520     
   59.752461068109746        17.818956821691859        19.517958976446383     
   58.739471515738131        17.902661868300051        19.318323994512561     
   57.807190400991544        18.130963381218599        19.029708145348593     
   56.866168957031519        18.409288907717126        18.798909456435840     
   56.081297090257401        18.810615053492491        18.423249181195988     
   55.264176617120796        19.314711568181348        17.965517183358067     
   54.528614324152784        19.913926935020431        17.894043892393455     
   53.723232260749270        20.623303845977730        17.730476757459364     
   52.817785701711443        21.107906488341815        17.654553141599500     
   51.916685275713689        21.653443347398891        17.600529829973389     
   51.215792425474518        22.367226951352361        17.472626279556621     
   50.603970643227441        23.177014596302548        17.304570958862609     
   50.124944010526889        24.024835770432666        17.271991561244970     
   49.645409938331845        24.869498059348214        17.231583464293756     
   49.239542817840530        25.738744337390120        17.281910503095617     
   49.190693294421820        26.736204532988353        17.363891169359530     
   49.303037185071304        27.721905856686892        17.486567675438959     
   49.246897811589967        28.751486116222260        17.705168186911550     
   49.118431750009179        29.722262184700806        17.687972213534447     
   48.798180283348977        30.660876717256890        17.397709900485502     
   48.519699825835218        31.658505627062080        17.343989405477629     
   48.277792438658857        32.669876196324481        17.325103647240862     
   48.139789717842980        33.598364375724046        17.126294588994913     
   48.226715138545941        34.613454105759189        16.877329382648853     
   48.087541778818228        35.621094812827998        16.673977922226555     
   47.855293531209313        36.582581556396569        16.516326382472467     
   47.589913562175731        37.560767160146916        16.282772722998125     
   47.289405381583087        38.639000745054304        16.039943542533010     
   47.014864752811128        39.601225805020000        16.022116296844967     
   46.691608644577776        40.436730498709323        15.856045190023995     
   46.275892097440448        41.385703096114348        15.739987323975564     
   45.717626611373618        42.269494456287866        15.519807306681878     
   45.427186662521613        43.189697459796406        15.185995364191189     
   45.278857555319341        44.113755463364640        14.795674465178244     
   45.205237342045905        45.065973749541925        14.482790014245712     
   45.148953953561517        46.033596585764109        14.054458716200841     
   45.109499135957435        46.966257872050321        13.882130382093244     
   45.031106254214208        47.945980721874392        13.660845839358569     
   44.748883155105361        48.823899800662495        13.386502458580114     
   44.614311491991572        49.673371914470998        13.197398995823129     
   44.550958531553405        50.517703359848113        12.970637916561508     
   44.470497276281954        51.507618934272003        12.698211103275899     
   44.478197923092964        52.439913501018495        12.277227654332421     
   44.700845577005182        53.343187964840816        11.873483304749881     
   44.722496190335640        54.254831435369987        11.386724748928339     
   44.725062715821004        55.144402381571126        10.879610336612640     
   44.696985832892594        55.982351554568048        10.277504212567020     
   44.591690305739334        56.694929184549558        9.7036345185115440     
   44.366946305390293        57.487616058543594        9.0830013159077261     
   44.197118479590387        58.250786496897256        8.5275725421994277     
   44.250800981302739        59.110745173060785        8.0384256969907000     
   44.523299772130351        59.783397162763478        7.3175495755174778     
   44.941540599579703        60.260610549892263        6.5254129344361766     
   45.317000040422577        60.602476972171281        5.6982691898020814     
   45.779088028357862        60.920467700404984        4.8236751515063681     
   46.245250664361301        61.251250418587169        4.1370503575165447     
   46.761573358310656        61.500697199079397        3.2911573324139844     
   47.262123994371144        61.828648889130918        2.3507242736542597     
   47.839985215486784        61.890194157666308        1.5138127997178099     
   48.369151624643173        61.662799922972127       0.57278374073055671     
   48.793977421564946        61.407335769780651      -0.32781783778215612     
   49.223128399674266        61.133420125622024       -1.2207652687004664     
   49.633848037265039        60.891315669695899       -2.1040019228171296     
   50.014613866068679        60.648020376207100       -2.9996990064278850     
   50.295350298694800        60.534626897551071       -3.8379055238020872     
   50.524152219774244        60.519870412280362       -4.7329767838972661     
   50.700710294187196        60.475244990931266       -5.6864234281097001     
   50.975955810354485        60.352415843012828       -6.6570314800882251     
   50.993904080191420        60.105067837632824       -7.5787098156630144     
   50.944170345144748        59.867738450310171       -8.6031753465469905     
   50.785958525414635        59.459860362965181       -9.4076716739705368     
   50.678853867469883        58.911183620057116       -10.184306705335851     
   50.415994240466404        58.425794116477007       -10.848218542383783     
   50.084491468185504        57.878997991415709       -11.499523426552418     
   49.860826243764734        57.225617330001725       -12.178285280327971     
   49.508639551095193        56.574835350074117       -12.849931960225483     
   48.991217064897903        56.007896172297485       -13.368663240570774     
   48.495830298636022        55.382588815534341       -13.950830371569172     
   48.233609656459308        54.876965803146561       -14.742634032702879     
