   77.176953709799932        21.403280374297591        29.993254261150536     
   76.279242822667001        21.302185288885877        29.616695743596754     
   75.458675005087059        21.161186675376474        29.141821036711843     
   74.670334640858442        20.998077369776620        28.503060973658059     
   73.877916911713626        20.950149377406845        27.846902934444319     
   73.091703578064227        21.105262980581291        27.371023043218425     
   72.251117084388426        21.144040636999964        26.882586231793429     
   71.423238939894105        21.103617700700063        26.198740952558214     
   70.573695202108198        21.072012556575935        25.683981932987610     
   69.679694079317116        20.908031030402395        25.169820095164742     
   68.882663707179375        20.612331347524758        24.564529461568554     
   68.168208911583690        20.489430437162923        23.931728424760600     
   67.379397200909366        20.256745093662371        23.294364235985263     
   66.587720341340855        19.938559606012049        22.755701327947804     
   65.882777008180199        19.707169022652035        22.247142669107284     
   64.987701882635179        19.519693408436563        21.806119922667826     
   64.123409929169824        19.312543188917655        21.301219248843559     
   63.447861430414250        19.035021221581516        20.614079868206872     
   62.647493281371730        18.664624295237235        20.043475977370843     
   61.875103266220130        18.190714338697092        19.585844744098601     
   60.925515748814995        17.921866547285909        19.244129281229647     
   60.111705356537705        17.940538089958348        18.978677792866588     
   59.068917427877636        17.945603595085490        18.719040609833492     
   58.104366155933839        18.133166699796156        18.441402866300603     
   57.165945462368072        18.361149950968656        18.152188878793890     
   56.361687932601484        18.738186345179312        17.754626543134304     
   55.554770269342363        19.237930243902891        17.274566478148465     
   54.743431762044608        19.792558869994480        17.238456847783105     
   53.943250719617239        20.526012046323174        17.219304433962456     
   53.072949862937939        21.023119008906672        17.266286568575349     
   52.178710733801438        21.582266945902965        17.280461370027208     
   51.481315152794160        22.310753726219144        17.273861862888683     
   50.881606757826148        23.146365711792100        17.294524982962862     
   50.414521192090632        23.976695523476952        17.454929111426136     
   49.896768764153201        24.854816965951258        17.560360587087388     
   49.521593700466255        25.729970481207097        17.687639880544811     
   49.507974922761434        26.724161995750055        17.811864309248534     
   49.680153893715406        27.678472350738605        17.905579653609426     
   49.692572624741217        28.715901425315423        18.091482891984253     
   49.598190034839753        29.725854824293503        18.000372713219861     
   49.249993040955381        30.707796629933291        17.680172784291354     
   48.988048304133279        31.690225111283567        17.616444028637400     
   48.802174536102576        32.702589378286852        17.572938763941359     
   48.693422615780705        33.605740951244236        17.319293968716121     
   48.768588823422618        34.608593123479643        16.935953166098379     
   48.657968715742108        35.603115388286732        16.662549633502898     
   48.473704066361620        36.568736297122413        16.470526681826826     
   48.231582919394370        37.562714674609317        16.282896059373357     
   47.997991677731513        38.608383622747631        16.115804987241440     
   47.815200140219915        39.568897008805664        16.162843412847856     
   47.546105946130609        40.433834806654005        16.040660707514405     
   47.195791644472358        41.412889974956926        15.966031397359455     
   46.674671475433314        42.335906982705019        15.832989546445011     
   46.370848260596112        43.195890503959333        15.407987578730850     
   46.189392223840962        43.998556638854325        14.821351754826029     
   46.134831715209565        44.900831083315531        14.277186981706777     
   45.906923133955686        45.651692537003157        13.565011280183807     
   45.685544393014922        46.452985785438010        13.106719456803038     
   45.420531993550952        47.283310684132090        12.584609218246543     
   44.978700221973646        47.982127480488430        12.092576853556126     
   44.598361575467059        48.611579269074277        11.608215950821680     
   44.278596973966039        49.279283281119426        11.138906110478992     
   43.951727922336183        50.094203016658007        10.435114379736564     
   43.867095722101979        50.843655943300952        9.7047393890302924     
   43.991326283928061        51.652866824580656        9.1062155785324954     
   43.989509978577019        52.393456073519644        8.4003301795061809     
   44.023097578512484        53.179151054458245        7.7445380229390528     
   44.157976255906561        53.894304923997439        6.9927683044355380     
   44.174777992932619        54.510687037540045        6.3086840667268138     
   44.052741341857931        55.114821207725441        5.5211110147041653     
   43.869229609623332        55.717487316518451        4.7566595649740169     
   43.757240644400795        56.475251469204117        4.0856212096956268     
   44.029519622362763        57.181151840560297        3.3971827617259622     
   44.554351569363270        57.863014244543351        2.8701961632170869     
   45.119982585618537        58.414494438122105        2.3063341533000639     
   45.778084651760608        58.984387084197223        1.7391638207296634     
   46.354291164850615        59.502559952986353        1.2882818712219803     
   47.061014898743373        60.053352723503224       0.79683836643096728     
   47.713589845452631        60.638359669532555       0.26834414255709937     
   48.453651863983836        61.209392309366393      -0.15674659537294333     
   49.424776333960011        61.508172867635778      -0.58675631412800777     
   50.329983317899831        61.713048751675039       -1.0288516464730428     
   51.270176263483030        61.876667787224712       -1.4107174511637417     
   52.128834831920251        62.095725844717514       -1.8464417544597633     
   53.041790567584442        62.277142106960717       -2.2206722266540107     
   53.814347566785131        62.437799744747643       -2.6779029473531537     
   54.538675215364712        62.682239183132630       -3.2654475122335969     
   55.298507139399199        62.878526557296894       -3.8367192507195171     
   56.082206998453437        63.000997176043093       -4.3596844672726807     
   56.927037960875182        62.890814040446209       -4.7899337577859438     
   57.804465087826287        62.711468381387860       -5.2811367137666050     
   58.620196281757394        62.398631299974141       -5.6068730150180022     
   59.481174036594894        62.009406458904955       -5.7582033711107581     
   60.169040739488551        61.527981160793381       -5.9595641479637109     
   60.922496591200797        60.936278948413744       -6.0608393876070146     
   61.744738696230385        60.404557925257826       -6.0451099995551418     
   62.573815067063109        59.768691180586920       -6.0243014467992175     
   63.155640979342010        59.052946785446267       -6.1104221200133493     
   63.818942361860948        58.263298456424145       -6.2007687329298369     
   64.681780151429564        57.701734045806958       -6.3544053527732567     
