   77.150320838914737        20.236724229782499        29.383468438044893     
   76.240934608614452        20.172121502843975        29.027456440879035     
   75.404461989358211        20.060898878403208        28.572856369887344     
   74.599503233285574        19.913461231263142        27.959433722900421     
   73.832589239152711        19.894786701180255        27.360302137134745     
   73.040972013821218        20.083721191105674        26.906100382573893     
   72.198805497329346        20.165476718745765        26.415488490136614     
   71.285582373331934        20.234282832576049        25.877518522958972     
   70.378244933961511        20.310696065925281        25.479272261631209     
   69.412670362371841        20.260245046102654        25.084796932555300     
   68.477094427362687        20.125365109683884        24.683602501922667     
   67.623937332669598        20.150041539660418        24.189477422368867     
   66.707170740747060        20.039613087459255        23.709952588820634     
   65.801485752787457        19.914346444221785        23.314087249666056     
   65.022335982539161        19.830853616651108        22.790245061620816     
   64.096238786135842        19.782021447469880        22.395446447025321     
   63.211752049878335        19.763545748157206        21.959473382478485     
   62.472873938649748        19.636768362631290        21.243208096398920     
   61.717706835181986        19.344562135491429        20.574096727533448     
   60.917980097422749        18.891828227331704        20.019361597612701     
   60.012939770304925        18.691631406068865        19.587727979956959     
   59.227010311526932        18.757228386943261        19.254392719770426     
   58.196887140474146        18.823489485479442        18.955562484359852     
   57.285638045483594        19.037463347023184        18.597467710310447     
   56.396095055595012        19.306655056476533        18.206950637445789     
   55.648014011816635        19.727990654585966        17.748809291149641     
   54.896325717805915        20.261409763018655        17.218011298508980     
   54.066912081483530        20.800096395933089        17.120946411182416     
   53.272994852947285        21.561814662992301        17.168916776273040     
   52.412548830482180        22.075216821365064        17.221804398271441     
   51.522213194537557        22.646091896462298        17.267192190833804     
   50.850976993892971        23.382229196888776        17.268315975035478     
   50.236875839139707        24.242894292146456        17.337525909875350     
   49.727169232259072        25.050383816396941        17.484174637954077     
   49.186959106391129        25.914425150886558        17.593198638208651     
   48.779726499379990        26.772980700931424        17.734244706903333     
   48.700113114806570        27.745888986564907        17.960397584675516     
   48.779082328209036        28.677730856432309        18.233474515855178     
   48.664036880495686        29.716322880348809        18.572788091108148     
   48.542424773244967        30.726661359368325        18.613305485409551     
   48.256243873033064        31.746770699093247        18.357461239707433     
   47.972438045187658        32.725118468260455        18.368951020418333     
   47.716710757558616        33.700586061290075        18.413899060171566     
   47.571190476534539        34.704081748243972        18.298192353892141     
   47.659507654292064        35.757002198488514        18.093567793660590     
   47.542843262895815        36.777660108793441        17.949666143329061     
   47.365830727330952        37.776087283339059        17.829923135041739     
   47.116033060715679        38.832104007376060        17.727638321345598     
   46.878648851761717        39.893162598718604        17.627641460595086     
   46.638108765966408        40.856746581517825        17.693918200193242     
   46.312734291079330        41.715275595923615        17.734251898399396     
   45.902788332194305        42.666284626028883        17.854105149974814     
   45.379954504106749        43.550489179031814        17.925044664350459     
   45.036635750501482        44.494696777168308        17.869267246804107     
   44.791512828301578        45.428446174590583        17.570323066234561     
   44.745396351627711        46.478639865886819        17.480002504485650     
   44.464910365371622        47.467536829140251        17.276218893204522     
   44.248774434851740        48.391868490995918        17.273563571219533     
   43.954670723264250        49.367053449446431        17.290813886382157     
   43.559020046136986        50.264916705816852        17.459210705224951     
   43.188073377311078        51.060821680308749        17.525591159758726     
   42.891307429716633        51.882628930746250        17.595538209685596     
   42.556394178361245        52.947775087070717        17.500231356058478     
   42.342666129798047        53.865681884284655        17.137079858163432     
   42.380717023457571        54.765390186068373        16.681792438089193     
   42.303169502445186        55.717837098606687        16.316304829614275     
   42.290482604050304        56.689959296581314        15.994861899421933     
   42.277740074613732        57.680946268253763        15.659336230790862     
   42.161205305649005        58.577486639043066        15.407753140863337     
   41.912277505161796        59.528890503028862        15.226072129745205     
   41.657716689865033        60.485317690180842        15.148655469961342     
   41.512172694004981        61.488769090143819        15.054089372107901     
   41.543731694970788        62.447745272519491        14.697291208310190     
   41.810943259118055        63.247916725167713        14.185836653967607     
   42.025027894338834        64.057301248435095        13.720358747589732     
   42.288527104305935        64.866931209488158        13.168662348480423     
   42.611926467136435        65.614669305992450        12.794346717995468     
   42.997729693694069        66.382690418630347        12.365887583132537     
   43.385686008736791        67.216145917285715        11.891276813478665     
   43.864752723258945        68.001453462530108        11.434922406333078     
   44.521882410942716        68.593011130869542        10.756331552100390     
   45.046670595405068        69.159641810346699        10.085722805084398     
   45.633499091771128        69.657705530779992        9.4044590509101678     
   46.110117917097654        70.206651153400458        8.7361553497860527     
   46.649179221710753        70.713589845088151        8.0958866034393271     
   47.237445176946231        71.154622917391421        7.4847618970024312     
   47.659102576417816        71.697348156403194        6.8114850194434773     
   48.148752022269768        72.236132158676611        6.1374526230704225     
   48.694062476715054        72.761834485814475        5.5356094927375787     
   49.418381293656175        73.125791007352476        5.0246627478743724     
   50.161461466274140        73.396425638860805        4.4136979305587145     
   50.882473128151517        73.453806602489436        3.7971064528233858     
   51.709815383982658        73.434991857196394        3.3166583859301983     
   52.400485039549324        73.329634030299658        2.8088685095934096     
   53.258421206130706        73.281513546500619        2.3733299281912781     
   54.222330863546802        73.266010847652169        2.0397210632096492     
   55.186166670298739        73.146442280684695        1.6402173955922916     
   55.959853743318824        72.947324471980480        1.1711879583202789     
   56.765794924606169        72.741760544944299       0.65051110249886746     
   57.606220110557651        72.800965768177718        5.6087662176516617E-002
