   73.665137058621468        20.350259034684804        36.063802389065543     
   72.933174785089705        20.222403489179257        35.441501611201446     
   72.223665329250508        20.029701610748280        34.826537825582797     
   71.576236404305632        19.746304012946940        34.087277796016870     
   70.988889959866313        19.652203605093980        33.344628626339230     
   70.349913637426724        19.762787437796028        32.655275549963555     
   69.634269103187080        19.811876096409573        31.990390867474176     
   68.821270021126423        19.845803546245076        31.307746112271758     
   67.988682865966538        19.939548266575823        30.773226840169738     
   67.070288522982366        19.926866104296309        30.276355289881465     
   66.107654879641601        19.849948570612742        29.927253499127179     
   65.255299070574651        19.846537195250296        29.431145158204021     
   64.313131504972560        19.743247123620559        29.001900551318528     
   63.382822218154729        19.659356078035515        28.655269162955339     
   62.583268247441644        19.508431959109025        28.193960503381689     
   61.649169013427283        19.496877808726314        27.815500906274949     
   60.760356042605522        19.486590211530558        27.388141199079925     
   59.984633949363065        19.204250684445505        26.760774516607004     
   59.149056570389675        18.812009102567465        26.259447435273831     
   58.222423626600332        18.367621238742672        25.949394657472531     
   57.241124363495459        18.251679668970159        25.686537948460959     
   56.430798618782489        18.312670469956139        25.378699318906101     
   55.445298015580072        18.549767649341131        25.144571481400867     
   54.572984076822884        18.865313212823679        24.773896822221172     
   53.691051252176194        19.143687325178067        24.372702557707406     
   52.959773448111861        19.516421877136288        23.849879304073692     
   52.241647224846787        19.884541305038393        23.209632421132596     
   51.475925354637312        20.464748072095272        22.955541913843703     
   50.784043217040093        21.297555350520355        22.754167673332717     
   50.036005239515617        21.938867131293303        22.637316588466923     
   49.247631241202569        22.636730165320483        22.527273086904493     
   48.679799823486618        23.397046794516687        22.287990120850175     
   48.126443869028705        24.253399463584415        22.025005567608218     
   47.730653808624339        25.091546270446972        21.863397068643174     
   47.284032789159724        25.976180373686926        21.602182963385488     
   46.921607582515392        26.909906586278272        21.410170900712956     
   46.933831607428232        27.903611185305223        21.281969143822671     
   47.100781221989479        28.861688069506961        21.224064674202332     
   47.071306740928620        29.954562783514771        21.217358860638555     
   47.048374460907993        30.894977069857777        20.978043465405200     
   46.877347393462543        31.804368049006630        20.526384850957484     
   46.675291289968868        32.753763175172487        20.242712222526251     
   46.447829447306219        33.720556056419866        20.062361364838708     
   46.354122710700238        34.695867665838861        19.776784580331203     
   46.485135139279123        35.682088677695916        19.483972730026871     
   46.461096553387705        36.693402265152628        19.254347362809249     
   46.362218961097270        37.687134152772700        19.041629695649490     
   46.223906383444586        38.707715950878452        18.800147416737744     
   46.063207793238831        39.765579230412150        18.582668190137596     
   45.811112142749039        40.727765433176309        18.545362356709312     
   45.449702626985214        41.571873953475396        18.507528607629645     
   44.930714296636225        42.487147138209586        18.534134837892751     
   44.354225939331229        43.376597878948900        18.456990589337103     
   44.026259938219397        44.305133016166906        18.357758144897247     
   43.875784044234180        45.260721389605038        18.065271097064524     
   43.826553860728751        46.262865509462436        17.863976741168038     
   43.607266549999707        47.235292252120040        17.529043870646518     
   43.399956675673621        48.156275573025120        17.429428857084552     
   43.129743215070761        49.113711747671452        17.223766580742392     
   42.729690570037960        50.020655934341050        17.149613354777152     
   42.377887343722037        50.861267322169965        17.003838726734156     
   42.073627024415096        51.733768078993521        16.864308017465593     
   41.996659899645508        52.816249402386056        16.584849858118776     
   42.044528673595885        53.687837653173801        16.077488109087149     
   42.310990504914905        54.536925933201012        15.579345792914260     
   42.483779197847134        55.417444314790032        15.087836506688424     
   42.748453865993056        56.304710871077361        14.674427990353418     
   43.060031791829950        57.195418708318819        14.160987118031038     
   43.385118789779561        58.017247691577758        13.759378210177649     
   43.630353008883887        58.927037406936719        13.424288366000255     
   43.832638783918959        59.862781620401513        13.161589404438377     
   44.072503789773911        60.752598800848297        12.808178097171840     
   44.486527430731343        61.552686719149236        12.235595951032543     
   44.889836285610670        62.313551432800388        11.644566237363639     
   45.227779428841103        63.061818019784980        11.151112322986382     
   45.605008552757830        63.772692850658757        10.522237465165457     
   45.896392918704457        64.530515224036634        10.141958617793824     
   46.257660873963516        65.279406036810272        9.7276746629999060     
   46.644960562962225        66.159899390680792        9.3466970285076965     
   47.162188580419908        66.989063157570200        9.0313641438658543     
   47.932954094554731        67.643195413149456        8.5620274168924855     
   48.577862108654010        68.200568075542705        7.9889455866811367     
   49.254384604323278        68.639544747870232        7.3516291421135129     
   49.813776588378857        69.068839214564122        6.6603090229022150     
   50.397241434326716        69.448929330711977        5.9814395788203534     
   51.039369140354808        69.768396730034837        5.3180395555997180     
   51.492830042118790        70.187263080606215        4.5800886138864438     
   52.033665126117121        70.574191726656750        3.7607805246788968     
   52.595642642154040        70.970749577032848        3.0804389010893782     
   53.303107242103614        71.356029150942433        2.5615726717223510     
   54.022111765153831        71.655271463412319        1.9353332694422278     
   54.792317549164636        71.800235089174251        1.3976493107376944     
   55.704108316760554        71.880425889614330        1.0156448984717910     
   56.444511393043136        71.789115043246113       0.56106250284585624     
   57.325883745972220        71.735237217130347       0.23705621985010122     
   58.299509791780658        71.731567498657398       -6.7403781160932985E-002
   59.262989251544873        71.609855394130179      -0.41922700866271073     
   60.047729852613330        71.401811317933451      -0.86546467305623520     
   60.904895368300956        71.211218634022487       -1.3202334379394636     
   61.734237037181600        71.208145810326485       -1.9026174841331371     
