  -181.64842093826991        422.21188244516219        209.08079346964314     
  -177.61580763951386        403.37435466910256        213.17146241988678     
  -178.23023987022466        392.83419266750923        226.30231362141066     
  -178.97681339485482        373.02353848270184        228.96456598932156     
  -195.33868541314195        362.63536604631361        219.44222795643125     
  -199.38554598333505        361.99245340568945        203.97042248289094     
  -200.52299279955588        362.93304352696333        186.44110518029117     
  -206.84950226622590        354.73117545912856        177.20393364289961     
  -199.56562830433919        342.82942349729808        174.14839971767151     
  -189.20951312055288        327.76670804071256        178.33083001963027     
  -172.11730375911628        328.28511971176891        187.06495728764659     
  -175.86194374040656        339.41931815151366        203.95093207176936     
  -185.87425229937742        340.46540397410331        225.48799259742506     
  -204.70181958888037        329.68072062091426        221.38392215690922     
  -211.58399491252311        317.12851103431410        210.76828825906790     
  -216.93479911313395        317.37687312084535        197.67430719333126     
  -233.04858736193151        312.75620149245293        188.87728786769307     
  -249.32539847753407        298.76847013967466        188.56222662719060     
  -265.59475063582505        292.28866146121652        177.57746052988767     
  -282.88805167169738        295.11608921308726        162.59326558751656     
  -284.12007748485257        289.19362247610582        144.80617168226652     
  -273.63284559504183        282.86202733570127        130.50181607636142     
  -269.13677473545931        268.44444616037271        128.90196495263379     
  -256.28703777826223        271.85044698809088        130.91386083085078     
  -242.12522085265852        272.66818841614668        139.38159189383265     
  -223.99361462520775        264.64784167027000        143.18102268661286     
  -214.40922126722833        253.98205718072916        127.27702251339929     
  -200.51414575576905        249.78660149353340        126.06765841716751     
  -183.96101747260857        256.80084382916624        116.93441827837688     
  -173.56095378816906        271.35476597144964        105.63803051068700     
  -163.26541772629952        277.18517967609228        97.542827030901520     
  -147.86249595736339        281.84225218127762        92.051125068052201     
  -133.12715393438154        294.75288196690161        83.017508438719872     
  -127.39208693106215        312.10379497107090        86.602485558848528     
  -133.65557704826185        326.67283738108165        95.284855916706675     
  -141.48830170327199        335.49583102677826        107.48262030327042     
  -157.66602929115066        346.03255612335079        114.67325456074614     
  -170.28112567850778        343.13516162703792        126.72530405280098     
  -185.62368151926501        341.84284452256298        138.63141599559083     
  -204.30109354394963        337.47657532886149        146.48651245260237     
  -208.24547239789388        336.50414100341260        161.42045165969228     
  -205.29802572629129        332.91027361281834        177.84642664326654     
  -218.05974341777630        331.35504676986193        190.27617676435199     
  -229.59401995481414        341.49977500574130        204.19402416149043     
  -238.51947110858177        361.73605480140441        212.31679520698015     
  -240.38262122288307        381.14125255025721        219.45858791430916     
  -232.02326450010978        390.52654673318085        227.42677029085522     
  -224.58850331149574        405.07500710424137        223.11183840829025     
  -212.42694638502999        415.99011235538319        223.07554902013123     
  -199.46945611458784        419.07150365421143        214.57402042484296     
