   298.39049497506329       -135.32520407112696        33.415495567880953     
   297.69906425830578       -133.33893262912045        30.232820023990243     
   296.28667786134571       -131.40374037584095        27.271461518866897     
   295.64549206231095       -129.92750237338942        23.271440909471906     
   295.46748941039675       -129.06970540419874        19.376956847970160     
   296.22337705172095       -130.21965151997281        14.845236563316394     
   296.35831520411466       -130.68909491262272        11.030861628624203     
   295.05513723834491       -129.64593015991963        7.0953722939773893     
   294.63430174680843       -128.41401456544892        2.9036886203687269     
   293.34259033209963       -130.00148099624411      -0.50107648811605987     
   290.72480297409334       -132.23389751819158       -3.2479183756587733     
   289.10586434230572       -135.76983390169332       -4.8239638396647146     
   286.44362347581313       -138.43089262448282       -6.8866343267858650     
   283.05023180753756       -140.43175192701810       -7.6263056253370181     
   279.61111946418981       -143.52680933064769       -8.2095119331653397     
   275.42213565166628       -144.47761320773211       -9.4899925484255707     
   271.53406898109506       -146.34458276335607       -9.5394188958465804     
   267.15290341086092       -147.00492708855302       -9.6155601151536025     
   263.07877852589587       -148.78687089429542       -9.4145068653890505     
   259.08508018601094       -149.44026728564612       -7.5043909575428742     
   255.18106714982173       -150.33160160308324       -4.3588720819801363     
   253.10092925154228       -150.29791169518424       -2.6216268254330821E-002
   253.43712496073550       -151.28903576420899        3.5674238667156102     
   253.94298533740539       -153.29947808822436        8.2332878207476448     
   253.90104259964542       -154.10485948644842        12.635662758472742     
   254.51295450605318       -155.05981714303854        16.299984028137143     
   256.95881515152399       -155.81140912201633        20.901213290217338     
   258.94511698393046       -157.44222967371158        24.390258937025934     
   259.52988407266520       -157.79339143285813        28.771570567734862     
   258.68879548859564       -157.75467704728851        32.978794526038691     
   258.81565875602394       -157.33724561749187        36.872325487566123     
   259.73739262872442       -156.44525034282984        41.094106546465717     
   263.11445513194047       -158.13510558193849        43.536930027287937     
   265.25006878403303       -161.04027292378564        45.567671289464720     
   266.36625291662330       -164.91149484658004        46.549711495265605     
   268.53473416978346       -168.77382961369688        46.522291125571861     
   269.73128916146061       -172.48960280494336        46.347492119495769     
   271.10541869412850       -176.56001210708396        46.301829472823236     
   271.73171492591882       -181.57221327818004        46.532873045737155     
   272.84448730792155       -186.17879568935786        47.010012784875109     
   274.55143920863361       -189.17443512814253        49.233897579089067     
   277.21540660231034       -191.08448159226452        52.627847502234445     
   279.50932040363028       -193.22073706753284        54.298243779761812     
   284.21632023452543       -194.43951868501091        54.856392574729497     
   288.46656103007524       -195.13022893362810        54.553087076304159     
   292.57031451739363       -194.87081848202286        52.259363371239345     
   296.19421836146932       -194.81153710052908        50.475383817616191     
   299.31339918404751       -194.52334898451238        49.123847929142791     
   302.79957344418528       -193.91170191636530        47.465040750300787     
   306.42485292735671       -193.49305745112625        45.572213830011925     
