   48.693341423935344        1.3511271198332806        58.220875158146242     
   48.508709931469689        2.2392465709650367        57.783897377054771     
   48.374088625899525        3.1458843836595465        57.367148640601478     
   48.205563067615564        4.0706247582485231        57.006248509725246     
   48.094960308145552        5.0067900293742600        56.652474367945480     
   48.091885595605632        5.9237266482296791        56.236526881114365     
   48.097514619562702        6.8337517864005477        55.805693861671024     
   48.085388358935795        7.7807546827756031        55.463885440597501     
   48.063056845802642        8.7306832894882511        55.130821671438369     
   48.095491706881553        9.7065425693170084        54.884973803000868     
   48.182401649641861        10.663887269550989        54.585420276165500     
   48.339975282244112        11.628850946477472        54.344982797436749     
   48.423394344420068        12.607828430332715        54.124894463292371     
   48.505244762755552        13.598442838750618        53.964338767319155     
   48.543815895934294        14.602632418201077        53.901808095926491     
   48.585489538373288        15.602551277806747        53.791263487794360     
   48.597832154110293        16.605386851557491        53.702027841816943     
   48.561233213126187        17.607370975491857        53.609925390390615     
   48.554995101842188        18.611159372781426        53.531411263695034     
   48.601681029233234        19.616153277258743        53.571438814248687     
   48.593791778715371        20.614986266929527        53.698186386722099     
   48.617557332562029        21.614838477615137        53.814484640766899     
   48.700235141329081        22.614746790393770        53.898996619976259     
   48.767135856322980        23.615923986229312        53.982441485178136     
   48.809868671519183        24.619560308374169        54.050870777394465     
   48.826929387758561        25.622975703881426        54.132485755656859     
   48.835609060220634        26.626694905336322        54.211649867304828     
   48.836270273013902        27.630936555464874        54.284401496847494     
   48.809100625227821        28.636034687444333        54.337637612285391     
   48.848182095523455        29.637827369378719        54.430796561176273     
   48.895559567053475        30.639034325288016        54.526371323988428     
   48.839741770184595        31.641976101463339        54.457185373020472     
   48.736667850464201        32.641962396823274        54.400637120862690     
   48.647365577176579        33.644791389479423        54.388241793909984     
   48.624736928997066        34.648293796210190        54.309087560774337     
   48.651377927433693        35.650809770933805        54.219385240388853     
   48.677167852840682        36.652653708531133        54.122235185817040     
   48.698299206542167        37.659255659992837        54.112209924688393     
   48.733670745438594        38.665488567704244        54.118432330253874     
   48.811313171994797        39.666450982258098        54.042009644450971     
   48.937914207677359        40.660447647856969        53.943331707713391     
   49.057494059989224        41.659139021236726        53.897389044379032     
   49.101990808128967        42.665023121769373        53.900816048441939     
   49.087642158736493        43.671794425235987        53.901248983986463     
   49.042177522214729        44.677638828575581        53.903377775367709     
   49.021507285492319        45.682401531676447        53.841578257349283     
   48.938615638915266        46.674283917115915        53.689614982051900     
   48.890352636688512        47.666460643909538        53.525144455569013     
   48.854438120050212        48.660866167542494        53.371318805175868     
   48.782472900738057        49.644418234469860        53.168240328944073     
   48.518504353106067        50.545710857760554        52.805215892136680     
   48.368154939287102        51.482282942514416        52.467543991498566     
   48.215064904601142        52.407057347851705        52.099916096516331     
   48.112796715992232        53.372942203424365        51.834581982557708     
   47.945452503698114        54.362496291429530        51.753507016136190     
   47.742507524624891        55.345732050430840        51.830026989649447     
   47.343446010387609        56.249642290689991        52.023652179296043     
   46.834955575857698        57.111516126242144        52.135032151636054     
   46.160814792930239        57.845913303719797        52.276416447663848     
   45.332512628054388        58.385361454071614        52.468003883055573     
   44.467599669154552        58.877813966318513        52.620354220649418     
   43.509216884070710        59.147369346115738        52.770809739437404     
   42.529473846329218        59.330824904142716        52.628534770161707     
   41.551664477729666        59.468664632604167        52.431853361296987     
   40.615240984439694        59.633318472329023        52.100500553952592     
   39.678050715943890        59.821871268472009        51.784404409782148     
   38.759573000699824        60.006710667286690        51.415585196749397     
   37.800900113970506        60.243581894375311        51.219032794871453     
   36.814237315604657        60.391363630811242        51.083196093817556     
   35.828974833587083        60.598422168608600        51.069812069363955     
   34.869441943092049        60.721953768609517        50.790829803770770     
   33.903737554530537        60.827912497368793        50.526288105037324     
   32.935165411163709        61.048453331000346        50.361897495659377     
   31.963572192934421        61.312176398271319        50.377749648067351     
   30.982300171365551        61.537753484165613        50.381587181415526     
   30.006012750255479        61.774232508348099        50.312775328075354     
   29.065622333704933        62.124694962067252        50.394239808981943     
   28.136465129075944        62.511719524003581        50.368289737683000     
   27.184358230128534        62.838490928911583        50.345763518125558     
   26.188703921467013        62.985432017817338        50.375349709012511     
   25.188966326720092        63.103858466321000        50.358190262617953     
   24.189657723158003        63.117083988616130        50.235707900364027     
   23.207250188990866        63.033072015887328        50.031717817502539     
   22.202222268552173        63.026504238954338        49.971135046836693     
   21.196678853498192        62.994214235005053        49.930708264342563     
   20.201582343875380        62.918426890754617        50.064251304760141     
   19.257378181228269        62.716917702324380        50.350025822298548     
   18.283081560707640        62.567234693681712        50.555295451863749     
   17.286921454268921        62.427709185251800        50.599929558708794     
   16.321457252160929        62.150809948209648        50.670641761545163     
   15.381969079635754        61.790794162423929        50.709949983672296     
   14.531438373545805        61.273123806735768        50.560252122979854     
   13.619225534321419        60.849222130344096        50.515871571355028     
   12.729487317795865        60.439895194197732        50.282179692900868     
   11.827780397172383        60.015039394030225        50.139994225923452     
   10.989187787301478        59.520804638490368        49.882527782006541     
   10.261231891973470        58.993758678967652        49.428548377557092     
   9.5309749104950434        58.530307499853770        48.913056113564430     
   8.8713589121178114        57.894248352274580        48.495767215890574     
   8.2181155606402641        57.303491408527506        48.007839059477064     
