   68.714647828147406        11.609198129484575        37.144658525343687     
   68.051777809806495        11.845403542040989        36.440799769958502     
   67.407378355165477        12.042188884403579        35.705063395512084     
   66.699471441853547        12.113536398510899        34.909650832443198     
   66.132496062817040        12.411665675847805        34.123121746078311     
   65.583746704431249        12.884434078779771        33.501924379609179     
   64.934288298121544        13.260708803914325        32.867274249319173     
   64.279823225335704        13.651430241652006        32.187854883784681     
   63.575337994445654        14.117186794879684        31.634215717736183     
   62.802674422805744        14.488737703564654        31.112565714776686     
   61.945587925349173        14.721987339180652        30.642810065097827     
   61.110895646165268        15.076751862895142        30.260173980515145     
   60.207714940002532        15.341965335360506        29.816861540865101     
   59.249460781965318        15.579871543914372        29.440656792475050     
   58.394817549746925        15.849209545876738        29.214070203578753     
   57.469424660927480        16.220844127999833        29.054066897336909     
   56.666291877449034        16.635665060021697        28.905751645256771     
   55.768920441209801        16.852163599111897        28.428544345852220     
   54.834237888221807        16.935467958109342        27.992289589410515     
   53.821330508049257        16.780461708538954        27.698058685218840     
   52.832720187264961        16.909684790607940        27.607787274241723     
   51.997103951837637        17.272227711407169        27.566752287416314     
   51.121286691603025        17.833408136854661        27.582969945975449     
   50.353763488885626        18.412213645109919        27.518409184277015     
   49.586910654679649        19.020995238134255        27.487236530802637     
   48.826533746422811        19.623764439501233        27.412814257563866     
   48.036554334393870        20.200281521207430        27.409455900448915     
   47.526041917449930        21.083126815910020        27.532888650478665     
   47.135435193914766        22.096426825170141        27.437505846818954     
   46.813342199801127        22.983286448843881        27.577865745066141     
   46.498996596531150        23.962384204686273        27.754721211509150     
   46.227206847996634        24.915881380771786        27.740585892995661     
   45.957408933204476        25.864826302873581        27.669197419787260     
   45.832538159581198        26.823676402953815        27.668246238931243     
   45.731308480482284        27.838655303475608        27.683959420206079     
   45.624107501167117        28.943944111482971        27.637412213811626     
   45.802508655533401        29.920552296092904        27.243092221521966     
   46.056591542315481        30.776391094115308        26.817821806167810     
   46.295782772513455        31.714452711254211        26.543508067293416     
   46.273707343529608        32.636765831166421        26.143582812554076     
   46.076369337919886        33.541527597086443        25.667121792295333     
   45.927172218071064        34.400782294145685        25.306302144688956     
   45.815579851599132        35.341580546225636        24.957877705828402     
   45.739943427092562        36.233328741257289        24.479119830127512     
   45.843566545453363        37.005816849859954        23.918217854590964     
   45.813025869835791        37.910981692737849        23.382566991025676     
   45.809579962274739        38.789810184839006        22.912768592353363     
   45.756973704354159        39.772807757275999        22.475991854196653     
   45.721343837294825        40.726164242358124        22.064645139131553     
   45.749518596282343        41.688512362329554        21.798735283841285     
   45.793334651803320        42.664725083335306        21.726520999688972     
   45.583296860613267        43.636715040448671        21.576544158660717     
   45.263133299376200        44.596930113370433        21.438689060997103     
   45.216095386532686        45.541834064748535        21.209884525401055     
   45.140010912243135        46.520590449471790        20.867915209965979     
   45.125990291940269        47.459431380958357        20.693630724931495     
   44.825823407675983        48.446473664299951        20.468527035199017     
   44.433669076895157        49.311235115474403        20.468112169398111     
   44.025803584622693        50.240664776174036        20.425655594549831     
   43.439004295186550        51.130903839951451        20.506525763987515     
   42.989827317590837        51.939239797834219        20.540912309434908     
   42.513313059254536        52.731025405189278        20.401950282323064     
   42.055636568781772        53.708971108286789        20.194281215414033     
   41.641322345979553        54.537700304787634        19.809624074186065     
   41.420331703286259        55.321422129349131        19.384212243932602     
   41.038048848872918        56.149330628509411        18.911829943442182     
   40.528618818731715        56.840428523585899        18.429001842885917     
   39.985727610764549        57.588039401434628        17.843827957398148     
   39.630832253950310        58.295075314976103        17.260186797067860     
   39.330571799029968        59.168015551811436        16.750260727502358     
   38.964760355763865        60.097832604404559        16.457492482463376     
   38.720067490158051        61.002038103240238        16.248500869380440     
   38.563848596227267        61.932943083812980        15.852959868341889     
   38.419588793464143        62.890953272324019        15.462710133736980     
   38.387555921287003        63.803374867740473        15.193107353793636     
   38.260371609517144        64.793378313634449        14.944841987216053     
   38.092850264593373        65.645356291665081        14.858668050014456     
   37.915236004445482        66.504641874730126        14.648669069602803     
   37.863815602258562        67.473716132899582        14.471915380616752     
   37.957907991789448        68.429595487388539        14.108716420821930     
   38.269940755585942        69.365902973206076        13.632297184625335     
   38.450886323158684        70.232365487078724        13.129241711999901     
   38.441027345783588        71.096170366476997        12.572757824223505     
   38.412198736566893        71.849525779150028        12.038441427608308     
   38.313131433017119        72.531397016280920        11.332635258250669     
   38.222346063479144        73.197900283970071        10.614811739163084     
   37.974674844986694        74.004709812137804        10.039746890743702     
   37.661581575433601        74.747258130471607        9.3536736680488080     
   37.375634814888528        75.407936064906664        8.7073914548487021     
   37.269251433668607        75.993672408226914        8.0152348999501051     
   37.152464060130704        76.632391816719476        7.1942268802342699     
   37.068868887821367        77.122145044121694        6.3193804459196041     
   37.044666089288725        77.414945532691391        5.3621135220516392     
   36.831123638565145        77.599966700598600        4.4165886405998966     
   36.846989901928978        77.867059197014427        3.4602117347870269     
   36.929695961049397        78.114004126124343        2.4738877789299587     
   36.925854459373518        78.378064531570260        1.4753170832221696     
   36.737112413445161        78.455437806345330       0.62541966261609794     
   36.583985530670475        78.717779907406907      -0.34037653460828959     
   36.499056513771158        79.036721572628153       -1.2614249893837948     
