   62.861275656924981        7.8675197761920677        41.313431299009800     
   62.454824264062189        8.2511363917080480        40.489876587282311     
   62.102881871508785        8.6281042086486810        39.628775724597297     
   61.692943395269793        8.8275434529313053        38.729016211954175     
   61.406218711820955        9.2727947470295078        37.863851261703608     
   61.100872951800760        9.9163208701113810        37.223842165708618     
   60.702061798064705        10.410393825611365        36.477613600563821     
   60.294028732858202        10.975026360794089        35.731089946833443     
   59.809987529932158        11.565953804606709        35.102843305565791     
   59.217926151956426        12.116900663894889        34.465562421348153     
   58.617019447754693        12.511965149477419        33.763773128098819     
   57.991828088811381        12.998751589702451        33.179689086409560     
   57.334200156612432        13.475533060534168        32.529454955520130     
   56.582431303999918        13.946171399372171        31.951329554872693     
   55.932149737811592        14.374538557623037        31.453398878620312     
   55.188109029215106        14.893494295779496        31.009378963412168     
   54.532500384454046        15.407620499394218        30.628659067409544     
   53.832539566950040        15.830746703562273        29.931544765338913     
   53.187264972739250        16.137532371747081        29.193401468342948     
   52.370377112155893        16.177901913638443        28.577728244408732     
   51.535400524420105        16.430505205034144        28.086603439446115     
   50.787637595704858        16.881411937919403        27.795996392391402     
   49.953984298153834        17.426057928267589        27.610157384651991     
   49.264698518613699        18.074809002681171        27.430482866096170     
   48.591661741979784        18.756530776936362        27.259481298756249     
   47.912415796838538        19.430188409677882        27.081007862808235     
   47.258234100990506        20.045258284328899        26.880198503934373     
   46.699532708649848        20.898612076170526        27.002323219526644     
   46.280050202881952        21.896712220997031        27.022043308531366     
   45.975582510072897        22.817943084859046        27.237574173291797     
   45.709264070809830        23.740732709149395        27.509912205373666     
   45.536221653035696        24.715478220708803        27.566071343424341     
   45.361992509086988        25.689144997695387        27.567023660322612     
   45.296700279485940        26.685799221101295        27.621342564814562     
   45.200417380019672        27.663098802563201        27.708301097054665     
   45.147193050230285        28.718059965379879        27.730736247055120     
   45.359284094487720        29.736787734817188        27.489303243576579     
   45.630192192004429        30.684053033340238        27.220419059061577     
   45.862246068374127        31.653614853195688        27.084327378829158     
   45.865830990471459        32.578800467743882        26.773263898647400     
   45.666632481738183        33.488957987439441        26.307984962078415     
   45.499333880184096        34.351364918656309        25.962970910197221     
   45.347846154157153        35.304500316887435        25.667102394689408     
   45.305488935956213        36.188249073837078        25.208296421711395     
   45.449589715192182        37.035380516572616        24.779705779134424     
   45.430728627668152        37.989529895869431        24.336511471124375     
   45.449828455811044        38.885137656249377        23.899952352201282     
   45.361501864761905        39.847308070141388        23.497826443974667     
   45.292961947243221        40.816772576210603        23.130668376858928     
   45.212051073122844        41.797824648938018        22.961535194888839     
   45.142218990911324        42.790388870462749        22.883000970273486     
   44.891602706129682        43.745967009243849        22.690706328696152     
   44.451654316123715        44.621755264800989        22.402674966304147     
   44.294952337782064        45.501795058069540        22.076911970147691     
   44.174577055272223        46.457221106178665        21.685291262678263     
   44.095263289612163        47.384051429470411        21.469215274758142     
   43.720323399851580        48.304625685166513        21.112862335300434     
   43.244555342360542        49.114471114614773        20.973604679948494     
   42.654859677146675        49.932558102299460        20.851175035941225     
   41.913223748143189        50.702864239947168        20.849281843795616     
   41.250778931692281        51.330507438367952        20.695723082569039     
   40.570324854895581        51.888521642315041        20.381234403988387     
   39.881237251770905        52.606424980911143        19.963707768032208     
   39.315858924247124        53.295059374778916        19.502687713158672     
   38.956284319814351        53.949825358924890        19.001767105693816     
   38.500197368184175        54.649780935640685        18.404469370260330     
   37.951891265550131        55.222017880875967        17.787522112162520     
   37.382076269313771        55.781216069693151        17.088946614010773     
   36.957897736962600        56.366176689388539        16.399309495723472     
   36.485548928232667        57.131696980303886        15.736354881640359     
   36.019744336916837        57.963368102283987        15.289129466224850     
   35.604751442617548        58.780833436167931        15.005103054563667     
   35.299008785493847        59.605629064253144        14.523720116930308     
   34.974465976999440        60.402182212871466        13.992007977312957     
   34.743653035737211        61.225637204486318        13.573830748657599     
   34.427328389787419        62.097008978251885        13.128220701044727     
   34.056492660879186        62.881094668229679        12.797003300082375     
   33.717407631538045        63.674086231928442        12.342195414280305     
   33.449556319426407        64.586389325903696        11.885735412174402     
   33.310275830892166        65.418818545747044        11.257516329540751     
   33.457185020931405        66.247719623401949        10.517659732151664     
   33.701910220156691        67.027997920266955        9.9111626165651820     
   33.774297166484246        67.772571115716147        9.1747063912749276     
   33.822906548414231        68.413140900557636        8.5104948610065421     
   33.825261937544383        68.926489310981239        7.6708644932538856     
   33.731616334645743        69.434625968001768        6.8337463220453074     
   33.428852751976812        70.034768023165256        6.0648861567791350     
   33.066224235727020        70.531865464705120        5.2037842114697099     
   32.665943142896168        70.903234415035442        4.4114417774201691     
   32.384154444676362        71.252687262235511        3.5755778652495800     
   32.169044716428573        71.616868378612722        2.6181041783379584     
   31.967476988839501        71.791245429190099        1.6205730163042091     
   31.804564771651556        71.857206017317779       0.63478060641264344     
   31.544881362421268        71.777600565158835      -0.32169128042952894     
   31.444967820297592        71.832551855678460       -1.3357092805222230     
   31.406693904252766        71.839382806684497       -2.3550941350226164     
   31.242466861556611        71.884924338724531       -3.3623356937906110     
   31.133326418969897        71.729975019800250       -4.2155735747244005     
   31.116584233330904        71.657706150045513       -5.1968340887518973     
   31.077417436569501        71.753848810751037       -6.1697110237204615     
