   63.550164097995321        7.7457548544181831        42.167203078309072     
   63.102795431194259        8.2527527255728099        41.436846151678061     
   62.708360219640326        8.7606953734913002        40.666211342761407     
   62.435069799000424        9.1294477336538584        39.747819871713958     
   62.252873225352751        9.7389649480570455        38.946649737501069     
   62.023875912472782        10.462561822189963        38.362747912151740     
   61.751327089836131        11.036864131432713        37.617154531000445     
   61.478839896745534        11.688493926537621        36.879775532519453     
   61.152034506447237        12.378511543589745        36.251079344146447     
   60.729884296522329        13.023324977328420        35.568282977453030     
   60.367940424168545        13.496479682300210        34.759089375481771     
   59.922017406199615        14.028349480822918        34.061058845415012     
   59.477261552279529        14.541042270082951        33.287122899635364     
   58.944430060197263        15.065318163584340        32.537382130332446     
   58.435264868920690        15.560685086124542        31.870365833090869     
   57.846372776788087        16.083197248041039        31.237710742390771     
   57.288111703607584        16.587208394374571        30.714821245380289     
   56.806754220880762        17.048001021822003        29.871663840645574     
   56.518046377619854        17.425792331449394        28.939949676921003     
   56.158040118718347        17.527586089686739        28.025316428898336     
   55.488344288728101        17.731481617243620        27.329118328659003     
   54.791076982070706        18.182885758529231        26.868195559769955     
   53.959259617442164        18.635782246460685        26.508865829244595     
   53.291636783101900        19.174204084096719        26.200164727150266     
   52.533250934878623        19.735068002183052        25.960900883597521     
   51.774534263943636        20.316620120179223        25.676227748214288     
   51.052435021189680        20.815141844531723        25.399392391982481     
   50.320196535573636        21.469198613351182        25.525793154679292     
   49.683089515182715        22.343767524751510        25.568009471892132     
   49.120230114673610        23.144231240469814        25.784487243668103     
   48.641308836883745        23.951476942905384        26.124521052409399     
   48.254955214339269        24.854184252268308        26.308519012760772     
   47.931355974658189        25.788449903585278        26.397659700563782     
   47.652586918460358        26.720670643721782        26.554269671035314     
   47.350363401044248        27.646692422459409        26.706227776475032     
   47.099121029241083        28.651514665189620        26.854058936537093     
   47.147896217589754        29.666455728998361        26.695182188696656     
   47.232237800117119        30.668146944146972        26.514897262207306     
   47.261167994626653        31.673914275966130        26.518794386672973     
   47.134751423034714        32.624389471883369        26.336153991061447     
   46.828805090319605        33.546459209899339        25.961006706534388     
   46.501236363882455        34.452113617971534        25.768669976281949     
   46.166797907593157        35.394392825331707        25.630053197722010     
   46.001979615558326        36.342611358535223        25.371160432114181     
   45.989686890796904        37.299455889040416        25.164721321858053     
   45.836695322604029        38.273436135161688        24.950782817066038     
   45.694588690271438        39.267434306365828        24.726939838267224     
   45.460747135337051        40.256397330888511        24.537190187952923     
   45.226811293444989        41.254708386531256        24.369818586032501     
   44.906319399499907        42.200693008626615        24.373535153225077     
   44.558916904167511        43.132012825810811        24.463993886079738     
   44.073611725707664        44.041284960752208        24.367255471004263     
   43.504220651954462        44.847193202579312        24.103006665808444     
   43.275675675428523        45.742071732453496        23.874446993460367     
   43.052518808649957        46.728383184947440        23.633435267495706     
   42.783551863094317        47.644158075740101        23.601700653207981     
   42.293930227385403        48.605237125073749        23.390419686837660     
   41.621655912939438        49.257020740116282        23.232866762397947     
   40.887750772574122        49.848325850442137        23.068582600612093     
   39.952496477533430        50.341154774929485        22.985659483673800     
   39.138529225570842        50.748706683220171        22.645116089623031     
   38.401620856108394        51.124692643414008        22.210488267061493     
   37.656759031964015        51.646236735721260        21.675919943178275     
   36.997249295801097        52.233114369702506        21.162948500029572     
   36.631600199917571        52.865251656365402        20.635434151938895     
   36.029367577508218        53.450742414469474        19.960094635354363     
   35.433438514491598        53.945038805399498        19.261133294435425     
   34.852287676968075        54.440563173556619        18.609806908095656     
   34.222625482302625        54.939064840477172        17.926245254889078     
   33.504361906900897        55.564727416214183        17.342047248371600     
   32.738178298099989        56.213015694434610        17.023697863973027     
   32.027286310679337        56.789880724762583        16.735602400718442     
   31.409685800454128        57.373873926142387        16.244247842592948     
   30.738014970309138        58.005646032464483        15.736473072674814     
   30.307292379730342        58.704709595187822        15.201982768630550     
   29.811414173451539        59.429955329910705        14.670706192936951     
   29.393014252820059        60.138772054219402        14.206378495059941     
   29.054273234724960        60.811357128503239        13.587065705979228     
   28.717205919733036        61.487886073140437        12.886744977869412     
   28.483770687002007        62.312642566918448        12.220935591469884     
   28.481005873949975        63.127252529243236        11.451227818061275     
   28.627733305369663        63.885527847998631        10.787862913393786     
   28.542806523304023        64.611734463231855        10.034597834667684     
   28.448153829128987        65.237060486908632        9.3608933669647172     
   28.252121035957728        65.683853625260440        8.5062248181587634     
   27.909738104863450        66.099891610499540        7.6831661829137738     
   27.399522703869305        66.568881763625896        6.9850961559371969     
   26.937809435669944        67.004365525317482        6.1736412069232109     
   26.449563992437255        67.327765971733356        5.4101132625993866     
   26.073870285667518        67.625113526047613        4.5911936614377868     
   25.763050362992100        67.898945390339534        3.6403192467197671     
   25.574509409064333        68.143135721749033        2.6549620959667961     
   25.218516069971109        68.069338151859725        1.7219559189804219     
   24.758741996223293        67.850433726992392       0.86074698062784394     
   24.499867675273528        67.729206499603819       -6.9062596373493643E-002
   24.304050501647144        67.552717957224630       -1.0393136051889478     
   24.142871723831647        67.569071899986440       -2.0479433987904949     
   24.038347377473258        67.397992847690375       -2.8986739248605056     
   24.003425322853410        67.326835423264498       -3.8795369926509693     
   23.876975051231625        67.399116633768315       -4.8470351762073021     
