  -159.42708820354630        467.79166693858787        213.32479675836936     
  -167.71352660871617        450.29833697563635        208.10357958989366     
  -158.62835983269858        431.98954971461706        207.79066900888679     
  -152.08039208115619        419.11413863742393        201.97510193108351     
  -151.83317881382354        410.15609718428016        183.29465249367064     
  -148.42420190565241        398.49247751499109        172.11161590692134     
  -149.06093663217590        377.65532681438401        173.62462479358550     
  -144.11753122872670        360.82229078837150        175.84799545866520     
  -154.97419122852460        345.80087649090552        185.80720087112695     
  -166.44600406843790        336.52114905723880        193.48763478792358     
  -182.30222629059449        342.48974060696042        202.55056190548643     
  -192.56104682745280        347.36662993673650        189.43493781726303     
  -205.74209771225065        360.70639256828031        171.40414460848223     
  -217.47203235800581        351.36050023638563        153.74287840115974     
  -210.21112145761998        333.67911616803019        146.53751335922118     
  -209.71070500759112        322.13261629927842        133.54864975310102     
  -222.40981725352776        322.86669649425539        119.48882442665374     
  -234.45283040596257        332.27797955103449        107.52368761499977     
  -246.14366833874109        334.77798843746973        95.197845976005468     
  -245.72013592653215        320.41148965133027        78.840564210455497     
  -240.50194611693482        305.47544520852125        81.756125478394893     
  -243.11079807805768        291.98469773550153        93.704291690838446     
  -247.03227959737808        279.28695754560880        105.50839974376483     
  -249.51870160428234        263.57771656417913        106.34222566147211     
  -248.60547253394651        244.19371772711423        106.71155136534624     
  -243.84973321168994        225.23930826636149        91.009618290448159     
  -249.33158807287438        240.33700346840291        73.976935728998271     
  -253.24306208441010        244.45261477144538        60.932533752044286     
  -253.22959526892092        256.90418486940519        46.914649675885144     
  -250.18315822821367        272.59516152785523        35.522442086822586     
  -246.74466224770114        288.34362577872452        47.247778036911953     
  -242.36249577470173        307.38257329886454        55.507694775238583     
  -226.55714556848397        322.53729774740123        63.409412561001858     
  -209.14879535987214        329.48113847130475        57.221761838168177     
  -197.37955094805673        330.51256362374727        66.267765676547626     
  -191.17571909730498        336.50871100955089        85.074578630200264     
  -196.58091044383551        342.48658537633310        95.338497138222067     
  -187.22721114131929        350.61394992002806        110.05364947379471     
  -189.17366536029070        356.54187499388780        127.93642031293840     
  -197.27458613779220        369.13108471150991        137.83300147645548     
  -214.57963457949066        377.48866385882724        138.41271756816337     
  -222.83744831821352        391.41618418044214        146.05220658261305     
  -212.89072241500406        403.17835279063740        144.44985429685187     
  -206.17010903485362        416.76259053717138        150.42958900020039     
  -198.49453904565149        436.19903067394159        150.21644179448225     
  -192.18233033910525        449.70557667653048        159.75859701417536     
  -173.97258748047389        458.41317250513737        164.28679344099186     
  -159.89443179662686        472.01494374710376        168.53388574640198     
  -150.01147543728257        481.06136052251213        180.36759036006879     
  -153.98173877354290        476.31380279339123        198.21405116904882     
