   234.49121458948318       -77.872232048823250       -48.899562755333520     
   233.42951067723206       -81.096404365653896       -50.563453175614264     
   231.29770217836543       -83.295013858379264       -53.139200240432558     
   229.64422186902550       -86.232374711025386       -55.264403926253777     
   230.31128158383865       -90.216256856822113       -57.109295039705287     
   231.83305545883834       -94.406097556464545       -58.652354924063900     
   231.14525552031074       -97.680058375163171       -59.553957469145345     
   229.68159974053498       -101.75043934129074       -59.794958713925944     
   227.73750669911732       -105.00780346183782       -58.687067147069740     
   226.23678659992669       -108.22562469050490       -55.007079869650170     
   225.35294129429488       -109.55145876801851       -51.562508119685361     
   224.80010026860018       -111.21179683647364       -47.235475064839783     
   222.44443449250215       -113.15639848507975       -44.462401694366882     
   219.45837058131315       -113.94800952119307       -42.224918315797439     
   218.46737982990180       -115.96609993654572       -39.278300049476442     
   217.57478467312026       -119.39223935920523       -36.807657731983824     
   216.94441741754579       -122.68756879465140       -34.217192502167620     
   215.17022928335888       -126.68024619090113       -31.966188707353247     
   214.85793059804209       -130.41387211872376       -30.045835001046953     
   213.79652956129587       -133.96349161703148       -28.097672310368054     
   213.20868697291843       -138.22101102811118       -27.389728173384228     
   213.30551973583792       -141.01167763788874       -24.657347523049435     
   211.90401304915000       -142.99264962530737       -21.293311558585174     
   210.63757289378674       -142.69986426277509       -17.572490295083966     
   208.58496231399806       -143.63177089188687       -13.274280000245732     
   207.64230071770592       -143.82545054333735       -8.3474451847188860     
   207.91956024621251       -143.89791419496123       -4.1809958550257127     
   208.13023402246034       -145.51136161063303       -1.0934127963891174     
   207.87123289260401       -146.22509053393091        3.1997078398649337     
   207.79266453924430       -147.09400042282800        8.0936457634592252     
   207.22090648996101       -146.21037093503566        12.461567250626485     
   206.39440435587423       -144.49971040048166        16.662963169354651     
   206.37335230540043       -141.21411931123689        19.779659520597580     
   205.96210752395433       -137.32244464966914        22.195070582660964     
   205.14952358502586       -133.47043702074441        24.930020337628598     
   204.81395834280551       -131.02401273467473        28.275306603439425     
   204.43888888648956       -128.52569868188675        32.424284020604361     
   203.80738972374252       -125.94968398937219        36.779220574848324     
   200.71043434729779       -123.24833054252461        37.580307478794879     
   198.24639965060740       -120.32218025458305        38.512106891473074     
   195.80918061487978       -117.27397956535671        38.575661548065057     
   191.79027980648124       -114.83609129859970        39.525408795868572     
   188.19493279290802       -112.96212739222935        39.188099083220173     
   184.15096172396360       -111.18837617963128        39.348881077513738     
   180.53333780780926       -109.15598506428280        38.391640663526069     
   176.41806293972533       -109.08737049290320        38.159193048601615     
   172.73772017889769       -108.18067379794084        36.655178066513443     
   168.22619493096474       -108.50647970773629        36.394368873903929     
   163.52596741034924       -109.44682950343852        36.069263766838674     
   159.32930208801605       -108.74078346233617        35.289962949976960     
