   64.618840237044111        7.3662588699876954        39.507849369752485     
   64.134506140331723        8.0465775276547600        38.966375628505006     
   63.746240269471208        8.7389168570079523        38.361392249606666     
   63.360783614374100        9.2553981123264908        37.607393747784350     
   63.094234351101527        9.8761963786965179        36.871424455387910     
   62.934220001498922        10.682307933368840        36.299075035991507     
   62.782266099403067        11.379656864505638        35.627785252798731     
   62.678493633012067        12.076583638659439        34.913634358121087     
   62.654841756040469        12.825528401772090        34.262038520578905     
   62.383019650243995        13.527225319919477        33.560339323223779     
   62.110763388882290        14.091571187979303        32.840648865844180     
   61.776749843664881        14.783618450303669        32.150379927890775     
   61.476851551739024        15.408023670386660        31.362422379879913     
   61.048760016972246        16.009703284787559        30.621249761126816     
   60.567708975790431        16.554729703433868        29.972581680686400     
   59.977584234736035        17.142260130509825        29.394756615596453     
   59.385891136244304        17.723560069253580        28.829275619966737     
   58.682192591418072        17.992855773038144        28.081188029162355     
   58.015859006681708        18.028197118862415        27.284616268994387     
   57.243974915955057        17.855179579947738        26.692349153780466     
   56.486383982763854        18.015675246444196        26.116031777039950     
   55.712020248593241        18.515613598293022        25.687503718154520     
   54.917609289982259        19.040567997956121        25.341060550730642     
   54.191848316984824        19.511344766427275        25.052008821753127     
   53.493563540178769        20.088672944931481        24.769891471504526     
   52.772727899990151        20.714719632415854        24.451689161096791     
   52.079907820878894        21.254022377184128        24.180313571035768     
   51.379597732348664        21.978795281129514        24.183304207707511     
   50.781321092206781        22.899244899712215        24.202116870113116     
   50.146682237040608        23.653789824465967        24.420505707131554     
   49.525649027887027        24.421931206732761        24.649959451650062     
   49.116138650217373        25.310055486737436        24.870291093847428     
   48.710153314438671        26.119182275437424        25.091820665831886     
   48.263233631636616        26.922215783018803        25.349951686791947     
   47.741115341867349        27.662260366344970        25.579210447758353     
   47.266984456407613        28.558818674954498        25.836168855825314     
   47.178518984362839        29.513368733460705        26.101036442777243     
   47.146377573856597        30.486024088509758        26.443537416084595     
   47.190128704685684        31.514774609611106        26.559331374984250     
   47.066660598896128        32.504069315594315        26.524453533069352     
   46.793869415080408        33.472464500261019        26.328719324996939     
   46.465700117149183        34.373563127107765        26.257132749725862     
   46.048018407182482        35.326136300281782        26.319776617125889     
   45.800640639283614        36.342592691025139        26.355355184618944     
   45.543183714803710        37.316625616957118        26.320937039946841     
   45.293327815546881        38.287046157329179        26.155437524166782     
   45.079756979297549        39.312550404256882        25.936067401378697     
   44.853111393086124        40.267933998155570        25.645061636745076     
   44.534802597348495        41.191320338206268        25.290941074459443     
   44.321883632175265        42.159489528102256        25.187973415653470     
   44.135483804480678        43.095138347010945        25.025941635014860     
   43.547282435609304        43.908177230152539        24.811041087122387     
   42.849262262870845        44.599893823790296        24.909726384463948     
   42.278310990878666        45.356380157072444        24.982254681617395     
   41.538774110955735        46.167117857423136        24.878495404333737     
   40.891442189635882        46.848278237397473        24.952521241594923     
   40.069811009500100        47.539612577298207        24.918151625867090     
   39.267970934521713        48.035635883657022        24.770419263150295     
   38.451666914180059        48.415386675582447        24.545744956228091     
   37.503199251139726        48.777172476983047        24.393406827681506     
   36.638266227582996        49.198034512058634        24.026383581893924     
   35.807610376916891        49.429918977638039        23.563996591710566     
   34.990371852850771        49.767872620996428        23.012622199977368     
   34.300590726293514        49.840373679947518        22.263313355278761     
   33.837758242223003        49.995088251199974        21.459039357668455     
   33.364052965925431        50.098512831599187        20.511583941254393     
   32.918962766085436        50.031566584380727        19.595690470567618     
   32.424371616943297        49.976043591838774        18.724023361274391     
   31.908347665744099        49.854393805606833        17.812346040975957     
   31.477498551386287        49.947276553534962        16.785513353027145     
   30.861542520626219        50.136170985936864        15.885304403117564     
   30.283823207504170        50.363118421853919        15.159080184684683     
   29.718387375550829        50.541271902577897        14.376487437128105     
   29.140114609455278        50.793669251979075        13.578494975483828     
   28.626965149268170        51.167712827080251        12.864831085908238     
   27.813952391051661        51.531521500361556        12.354160080955813     
   27.113449580594679        51.924829953498453        11.884513547652105     
   26.481563979324481        52.418076297808682        11.293836042754211     
   25.847280718260848        52.895924172370329        10.627662759759149     
   25.241318957336699        53.539865688291123        10.016518523143077     
   24.757310937923151        54.209912169265699        9.3862084976584121     
   24.418755370949832        54.941795941806419        8.8232519906034526     
   23.820906919313067        55.506104374766103        8.1411181437654676     
   23.358274908052280        56.083555581808554        7.5603071497842880     
   22.992765429745152        56.697794755970222        6.8402635064891992     
   22.614716181099300        57.218267451391561        6.0337097561132174     
   22.122092711647749        57.584793505457561        5.2910771389894977     
   21.734930530827544        58.049939776653027        4.4673374106043493     
   21.438831480886222        58.448248642406547        3.6059660716416171     
   21.300788592439165        58.827104268215919        2.7471277758771890     
   21.348755970958798        59.008581978749319        1.7481401674486836     
   21.499571648011045        59.248873799146466       0.73581545145111216     
   21.376619275430730        59.145552802486925      -0.23027485179697904     
   21.183474580480421        58.876817838198953       -1.2173115196451911     
   21.159660043218079        58.641429125840659       -2.1988588059179284     
   21.175176315121984        58.304052888466821       -3.1023084742620153     
   21.339054815085444        58.056775151213827       -4.0736434086045978     
   21.478696534108899        57.662686543596330       -4.8527384270615466     
   21.818349293417221        57.321719297722183       -5.7110813812706480     
   22.133111197353855        57.107541617440297       -6.6381985023080796     
