   255.07281870898586       -136.94337506525250       -61.702111575789687     
   259.27665011750304       -138.89760576620003       -61.562338444531612     
   262.84381849714390       -141.35891648328791       -61.178999919094188     
   265.73295858565496       -143.89012773318433       -60.818154743946316     
   266.97604169946948       -148.17603764754688       -59.736457866499713     
   266.13614550615631       -151.90750634347000       -57.834627266724858     
   263.39108989603676       -153.38382230819536       -54.738131300766526     
   259.98543037389612       -153.25151441415704       -52.617658646095187     
   255.77747701744707       -154.99257347545478       -52.260947240488633     
   252.24568524399427       -155.87800331656382       -54.460903544977256     
   249.47879335001150       -154.99676256562879       -56.221347472408418     
   246.29931340589778       -154.25389059685000       -58.060532059608541     
   242.71362691874765       -152.88005644466074       -60.243001453625759     
   239.49469967780769       -152.44058895381224       -62.461831580913568     
   235.60074175177238       -151.94562878027742       -61.876650206006410     
   231.87569114170540       -152.90408847666490       -59.006105691847729     
   228.67563689468642       -154.44374950636654       -56.653922345359305     
   225.93427241345881       -155.96116378222044       -53.621644127825022     
   221.98361994446043       -156.94150110316576       -52.206710371251525     
   218.39172468477435       -155.93918812340343       -50.341955059356273     
   213.79789600796042       -155.46170615361839       -49.364451774526799     
   209.29504055837558       -156.26242044719029       -48.763875537056094     
   205.86579682374219       -157.94401907053975       -48.392826043805307     
   202.74941246191460       -160.15331836919282       -45.245121095805885     
   201.39206056723151       -162.67851523092531       -41.701549612580578     
   199.15498657502340       -165.89186133546409       -38.856932660861332     
   199.03947887247190       -169.23813504985648       -36.983057411307747     
   201.07402809419219       -172.79842052888878       -35.146210724103447     
   203.31122088680601       -176.60703863871714       -32.846579177768390     
   205.32017932421073       -181.84095718183644       -33.317062366486397     
   205.00356800703656       -185.74310897093841       -31.439134296890366     
   205.78170929542833       -188.33831168285496       -28.350611889059877     
   205.64762551257297       -190.37131697062981       -24.971332301679258     
   207.13153783387145       -191.03792493142976       -21.105331524804509     
   208.79590469327238       -190.87954049451110       -17.328012860016717     
   210.62672164893954       -191.40005406347964       -14.024179656538404     
   212.95338223756045       -192.29331216401312       -10.353366527697164     
   213.78753672448789       -192.87463382337745       -5.6532349838653317     
   216.20930720358862       -191.69061602499681       -1.4310130268221586     
   219.37868078973548       -190.43551568232311        1.1230040339756182     
   222.48436819494933       -189.26106308211084        4.0328950095141156     
   224.71378206374931       -187.18837173748418        6.6486695753421650     
   227.47748833889116       -184.42637141143121        8.6899413486045898     
   230.84602158332262       -181.17105826729787        10.211861643218199     
   232.74756052948717       -177.73709476354639        11.329443564923873     
   234.84894910074476       -173.78068453476507        10.773318201903081     
   236.62560109102751       -171.19884867797376        10.302208470790800     
   239.20807168373176       -168.69253613973484        10.896869049924787     
   243.57974253049144       -166.62950162990825        12.244807512307105     
   246.34756713636045       -165.25410465051706        14.718351063155136     
