   66.105515475769906        10.536866286514853        41.899516913028684     
   65.327429579701189        10.749759759816436        41.316537056572940     
   64.607601894505933        11.042442983778566        40.617483970592765     
   64.051193110388141        11.108314282287896        39.888453700794877     
   63.528540871856137        11.333411480078404        39.053317630355437     
   63.132764974891948        11.846542903439687        38.278042314639023     
   62.787924587713690        12.278972293069826        37.505454689407415     
   62.601198371986996        12.839675662550544        36.694756098378932     
   62.416692051224828        13.590442069007633        36.007298367374602     
   62.152145587451209        14.210547783542147        35.329288439027877     
   61.939424920984372        14.842884952166976        34.618916293721519     
   61.579457234763090        15.556226549628390        33.964292204193512     
   61.302847965527064        16.226660226121826        33.225653585223782     
   61.005390074202637        16.958951408057402        32.540171273955238     
   60.654728515636599        17.586544918851907        31.882602238507701     
   60.163498743804702        18.183011530995838        31.226673957020825     
   59.698876582816808        18.786162423698343        30.576809391962065     
   59.311869489243328        19.153953952656774        29.688763943730248     
   59.053982179862494        19.409400260675980        28.704187117067477     
   58.790831766713765        19.407526100670704        27.751680528304554     
   58.351055165774717        19.656706425878664        26.894889636597046     
   57.705855754717831        20.210433556595369        26.256301695923199     
   57.029933801740611        20.675471119211277        25.666801609805532     
   56.395533732821050        21.095146170435552        25.106828106853538     
   55.680370905065892        21.589919567849741        24.699113173454464     
   55.056073394701954        22.186429972736335        24.208808549244026     
   54.430668612346430        22.655460035179505        23.725723171544853     
   53.543956236077356        23.054991414728867        23.461422651634606     
   52.612137126996977        23.631025767228593        23.387843256093365     
   51.597334739329980        23.996944609036916        23.462447920979940     
   50.642349161875671        24.333093487482500        23.520576479106740     
   49.821607787489654        24.879580012559590        23.701533913290625     
   49.116537721690534        25.450409627049538        23.896543343614585     
   48.400312220289706        25.963320239408141        24.137939114367917     
   47.618764935246922        26.455184896489225        24.330927585167398     
   46.762051591211090        27.078381980414935        24.596036694525953     
   46.190294356714077        27.813687338098262        24.998198957583874     
   45.521340493860393        28.475696105369330        25.546025026685840     
   44.964621018304094        29.236804180197534        25.975475793363891     
   44.397992604334924        30.033785964274429        26.172750040600029     
   43.843055099011913        30.843842437595306        26.161178470489780     
   43.182762330427117        31.542992083210795        26.159876948646886     
   42.397906517921804        32.186871633476933        26.209746144450577     
   41.746959396899477        32.942984895809879        26.334132904673943     
   41.163080983314650        33.751038798805936        26.436943416593017     
   40.632019429573013        34.622246668422562        26.435635184570025     
   40.272691536858737        35.563920025029475        26.411725201874635     
   39.902880378723211        36.513040798802670        26.305801397182154     
   39.498919836287733        37.432155213572500        26.073148442406616     
   38.970559052343987        38.266256066125365        26.114058440767188     
   38.466492747839375        39.133583976968723        26.096846021068778     
   37.852123656474319        39.938943297205292        25.932096798885539     
   37.196037041464642        40.717122846596141        25.939037664753659     
   36.626941580030802        41.457960366968855        25.950672414885226     
   36.016369289624734        42.355254622545928        25.786293767838558     
   35.398029211207600        43.066468925586477        25.804395335791444     
   34.785813270154740        43.987738694955411        25.744063432086723     
   34.355171078804801        44.801314178122695        25.492163226638407     
   33.925146099963612        45.531670768569299        25.161506985656921     
   33.372232406420501        46.327213781278886        24.828870269993580     
   33.024689122401838        47.288733719334189        24.382426691284707     
   32.770092320888764        48.131272813003811        23.954794114635824     
   32.564830339762473        49.091759836044154        23.544801384973280     
   32.391859080161396        49.892383092639143        22.935210132412593     
   32.471131234440946        50.672375657471633        22.393090614785791     
   32.650517003450439        51.507197729116115        21.625455394741252     
   32.730458239363458        52.122707381252845        20.961725258024462     
   32.707677943993765        52.775938385338506        20.199966063542249     
   32.728832339086594        53.452247337816317        19.381262217949406     
   32.961398832468660        54.246631422633740        18.630588996640334     
   32.993898665137976        55.149789783671729        17.991286386225681     
   33.014095365081246        56.008219738600772        17.572530532948527     
   33.074379122983714        56.842246967954978        17.058067511432014     
   33.099193293621170        57.736401451429103        16.568724336699141     
   33.037096768954946        58.604253429717097        16.209470351355954     
   32.653829512531239        59.407306474935133        15.792420919084087     
   32.317317732146371        60.244733476624916        15.441791046646804     
   32.000085798326637        61.025361657939861        15.096261740588712     
   31.764234325864479        61.884356009568940        14.670520238195584     
   31.497714958420485        62.845630416465809        14.388830261463347     
   31.325857274935501        63.862875428421127        14.126284104780861     
   31.161964964909775        64.779923089832380        13.932621092967326     
   30.781957692063905        65.679881528387114        13.500368105592694     
   30.480171265446025        66.510256038511585        13.177532527113092     
   30.378649792558846        67.427495901700524        12.790222429421625     
   30.322026793179138        68.396404339533859        12.494350794107852     
   30.093698012772943        69.294525689522658        12.210509076723980     
   30.002779211379657        70.268471254448912        11.913917512281857     
   29.997884333447359        71.205364458410685        11.576284972434040     
   30.136317536449631        72.095542394561235        11.222051320085873     
   30.337347883010899        73.000591618917170        10.748238159128325     
   30.544610976017790        73.918020430029316        10.244070994771921     
   30.358819066702491        74.506813445843946        9.4838558020371906     
   30.148715199764339        74.956778781079535        8.6448805746699708     
   30.080455283387131        75.477982573169811        7.8072441442016611     
   29.870853600912984        75.853008576214336        6.8496778411419230     
   29.780466807419479        76.363287409256742        5.9639406509426731     
   29.740102337034244        76.786550005462118        5.1880467145525300     
   29.969670686875460        77.346448019985075        4.3999615358487629     
   30.342848890198461        77.995859291064320        3.7301777172663422     
