  -217.63983918991698        498.47657244501545        180.59369148057198     
  -202.96430579356326        485.42912260409008        187.39643256782881     
  -188.61360697796871        475.62541373253475        204.39225355280121     
  -186.33228747421086        462.65874164408734        217.87314803296803     
  -188.15101392460346        444.68445641665335        225.28772307567229     
  -181.88777800240317        431.02184597200460        238.81865542985852     
  -173.53528866036208        415.12238966220679        237.46877106733152     
  -157.26093511795480        416.15055897541396        223.15296763074002     
  -146.29603929889896        416.95949922039767        209.05054890425325     
  -143.93863098653350        408.50017043375908        191.64985903903326     
  -153.13187170880519        395.97103750415101        185.57876790893829     
  -162.46441401506553        386.08055389884385        175.44081195383285     
  -175.05913409577377        381.32650827153901        160.68261526704492     
  -192.52036860631654        378.98434381020184        159.13037839047414     
  -209.23485537966715        370.86651022842142        151.26954058715791     
  -221.57789906384920        359.94539009246716        137.63572291962294     
  -237.64586552902350        352.78307059088775        128.19035360151804     
  -260.19047863462242        338.51316213980755        121.55140009045803     
  -274.05319927942020        332.23189571851537        109.91074454330713     
  -291.10652982798712        331.34395933315756        92.969283300023775     
  -300.56795678426272        321.22157499932661        82.188402404637756     
  -306.63277704466492        307.08652415481640        76.129807770246231     
  -311.65850706487316        296.62291019456961        72.074057600013788     
  -310.04924446122050        275.07451133523290        62.347838747485774     
  -306.86343144055053        263.53210747606238        49.425683521057351     
  -287.47107750053505        265.61117167638093        40.812658987839306     
  -268.50100614509819        268.52796139223727        32.789040215038405     
  -252.17951699079211        273.88537560941052        32.951399865651624     
  -237.71898347363188        280.09980036847838        23.988008764567009     
  -227.35328547618420        289.48816073114460        32.252588468378775     
  -213.23116159752252        294.95217315050536        40.706127270311988     
  -203.48888764042718        312.75943876283401        54.225741487956661     
  -198.42438909842673        325.15857890475826        69.417654166609097     
  -191.91653230509220        332.83252200513391        83.601143891394429     
  -178.48608894083338        349.90912884850724        92.043308229135462     
  -179.06024922741443        361.69754939544896        96.562119970568261     
  -173.40454262557375        382.54759541055842        100.08564491527029     
  -168.97361538248651        405.97493396787507        98.726763203929337     
  -159.54686694235988        418.08333901095733        81.137989645018251     
  -158.79142889615571        437.23501795250598        74.158768582466749     
  -157.44763520938832        451.85027159579261        79.809862268967677     
  -160.78752859147789        470.33425531435432        84.922076028443939     
  -160.95744437235385        487.07638047369454        102.62068278040211     
  -176.91303251135284        500.16808241185356        105.22595738567306     
  -195.56730634121976        500.73676227674491        109.91982116307534     
  -216.24952336910081        510.32705587878968        112.95505935624611     
  -229.89739802698168        512.28181858095581        115.61325130426002     
  -245.79825453342119        509.72018074445742        134.89617204083692     
  -242.01726431338076        498.92052142582816        152.91427396676218     
  -232.66507187361427        503.72655584396006        171.40498571341104     
