  -218.90016222779005        504.27665403957570        192.43430082670426     
  -218.65570561199473        488.40581645708295        182.70373971582876     
  -226.11692081517663        473.35770671439434        193.00518817771999     
  -233.86007135552717        465.88755503237809        203.78985826182270     
  -225.53222475727750        453.39328768868256        217.13159805959177     
  -212.42870672864456        438.41398013132272        215.59896035938550     
  -198.08793719373404        430.56559456238307        212.89000151377795     
  -187.49614551533818        420.09550292930760        201.86294927347356     
  -172.24254328149146        410.82665931338892        201.66771136799318     
  -183.49490480537412        392.41692322522852        197.02246357700025     
  -193.84840567511895        377.86742732385329        182.22034106581361     
  -197.13986625528190        369.85848965106271        175.24923369316070     
  -208.32274198485266        359.99226170968444        165.54868962559556     
  -224.02055209160076        361.31231230703838        165.35199218437575     
  -233.52148253843825        370.59938099945384        145.39649839163647     
  -240.75504267979454        384.70285557195882        131.34453607654731     
  -257.12499646055818        384.91210956079817        123.80467604272400     
  -269.27811086185773        374.83061249286214        111.54305224739680     
  -276.96686448423998        363.59447559856665        106.10335583348231     
  -283.83430157976915        352.39167427381011        103.48223025922503     
  -283.91845194005941        336.56028414601906        98.072623601050708     
  -292.93746339652478        319.86641918298494        90.201791180102546     
  -295.13718632463974        300.61350164262956        82.024238011157394     
  -300.41304854368764        284.26457264425710        73.462888815756386     
  -312.13486420533366        286.29000160318674        58.484946304455271     
  -304.83282389324177        305.84826356102707        50.569759611354613     
  -291.34708446247936        322.38168597781265        45.487389702245864     
  -277.80635398023577        328.81814753555744        52.389330394457282     
  -266.62303104172304        312.37788090752565        66.991913880969477     
  -252.67531296372789        305.88166626261892        66.847022502022426     
  -234.80500543604535        302.64052246512637        67.411318842543821     
  -216.74878189132684        304.57461456399932        81.111584603621765     
  -195.97453454021175        311.09384786485668        90.636427215576418     
  -181.36753243629903        316.30493513125140        97.383580988356542     
  -166.74300107185383        335.64397322695544        88.763615004431855     
  -172.68872826243251        349.88499004376109        79.269644835388618     
  -173.74591312560742        367.46599308436140        76.071624647359201     
  -168.12237124471238        385.35588942141516        69.081781039028129     
  -168.45349160452921        402.98983235074547        63.722988818080871     
  -165.12220990465119        423.59195429731653        69.788363230824714     
  -172.05917151609469        444.71452046521199        84.179628263979097     
  -169.97541647353765        461.50188537985474        91.390627875683208     
  -169.63564520402298        479.86402660569365        103.21364050482840     
  -178.13724446990500        486.93740769467587        110.11393238319474     
  -188.29009122628517        501.58890687691508        120.74140601855160     
  -195.05243248245719        512.14529214623428        132.22131628440556     
  -192.30671767097263        528.23281378588388        153.56680517993348     
  -198.28504434196566        538.25158339579730        169.89991857055423     
  -203.78045939511250        534.63210414086120        193.12504045393973     
  -211.17380472859006        517.09570657332142        200.04538555488782     
