   50.608540831217475       -60.581244478480478       -36.585680030452515     
   52.673563071256361       -57.687097034880665       -39.097989376719134     
   54.785448185015149       -55.323343376551684       -41.765415135114480     
   55.960609373390724       -53.221522041859821       -44.474860722089097     
   56.894732478880734       -50.733188893512136       -47.125024540467621     
   58.985823472381234       -48.260951230533081       -49.666005288922619     
   60.702002169058353       -47.980201758627764       -53.271332738497229     
   62.450133409566305       -46.857811621355182       -56.839299737514061     
   62.754432710101014       -44.785001500403247       -60.411561761090979     
   63.885476952809356       -42.331141875997837       -63.605324368312381     
   65.325053011742540       -39.729052140441468       -67.676788709057007     
   65.733223986943770       -37.593139010741510       -71.504949872345634     
   65.779861547965538       -34.910393194707190       -74.891773619966486     
   65.924826747691995       -31.774451485894080       -77.284522309193193     
   68.327168941718313       -27.613333891150713       -76.521340001015943     
   71.192150755568605       -25.576919396179917       -75.004528241288810     
   74.601352167356197       -23.343133423422813       -72.996187172942825     
   77.128433879968995       -20.168189123424717       -72.226436154642812     
   79.646152375271228       -18.854860340945301       -70.579222556072352     
   83.219555869014016       -16.801775990447727       -69.926000024660269     
   87.862422754398082       -14.828285389661234       -69.779778020969545     
   91.886301540727516       -13.472405991003708       -68.479841348057860     
   95.097377275190553       -10.620078322393281       -68.282141873251007     
   99.285278543099352       -8.4749339158851527       -67.551835454946257     
   102.98255359144960       -6.5598477299503317       -66.252556962839066     
   107.07679219000475       -5.5649063720271208       -65.483211345118704     
   110.62571146738584       -4.5120141389185306       -64.727372779576427     
   115.22764572665645       -5.6105024440202351       -64.786519016636319     
   118.77537023642014       -4.7655427015860514       -66.625024369781073     
   121.31950855431674       -4.2748807942076805       -69.596734772634676     
   124.45318499786714       -3.5723409987406534       -72.038746524146148     
   127.86207725044029       -4.2108334479920657       -74.494507813087836     
   131.32044206663451       -5.6796549307143191       -76.398429460374459     
   134.11396013305324       -6.7730638075695158       -79.936612193210621     
   137.04682629319345       -6.0249247109769399       -82.744536675604849     
   139.55574982346741       -4.0648582416474337       -85.117074752682825     
   142.06450936874000      -0.24117235121541297       -87.464457574622585     
   141.37677316011906        3.3873992350359448       -88.791123173756361     
   139.26391103084225        5.7312908234216753       -92.105193403232562     
   136.71683845652788        5.8308531479448416       -95.210059525469134     
   133.27375178535914        5.2500415126856570       -98.151882389337757     
   130.11432070703012        3.1335684193033408       -101.08524292175926     
   128.22004189443251       0.67101743770606248       -103.95827943506301     
   126.66406792196295       -1.5816964741150201       -106.81660095284579     
   125.66501790333034       -5.1662932669115982       -108.90499754897820     
   124.13082011407728       -7.6498273460098893       -111.50376764422066     
   122.88222505341355       -8.9248428316935531       -115.06479884333785     
   122.52231111850848       -10.229284653573060       -118.12864611006100     
   123.46570299466472       -12.939329133876747       -122.34309637224095     
   125.15301861379849       -14.644727777180339       -126.05263997612516     
