   243.42745483836481       -228.34098252107901       -82.401623536772973     
   245.62539464298030       -227.06959082864159       -79.943245389123362     
   247.17167507304396       -226.18981403897075       -76.639802741219427     
   249.18428346157816       -225.17084117608061       -73.703841129755006     
   251.10797198278718       -224.45578712881843       -70.452006761313896     
   253.17562204478992       -222.49497441288153       -67.606855334773357     
   255.18771190189358       -220.76112858040190       -64.539226948903405     
   257.87946279697275       -219.85749900957614       -61.517285562113877     
   259.70175662600752       -218.61646790594392       -57.794887033351586     
   260.33162335041067       -218.59464419735608       -54.237322072429578     
   260.34997826720098       -220.61399382878230       -50.450891192971739     
   259.96569482526564       -223.52666489414543       -47.859712220745493     
   258.49189854229365       -226.66712091362223       -45.955604089255644     
   256.05608816089170       -229.29232792596861       -44.195975496880131     
   252.28119261774935       -231.60815292471361       -43.383238648081885     
   248.34394874897995       -232.48448823190211       -42.555577258477101     
   244.45155096463949       -232.66863603493857       -42.550379483051515     
   240.62887207062178       -232.82901072718354       -43.274303675858739     
   236.40128312002946       -230.80250344939654       -43.581386385634104     
   233.18311754264366       -228.38112864168573       -45.329044748361241     
   230.86046959712431       -225.32485326993404       -46.489941924035591     
   228.83969810664604       -222.86457815928313       -47.293352331842954     
   225.41913936399854       -219.45336934359258       -46.817894117948811     
   222.25028530523156       -217.73594962401481       -43.903740208074268     
   221.54197093152933       -217.08476239730987       -40.590018266231546     
   219.44942756117840       -217.22341090598013       -37.306959114504885     
   217.23566676520613       -217.20450039708746       -33.076895079719570     
   215.06063998418512       -219.20515071251808       -29.880637694188113     
   213.07052842113717       -221.64582716854827       -26.080090201624859     
   209.61541589882555       -222.42822337349440       -23.158499042545184     
   207.81501372719501       -223.01762761466122       -19.385018208064878     
   205.05898285332614       -223.83570622216493       -16.259207326638915     
   202.88324075282293       -223.66962214511307       -12.656785932968109     
   199.57847922163265       -221.80707091346247       -10.450234799995927     
   195.69410588843763       -220.49464036217393       -9.3756581364378508     
   192.57204990707564       -218.50286037944880       -8.6837206380543659     
   189.99149319571083       -216.00984579807854       -6.9749334753701957     
   186.87999743964588       -212.83604459540288       -5.6239142339164783     
   183.21444705876578       -210.76526197912844       -4.3926264810820701     
   179.19089169988476       -209.28940528225598       -3.5597578241014363     
   175.21680698258805       -206.87091616087937       -3.7287642599372623     
   171.53539681519726       -203.32728037258423       -4.2076584397285393     
   167.83040261259708       -201.62866513919107       -5.9166535947342753     
   165.00878853853155       -199.52802139296034       -9.1259129973640274     
   161.89002246367195       -199.01127916240853       -13.143258477699289     
   159.21727476123920       -199.60924580579936       -15.765266270093072     
   155.79385310978870       -201.73409014456837       -17.612801712237069     
   152.02080844580064       -202.29530630010785       -19.024093044475219     
   148.22822662806612       -203.61681990553808       -17.414752791517461     
   145.07780604858468       -205.55046141879376       -15.275180426175414     
