   56.881464138153845        7.2451702130542266        48.923912589009085     
   56.385865314947260        7.6900093883538405        48.131553468876398     
   56.007800466064559        8.2908429665087890        47.314179225925159     
   55.906916440796586        8.7495582386780750        46.445737607493179     
   55.940004201387033        9.3678102691845293        45.636794941057815     
   56.005078638675428        10.239906724312730        45.050952055225885     
   56.052802691439439        11.045578967567922        44.445805842871700     
   56.156580019806874        11.914135665336117        44.044846878442442     
   56.249750637227763        12.854499605657670        43.779798495288901     
   56.286671120598349        13.778930385291623        43.393781074642881     
   56.327176322521652        14.662475467575737        43.028199363196840     
   56.264772690741900        15.575063978587796        42.625073449688429     
   56.289163300983027        16.524509240318800        42.247178227696502     
   56.380595885341691        17.475559503883517        41.851725445450342     
   56.454432195420473        18.389719415371740        41.511169504633777     
   56.415385042294794        19.289207460860041        41.030114459994088     
   56.346400289581950        20.123880830799489        40.455725848774101     
   56.347012840506274        20.726601893610731        39.620705496117132     
   56.478943302703335        21.083187891820891        38.686819668249854     
   56.587978708040104        21.375059617229024        37.770782976314344     
   56.563964213599270        21.749993430083379        36.894263063190053     
   56.391431605009402        22.395447762976346        36.095361611259754     
   56.089814401165363        22.943746127859765        35.363552483116550     
   55.673907759509035        23.419505250407138        34.649361801106920     
   55.200905036860242        23.922450415964349        34.015054849933911     
   54.858778833223653        24.550659882283206        33.304433186177640     
   54.583011274699039        25.156295166686409        32.604442906344602     
   54.055076928287193        25.789507918158730        32.024731026571878     
   53.436662326107175        26.507217892569095        31.567131354515389     
   52.702419804628221        27.058937454762095        31.069797619630805     
   51.929028105713577        27.514340022323957        30.543910507892960     
   51.186984500771892        28.070679435655794        30.211960190999879     
   50.438307760059573        28.646490997457754        29.912596808180410     
   49.696282170659060        29.178528476949097        29.589650223055969     
   49.036174033014113        29.638640424199796        29.212707014056637     
   48.334642443921702        30.138908338267747        28.862297583058059     
   47.635570773831262        30.812510513446586        28.714420449198503     
   46.886531041605345        31.455354554974576        28.698366281363469     
   46.307952132656936        32.241828940068139        28.641632903730393     
   45.715618339828161        32.953395456220377        28.402260998867028     
   45.082590189177282        33.671685641457920        27.932995086999750     
   44.383786912711166        34.212042362787443        27.532319184244663     
   43.566023917247172        34.686244477040297        27.066641351993553     
   42.709411903949217        35.210174799298301        26.758328246464853     
   41.903030166109126        35.798799356567173        26.545442180554552     
   41.138117369558664        36.527396972015524        26.339403491495567     
   40.361174464076939        37.146699919372111        26.254023270169341     
   39.588974108074936        37.865857707075257        26.083453348669860     
   39.000822428992620        38.582086799294999        25.899657105814612     
   38.219018536912586        39.166381527106878        25.713946192496511     
   37.359764373640985        39.712279674816649        25.601670979419801     
   36.520279767489846        40.275049276623797        25.399856600226329     
   35.788711009602885        40.776611101500308        25.056088584051437     
   35.102920060688660        41.399976148402864        24.758611252746018     
   34.424802250405314        42.173912101329236        24.473915408861075     
   33.666633142615240        42.715855764577825        24.332583975534597     
   32.786134028740598        43.375563392569489        24.350766054917305     
   32.083951341546097        44.105135224595983        24.271808300409777     
   31.381744808746607        44.758221603390716        24.305517482416423     
   30.785986275576281        45.492252811966765        24.289951991158933     
   30.225698927455333        46.435938456695780        24.216414116319136     
   29.699662929065205        47.307502082234322        23.998681288947640     
   29.192259844462715        48.208105489740127        23.697757818430887     
   28.731375923600112        49.070127384670016        23.403851697755808     
   28.199480282608548        49.796069591932621        23.044037487817093     
   27.555586786331197        50.671801849465282        22.674084578584953     
   27.013452954988388        51.353180299251207        22.414094685435707     
   26.428490241122255        51.994462581886012        22.116646580367775     
   25.863471026570554        52.670429408313346        21.484790343424624     
   25.208003170806730        53.447616941509580        20.982248284135967     
   24.483488919015471        54.074463701095482        20.585792852551936     
   23.808317844458905        54.630118786660496        20.204469962945087     
   23.185033147011644        55.221487254263316        19.740730869149015     
   22.502208181595115        55.752389666582054        19.241118983926793     
   21.857650055215419        56.200525470389664        18.617919479864511     
   21.154779708408750        56.527918570679937        17.982582637914483     
   20.520377620521462        56.844097380032231        17.343265808854763     
   19.849699148916706        57.204245583807584        16.737984392914584     
   19.068411933039116        57.725231298219263        16.252056937984207     
   18.401548675492570        58.349088479937990        15.770466797818576     
   17.689081338849181        58.992202176412377        15.352661425154158     
   16.972129146212062        59.508469829926177        14.888340694471463     
   16.345222024576589        60.045798373066070        14.241386787101957     
   15.773200282325593        60.562765380450685        13.755136316125801     
   15.239398328298531        61.353499510237178        13.431881836009234     
   14.631654833439477        61.948925954776286        13.040009698626227     
   13.848841936807487        62.413876695313185        12.582361939395449     
   13.099800721772761        62.872152002220460        12.073330968694352     
   12.419536099110667        63.317480129632578        11.546481443973841     
   11.899998246208686        63.928817261055002        10.979001624051506     
   11.362467277741358        64.475625778634424        10.319912971755402     
   10.779914301905439        64.904148053952397        9.6157665709972733     
   10.221024016870400        64.992620286700301        8.8058376334325672     
   9.6711019109520393        65.038294053514861        7.9619244932741617     
   8.9434992898199219        65.117830593356146        7.3266944304981472     
   8.2186357891013735        65.268250827581170        6.5827473547778279     
   7.5487774807273613        65.316146930194847        5.8549736698707431     
   6.7848644712526625        65.418628736978690        5.2900388221498149     
   5.9478664743451102        65.637512816331835        4.8011608831142052     
   5.0093332543841509        65.905650108057998        4.5413582443415201     
