   61.482664994852321        5.4151397113933983        42.951262528833055     
   60.731243454916736        5.9228856534075458        42.452370969081421     
   60.039599704064237        6.5399753655752306        41.893028604618664     
   59.437725956649402        6.9702940216365548        41.162846855343162     
   59.050424812580530        7.4608692496846194        40.358451193908877     
   58.887255754511912        8.1967068607853015        39.623660295153229     
   58.580671482592450        8.7934254172413446        38.870320839341090     
   58.496939764896915        9.4428143392706616        38.176688703526779     
   58.541668220592243        10.225199580067585        37.512447606751614     
   58.427595300516536        10.975109906217373        36.857034218798262     
   58.319395217466038        11.706828245239958        36.275051261791369     
   58.127253991552990        12.506861499691245        35.707379660503072     
   58.007958457190959        13.294605259193091        35.075222040380488     
   57.936506283925581        14.059440480681523        34.383007409502440     
   57.909983998153933        14.831366006527396        33.784720553488157     
   57.721893352206330        15.626853445521665        33.173296786018966     
   57.465994936467808        16.396101348913721        32.535974410847189     
   57.037483769820128        16.866488665904960        31.727905422154553     
   56.699709118583129        17.202235049433725        30.794750160009510     
   56.343962079739370        17.448317034023468        29.929251028931908     
   56.043474504121043        17.902150331842122        29.183960303929481     
   55.533236228763691        18.497896076235772        28.498857218860735     
   55.023789712431835        19.123514609859754        27.939821270738538     
   54.422926068496409        19.672860506035171        27.443257704533693     
   53.800912738724001        20.248810241758726        27.042742981954902     
   53.286588308253059        20.947369129036012        26.539046187363567     
   52.799740180117958        21.550723263514641        25.999291419580544     
   52.156959044004132        22.258382263885174        25.680245848307582     
   51.552206285650918        23.100171006139504        25.522823579445554     
   50.764912336048070        23.777299252519249        25.410962172419413     
   49.914828805476006        24.366923693095142        25.302405814200402     
   49.215573300894491        25.059467316691212        25.344338332315999     
   48.506718079167293        25.782405487555707        25.397594094045598     
   47.792147358186064        26.455074177225963        25.448130422429454     
   47.102609070649557        27.088527002713672        25.397672677590897     
   46.393042381837631        27.747132283016757        25.395572039334454     
   45.875352144209948        28.579833364554748        25.449557812624377     
   45.364840877720972        29.401340551859750        25.647221432140000     
   45.032595851368946        30.279223560413687        25.730495550760040     
   44.582129836478487        31.119631746744378        25.657834779700565     
   44.021083595195471        32.002525987017549        25.423501537728654     
   43.345242636537698        32.638950198552742        25.294590088247865     
   42.498933684671712        33.232879024620260        25.090949441716575     
   41.715617943637824        33.869061209109198        25.047841058197548     
   40.976652344081458        34.554171387433620        24.884731463662675     
   40.332411371652981        35.331837253927851        24.802369469473390     
   39.606280117075279        35.979911803897487        24.737952673888962     
   38.913886090178309        36.785456764116411        24.618523866110721     
   38.407891954756309        37.571151188788015        24.440348385366740     
   37.701333172787542        38.255516596670105        24.300616949881032     
   36.914019438255252        38.902645879390228        24.213520226511719     
   36.170464630074939        39.606223501159704        24.094030269990952     
   35.464439604293872        40.277963511503046        23.845436427618957     
   34.866792381813191        41.006158855983379        23.600619541576826     
   34.271837657576128        41.872070612437660        23.410624663953293     
   33.608890387704392        42.538741046181450        23.343175762330816     
   32.883473430547404        43.360718852533047        23.437759884199309     
   32.269345184935503        44.168688787936226        23.397747477306730     
   31.730992281487730        44.962998674673791        23.398058934133509     
   31.214913155966357        45.748052203422532        23.291637025077037     
   30.809742969827322        46.753409683269524        23.161284259225539     
   30.457626331397847        47.699152247742084        22.905687929507366     
   30.134813595412282        48.668139133394611        22.565165278422455     
   29.756822540724880        49.534269378503147        22.154598898054331     
   29.307206324727481        50.186197309289490        21.657680434542002     
   28.686488375915541        51.008790991764037        21.151301289970888     
   28.072732497921898        51.718679335940919        20.805685413326678     
   27.466962139850899        52.342452602992296        20.512685579814676     
   26.755354150018064        52.890708274009441        19.905684792821482     
   26.000253459735593        53.543407678891747        19.367155752331872     
   25.201669627066707        54.080693568677788        18.981639987257207     
   24.449490179660714        54.569014188283759        18.656394308518966     
   23.677203836440384        55.065797175442249        18.253610480787476     
   22.837908688760724        55.477993823289523        17.902331504413901     
   21.961902456338002        55.734148467279311        17.464186679316526     
   21.014271327331144        55.716610489712366        17.137761294340262     
   20.120077429811051        55.824086183146740        16.821490357520677     
   19.229435345274990        55.955398909216413        16.494781964050631     
   18.219842984090864        56.234744237702913        16.351078201186724     
   17.239756018486851        56.329063466965259        16.040648058647562     
   16.278749801901785        56.463854924212363        15.648137451730999     
   15.381710379262319        56.488138444422944        15.211242656144766     
   14.589151319752187        56.516505511639991        14.594492820411556     
   13.804573375994329        56.659580166904661        14.118708761119031     
   12.952032505501998        57.066913292327058        13.688446348155864     
   12.113477865374344        57.267785697031307        13.322488739947115     
   11.162818652697606        57.279146901967238        13.006381097278425     
   10.260006710904841        57.378362020158349        12.612211115689066     
   9.3968769881831751        57.458376352831962        12.179484518483072     
   8.7123888491863379        57.727853431865604        11.527914026271336     
   7.8783251678244985        57.788304181786451        10.967372964669739     
   7.0102835969846282        57.744914685777296        10.454106321754487     
   6.1362655811627693        57.402789109898748        10.135882661669097     
   5.2945040134194388        56.985784777531627        9.7695021851940709     
   4.4912211980493915        56.620194229381568        9.3690909743904793     
   3.6695971076687983        56.212942183184111        8.9553681811228394     
   2.8082607244589175        55.848983017703745        8.6293435084241779     
   1.9347356351548501        55.603940254228725        8.3291353283879133     
   1.0581827927862537        55.398675605557990        7.9365322872041162     
  0.14204174649430723        55.485228787059924        7.5629024586738680     
