   215.77598492319160       -232.04656119794143       -126.86844207523791     
   214.71206435550610       -235.33748141670202       -125.09117397755504     
   212.98016874416453       -237.47524983218727       -123.38108610749410     
   211.33940144026218       -240.95334672541713       -122.08418006863624     
   208.45435301399607       -243.38027091346103       -119.34885991312272     
   204.64998309183596       -245.48225987449254       -117.59995621269852     
   202.48353075532745       -248.45017921424181       -115.74418926918862     
   201.29344148379454       -251.59453771765985       -113.52124227177784     
   198.77750289628614       -253.69749245602569       -111.05143942367872     
   195.84548976240728       -255.19382466847810       -108.24493337665393     
   192.09605648804396       -254.91220846998257       -106.20989164966794     
   187.79543738348505       -254.62795626627894       -104.21610960211936     
   183.79345653125117       -253.98428902046595       -104.23512141426932     
   180.32361650429775       -251.45734592806639       -102.62578949723455     
   177.34357091950346       -249.37215328637012       -100.10763956078094     
   173.61372097725356       -249.12991233153247       -97.634764021872655     
   170.44649246482285       -247.43585156244998       -95.072754138527245     
   169.13034067298693       -245.98768504784240       -91.165934171621501     
   171.39386546636436       -245.02814578986553       -86.987735396063556     
   174.04663920802824       -244.65538146446730       -83.211445959799917     
   176.06278751380890       -245.76541858849126       -79.434899352868342     
   175.35790441347757       -247.62579458032585       -75.160908668217218     
   175.03450693782611       -246.84693855025486       -71.231701443411339     
   174.30307365547390       -244.74746974519658       -67.487024969282245     
   174.69620832907916       -241.71701451444468       -64.571458556795250     
   173.21576514612283       -238.81301362074973       -61.421746033810685     
   173.70836925615174       -236.97634255359833       -58.520986648261086     
   173.90421616648604       -234.89962655508162       -55.124074354059182     
   174.00786662236089       -232.29071426274373       -51.819863470755685     
   173.71925888665760       -230.58729813896136       -48.279072207441750     
   172.69835501783186       -229.22330492372180       -45.182467088545934     
   170.56478604188291       -229.44737697470774       -41.423754352255642     
   169.43882314041696       -229.39188856913785       -37.600720004248380     
   169.00031416331856       -228.73968714012551       -33.868598259024324     
   166.16396660939165       -227.45629540540318       -30.839785991667007     
   162.37047722262434       -226.61196673171708       -28.879298920415387     
   157.73659271356826       -225.68555123119978       -27.454722827670373     
   154.40458978109010       -224.49697698516655       -25.028070276829467     
   150.97343318284470       -223.35313122642424       -23.492243556020199     
   146.95510021539826       -222.72539594166147       -22.478456714294492     
   143.34699245333144       -220.49043100800264       -22.345880183576686     
   140.57440859200028       -217.98622434702602       -22.936564092614208     
   136.49506170516693       -216.26268670580251       -24.003269221819632     
   134.62039994214126       -212.99181042267330       -24.859157607890321     
   132.35942931922284       -209.70014305347868       -25.140790171227390     
   129.14034268120642       -206.44702024832353       -23.722316390355338     
   125.67236499347150       -204.18802129772379       -22.963218879279857     
   121.66790705000200       -205.48219220346803       -21.649488072194153     
   118.85216542676027       -208.82751740768725       -20.197225645046252     
   116.50997380070397       -212.09848312760448       -18.126264987183461     
