  -162.64982761328451        494.61660476204315        202.11426995986062     
  -173.83664727533156        481.94683522060836        205.44642999371382     
  -189.82644369234714        471.83580060398083        208.21362320093490     
  -188.28847134993941        469.91521243302975        223.74853952378510     
  -199.65622827707477        456.99103970403127        217.35566393102974     
  -196.49736085276086        438.17043770584945        212.74036082631224     
  -195.41273481708217        420.65083279031535        200.07382595955693     
  -185.05281963089371        406.26067230412133        193.84190233687107     
  -180.88515219996401        407.50802355835845        204.26480558104933     
  -171.24572750784688        394.10056305401844        215.75565350291001     
  -177.00069631604899        373.23713959446042        208.18845429127541     
  -183.11558185634294        361.34677852385283        194.28046868843953     
  -181.17611139456960        349.75191865514819        178.87147770743044     
  -185.01994736247752        337.85730652407602        162.46029995619426     
  -202.51241906174943        334.67288173129526        152.99024007519719     
  -215.69087138650787        342.23290787411611        141.73675995754877     
  -231.38717077143187        340.87448671889314        133.63847894677528     
  -250.42011556004968        340.99859456151427        123.26275205603194     
  -266.91414956570497        352.07935128061820        122.87611404277166     
  -283.07886006796946        349.12275479544491        121.99318719005312     
  -298.90582648667390        350.27396636780304        114.07661309496885     
  -306.42122678551567        359.23761615831620        105.26277975269728     
  -314.96579648096059        380.14678970814691        100.24167523741065     
  -312.25599432371058        395.47927782689220        95.968499658629781     
  -300.59514330958410        413.02657328232061        95.976112566168496     
  -289.54445128069767        430.61477993576494        104.03921549582772     
  -271.93292813960073        431.48880202131204        105.06565304121014     
  -257.79310887389596        431.05818995160030        89.681521451995167     
  -246.54018249637357        419.28711079165794        77.177294739609167     
  -239.36496748729027        409.71869168503116        65.708691877659874     
  -233.48746061289316        397.33952054891120        65.174207597698143     
  -246.85919661134781        387.77287304108194        79.378221174032532     
  -262.67499557446655        394.50466797513093        81.749124817340842     
  -270.09880713273014        405.31862260324300        66.155297516737633     
  -254.39533455228323        405.81013353923038        52.465073276476303     
  -240.02423592866737        420.71110484042805        56.974647150148762     
  -225.65805083503636        432.29651763955763        57.506459842970244     
  -215.59632233611669        445.01062627999517        59.360664938497877     
  -203.76821421141597        455.60911777415026        64.472211352856021     
  -190.97310530712622        463.23355421390590        69.858316093476574     
  -176.49203441790078        465.00454107679832        79.604282685766492     
  -166.09918164384771        472.64307440775485        85.175433195789140     
  -161.48959395592775        478.73081574306383        99.416420840414489     
  -152.39138617636024        483.42471652270990        113.16207795194470     
  -140.35414880602877        480.64925714366024        130.89917668229936     
  -143.21313955363789        475.23365979083985        147.06277957171250     
  -158.95438613245750        482.86597378923011        155.30581203990153     
  -169.59068119892203        492.35221455404678        167.05808044180304     
  -168.41881925020763        508.61157541669928        166.14550464317898     
  -159.40996755937837        506.85910722600522        184.04385678705259     
