  -235.39198484710721        490.40427606210625        141.81853034098060     
  -230.07777851001745        471.75609587433155        140.41111215378515     
  -219.01779325984910        458.67708214422834        148.93650898052076     
  -196.12731261027477        457.00983928817044        151.41958180505361     
  -184.41778805264093        448.51576697927788        162.20905260071726     
  -183.66080136245057        431.03691338703595        169.41807209715819     
  -173.12903000517986        421.08305338542391        181.65434963410533     
  -173.56892899230382        405.97194714470237        192.39689851652201     
  -181.66492709896039        403.87836327554254        203.49564642384968     
  -193.03039664491806        388.16974225015053        211.80431548562930     
  -209.12794064079367        382.86965166538442        215.27788407153045     
  -218.83676618450920        368.86198155432862        218.18180575478570     
  -232.00726652055766        348.82710828141285        214.93273322750380     
  -237.28832310734893        328.73955164552871        218.97065869220685     
  -249.94264174962024        332.80971615859346        213.88796685652312     
  -267.77374506578076        335.37786180860172        206.37922432429102     
  -279.72655611420259        335.12088327354451        197.96726973166392     
  -278.59487166829575        346.89681506609514        184.13363783942538     
  -284.12732728961447        357.26880350228748        167.47653418735604     
  -287.22221126939530        371.22042595381589        155.24809343319222     
  -280.20152284366031        388.11918174449835        147.48168229333626     
  -275.67857297521874        409.39733524941255        150.12469890811175     
  -268.27197216050217        427.01349262827813        144.14896720624762     
  -251.64958781444221        430.33702452036022        142.41398526350176     
  -246.91124166043087        435.78658586263015        125.24892228715760     
  -240.20857030312635        434.80178822535635        112.47865174636067     
  -239.45648786638887        414.81952808189448        110.48611985100531     
  -247.21526877766416        400.26832925116020        109.53945158793613     
  -260.23887608612239        392.78930321986178        101.64101858080382     
  -267.37179765710368        387.75639260434940        89.640240456252343     
  -279.54741766810582        382.14598178087527        77.713676361447952     
  -293.02140207738722        385.57451039478286        68.248360455230767     
  -297.85377262096222        397.67691721785201        54.528048713106770     
  -281.28773941429796        401.26099128748371        40.077057995842623     
  -261.21407529841139        393.11591389713891        35.923302969735502     
  -244.15593048700021        402.68419540000519        40.023882464259195     
  -240.52701568124348        418.87074472266647        59.151216763758882     
  -227.08596810886741        430.56208775386301        65.311744100680357     
  -221.08550367708330        447.07624929737295        70.888450713820120     
  -205.55429307337542        457.57623890709664        82.677043397143038     
  -187.82327854369896        460.96235532530341        83.989539313994996     
  -171.40770979934527        460.36033871467743        88.770605824950636     
  -160.82453610486880        468.24528209628807        102.37228045143826     
  -147.35538132719117        482.61669416212374        116.84683234219000     
  -150.15817942774268        480.25638445262200        138.19885514027519     
  -167.48429691483210        494.76698753620030        150.66127165783399     
  -180.50281354566039        497.03198752476868        135.39261451382583     
  -198.18560620444933        504.01770044149691        129.18563870778098     
  -215.76128929752295        514.26712785902725        124.75329161049105     
  -228.20843828366483        505.84529940825718        137.13048135838082     
