   55.286981286859906       -1.7949487535543771        35.559475468660139     
   54.898502032970235       -1.1081295453484432        34.967927911626738     
   54.411956889642589      -0.23312848379260007        34.515490508892086     
   53.970612514007776       0.50972695107766985        34.144237431108550     
   53.664312244674569        1.4475645150920660        33.761193391749998     
   53.560234051076364        2.5280716515370329        33.663239345683429     
   53.497812115250213        3.5404816141652518        33.515842656690758     
   53.433245085834606        4.4999721940886594        33.515690894340665     
   53.451759190526417        5.5208057370355581        33.643348104165625     
   53.336782724005566        6.5009962753747654        33.796367788599078     
   53.179340137172865        7.4033354539467391        34.033394780347841     
   52.986419819192143        8.3412903936235683        34.267528821544417     
   52.862145397210021        9.2414217515164712        34.630884523592329     
   52.640045135567689        10.170605763369469        35.081151591968165     
   52.223494923820198        11.055978668836692        35.540523687247173     
   51.905234024823663        11.949361229204866        35.791423613955331     
   51.786945838977509        12.923063115844425        35.879176764705505     
   51.775852634664609        13.912531536427865        35.803207613845061     
   51.969712033932701        14.917142001995295        35.587432314204825     
   52.177579083915056        15.749938391845445        35.171010788215625     
   52.297850961468818        16.638413836794488        34.806038448173439     
   52.146226362307956        17.545351729442832        34.493984667827625     
   51.919318473778084        18.458317876024928        34.131834845804427     
   51.619119536540090        19.316858305105747        33.702549058970149     
   51.071566153687883        20.068230752417787        33.249097898369506     
   50.600929984638803        20.882255183149532        32.943492355783505     
   50.318342070597282        21.748513878149911        32.629902382557631     
   49.765012254887857        22.474374265515934        32.294798105410699     
   49.024051911101935        23.151466575524474        31.993043571376329     
   48.312696228251681        23.623516631087959        31.524681288769571     
   47.546180312848385        24.056161974335581        31.072155090563641     
   46.770776978222628        24.532455797883159        30.828737615464050     
   45.913016818251215        25.051728582717214        30.587927009023776     
   45.132092693149396        25.405168561153758        30.202650775168468     
   44.324962448109972        25.911930264659198        29.875158780450128     
   43.622977486028390        26.531549559513540        29.606084402631204     
   42.981652836576565        27.405294353124706        29.457770633549959     
   42.555673382653595        28.235548814358896        29.242696397485012     
   42.314953477804231        29.074565937289837        28.966245880303639     
   41.940343480700257        29.800266742620941        28.538702282851744     
   41.607717984739409        30.523154091485196        27.981180964344727     
   41.144719007177372        31.285284284222701        27.462430956336338     
   40.542284013744421        32.029672214686450        26.966747532249663     
   40.021528813694360        32.769782408057374        26.410145364211367     
   39.465429624126116        33.432378652946710        25.920381315939402     
   39.055519627845925        34.157544586411248        25.395863269332303     
   38.611143126732699        34.981119097991076        25.020100053475680     
   38.098994742529925        35.811006340739077        24.433598648486111     
   37.714633466716023        36.475838473104602        23.833939167045997     
   37.296138370924353        37.260935812229988        23.362322568472230     
   37.094857918038926        38.207403868146088        22.924044738746609     
   36.841758694984378        39.148151829402153        22.532318819698489     
   36.492071628467514        40.178327284237696        22.368796159122311     
   36.153099563153546        41.077123085295653        21.933554123491184     
   35.995853137914395        42.066404006635601        21.443825539051019     
   35.924673323376524        43.020545877077438        21.099796896178084     
   35.895665062211577        43.983740102221766        20.848592838071824     
   35.721951714494949        45.019369273151256        20.541806910045217     
   35.595709964739910        45.924746425520162        20.250075227823416     
   35.355390277798364        46.831519507198301        19.969011709078330     
   35.199921972839533        47.734711445108232        19.436899830046933     
   34.880890970074802        48.534800149881178        19.007123953759219     
   34.603422496336933        49.316874041432371        18.316656055866751     
   34.325656188151683        50.002091389621235        17.607264024793551     
   33.901650518894158        50.721698468419341        17.129004102764817     
   33.463003568184874        51.545044163654531        16.625921671492080     
   33.021731621412400        52.366727840668204        16.195582145703504     
   32.584290625091270        53.063385957723618        15.846424628095827     
   31.949527213742737        53.913209760659754        15.628454323822151     
   31.332847997555184        54.801353961499998        15.310656258673024     
   30.949347336743614        55.649453132911120        14.934791386336959     
   30.576239327129880        56.393089538278858        14.656816486714835     
   30.089231242220666        57.280952717388374        14.559305443045334     
   29.649163248004339        58.180384612853764        14.618926860934423     
   29.092441090065492        58.992872801064834        14.693764797116083     
   28.490874158351822        59.645721726068992        15.057939066252361     
   27.927326877660587        60.544268575714753        15.299854735221277     
   27.282414331839949        61.238324960486949        15.466754220773771     
   26.635262932722235        62.020584717460679        15.663512225709752     
   25.889856124599948        62.685667363066635        15.931562997155844     
   25.185512045517417        63.328237376618198        16.065000006974898     
   24.457690593967492        63.962672551166172        16.362115162555000     
   23.682020156966473        64.574338142654625        16.553441728276944     
   22.999460006912802        65.335447536046260        16.970829247003060     
   22.510160590502906        66.106107244365177        17.281781176624818     
   22.118364327545571        66.863708847023943        17.669058956052730     
   21.593317523033949        67.552588293388581        18.255662166924168     
   20.984654004182904        68.025574600970245        18.836164857632447     
   20.143743244842273        68.506343151790290        19.286611151854153     
   19.261509969892646        68.859612337128468        19.545480780920904     
   18.394906468211644        68.953877175781813        19.865737649759410     
   17.385045582009973        68.778098144230285        20.144918188380665     
   16.479610710255727        68.484053007368871        20.413293824379139     
   15.520779880009343        68.190726135191440        20.615577656076148     
   14.549856394140809        67.949867568950836        20.675323475651403     
   13.517801962509635        67.798326480752934        20.811244023641720     
   12.574880546185179        67.863684959831119        21.031327874816409     
   11.710143724125764        68.067888331166913        21.369216977021420     
   10.919983285878303        68.268238487222277        21.845804261123948     
   10.209117438652399        68.620869828502066        22.383604696317136     
