   198.58437946554469       -151.56263309719645       -40.849903995353330     
   201.18346556157073       -153.69659730544689       -37.905277684880829     
   204.14505111826972       -155.19228167212410       -35.042488350846874     
   206.27077268119521       -158.15609393464422       -33.196591082887629     
   207.44791644204250       -161.64975652502935       -31.903129176682153     
   209.44139995297013       -165.72995472606661       -30.956314145636576     
   208.89889566741817       -169.47901091681081       -32.358826114112240     
   207.42105441133327       -173.12788331103084       -34.588280975508873     
   204.63070666841952       -176.78320308394439       -37.228411906291178     
   202.59647583106235       -179.77186099634974       -38.831839874224087     
   200.18215290305841       -181.79299919613544       -41.782374401698746     
   198.63273935888787       -184.18455953473682       -45.348200493438405     
   198.04545835788610       -186.74741150395656       -48.050708879300153     
   197.29201050992629       -189.00129771211664       -51.925573155088877     
   197.09232446291585       -192.72890726742787       -54.972749589810519     
   196.64520007507141       -195.52279956176997       -57.539309575749321     
   196.79887052683029       -197.96159806558686       -60.725532921912624     
   199.54465911024030       -199.81667268471111       -63.189865731108000     
   203.51081530535163       -202.31505113769782       -64.540746790119400     
   207.30363349895453       -203.95928824849869       -66.090431752811909     
   211.47020346460260       -204.66025259201328       -67.426853285538712     
   214.65095295310661       -205.62599370927754       -68.309578200636665     
   219.10448650432571       -206.77146575735378       -68.160255704492997     
   222.76473515737186       -208.34450729657542       -67.983018517374319     
   226.43120238802302       -209.77475359085096       -68.111627108411810     
   230.91303801002721       -211.53428435300734       -67.992973483768353     
   235.07771330476200       -213.55779366958251       -67.536817221434362     
   238.30562779112128       -216.63329388542232       -67.202353128089698     
   241.06128099949100       -218.74927826521062       -67.876616289626938     
   244.44929199859223       -221.16023240660198       -69.856892591343609     
   246.71170056838491       -223.56514361185950       -71.153762636703220     
   248.72899199925317       -226.93468401894100       -72.114542411417432     
   249.71881027834834       -230.60188032598791       -72.040279563470364     
   251.99535965692695       -234.00886213039669       -72.364530653676695     
   255.31543834711007       -236.93904403866713       -72.816386250718210     
   258.96365780768815       -239.63312080424603       -73.266397435512729     
   262.06509770917461       -241.40927391049902       -75.710919982716405     
   265.57060349489359       -241.93768066427580       -78.225731225284790     
   268.24792565077570       -241.05125269542930       -81.388975827923048     
   271.98643651965250       -240.41477604672730       -81.538020441822511     
   276.43769097121128       -240.85489930286789       -81.330238122112178     
   280.42091645351519       -241.20644463190166       -81.951529046006954     
   284.96162173721302       -240.29098704619093       -82.506093114387880     
   288.66003668962696       -239.10171518485728       -83.279225577979943     
   293.13192893202336       -239.88394393260802       -84.465215344577615     
   296.87279366652001       -241.12266956724596       -86.157658898235042     
   300.80894068845669       -243.20109050916977       -87.748535011028110     
   305.06174934209417       -245.00886146907555       -88.558553024351298     
   308.77149753428336       -247.14495805287811       -89.787856550123820     
   313.03044861446591       -249.50885309732439       -91.194579053451179     
