   203.96397468564535       -156.73549171487372       -71.524993638075017     
   204.52651191700673       -161.28570716525891       -70.254422730765668     
   205.08196193201900       -165.38924945008017       -69.412115191550129     
   203.35926479343902       -168.73069851304189       -70.168138259891379     
   201.73371730097213       -172.33603283070119       -70.827488708240679     
   200.58311975718863       -175.95957795248398       -70.908924259360916     
   198.86537304626955       -179.04773717497173       -70.145973081880769     
   196.69972111693207       -182.13686000618884       -70.511979772228045     
   193.32866409516777       -184.96429639278307       -71.046123783486323     
   190.83284208160813       -187.92848202668171       -72.588020810144826     
   188.01210800560085       -190.64754361694108       -74.905544994663742     
   186.67887358044086       -194.74262858728366       -76.589019415867313     
   186.07159540457744       -198.31944389512270       -78.383128939416153     
   186.26803703384098       -202.83691175500903       -79.666898616265073     
   187.35366794230143       -206.58760497319619       -81.740746071812879     
   189.28326599766768       -210.48782064390883       -82.953773279153623     
   190.05311603559994       -213.86531509838107       -84.173206146719238     
   192.13436479656849       -218.22978159170754       -84.208608936898713     
   195.90303279398611       -221.37996494094071       -84.467456999008505     
   198.63776241502146       -224.37032382560918       -83.397934769052299     
   202.11291504460434       -227.18161948395823       -82.441626346827519     
   204.82758062192764       -229.31904882234605       -80.744485399481491     
   208.46788708894559       -231.31000577165037       -80.361968115685698     
   212.35177581975100       -232.42495167673528       -79.739127559126672     
   216.98145215567538       -233.37903082673404       -79.607667262894410     
   220.74382847034303       -235.37646455460768       -80.185373679365441     
   225.59866863507770       -235.77272235328024       -80.601396093251623     
   230.15901379830694       -235.07461492168099       -80.517149532460706     
   233.80172587843586       -236.00106483566987       -80.279063801966373     
   238.57137560521127       -236.93598311616128       -80.685147278336586     
   242.60965339493902       -236.92515124561805       -80.676507347695434     
   247.41866234891324       -237.50394853572382       -79.065688910537901     
   252.10262776436124       -237.96057117637440       -78.390462284268054     
   255.76159478302711       -239.20762732679609       -79.872240196876007     
   259.99133751912132       -240.21560304592944       -81.986973719909031     
   263.66342855868385       -240.11791222241141       -84.436969362945504     
   266.99184517220908       -239.96922047954723       -85.849026893523074     
   270.95545928656401       -238.68053570295643       -86.880261461328331     
   274.64451815596379       -236.82008648469917       -87.649227872667936     
   277.72171789156749       -235.42091354413654       -88.242474120108795     
   282.28939145324199       -235.03376632421273       -90.325946501269769     
   286.21431821191726       -234.72380775595690       -92.233565232669619     
   290.10599179694771       -234.55601945440060       -93.920526108941743     
   294.07971721917494       -235.18315464846032       -93.022473836907153     
   297.44883604455424       -236.11633200793707       -91.458543750645632     
   301.11287227830218       -236.57482079563914       -90.360473521740531     
   305.28775024565613       -235.41268339769363       -89.790935849470173     
   308.29171666320894       -232.31239027372490       -91.438913836370872     
   311.09005161828577       -230.65514958946497       -93.576144679736458     
   314.57912914272913       -229.12434726244962       -96.017546729602515     
