   834.40971270976513     
   812.56305296333073     
   804.99997642229800     
   808.97881050357228     
   670.22627083678742     
   701.80977996095908     
   682.96819252271757     
   582.53626476851025     
   669.82015694863060     
   628.23420755360746     
   709.28779073716839     
   716.80023475705855     
   690.68500717971040     
   669.80913238030280     
   682.97710805754048     
   707.37704799054495     
   710.39293514110761     
   726.00057121677889     
   711.00510986644963     
   753.86371763298814     
   764.40033075532676     
   718.15282698011276     
   692.82999840093373     
   744.99889490706846     
   723.90295991195114     
   677.48622590499861     
   659.61095191221864     
   649.12455317889498     
   561.23896099888839     
   550.87797053709755     
   534.76914779754372     
   566.26364764704272     
   580.51989013573086     
   616.90514468595120     
   542.21561920224292     
   535.06198896041747     
   602.90526405241178     
   524.77901680240643     
   554.02063328222084     
   607.71324395680460     
   546.13548003398216     
   603.22106717074269     
   561.74066184792093     
   486.05492902859595     
   407.49968585139032     
   522.88622162692081     
   504.74166732209045     
   471.34756152937223     
   410.31223550141544     
   501.29629383394274     
   523.15419729983103     
   515.28544371511714     
   596.30506601337311     
   657.83128351905998     
   668.88333612425447     
   561.49276398165534     
   605.25663726877610     
   644.80580724242566     
   674.18677277255995     
   645.02837888046156     
   665.94081565896772     
   606.02823302341983     
   590.47319124985381     
   551.65161697545454     
   511.17294032569572     
   567.90256121092580     
   572.66826025520709     
   558.66139810368190     
   564.16508311133362     
   460.10918107727576     
   502.70053815839742     
   406.07128485177304     
   457.23789056905838     
   506.63402022932132     
   488.29973516639734     
   567.13913314925992     
   576.49985451632790     
   662.04719463600168     
   662.25677375295709     
   681.51808264073804     
   686.12441992992274     
   676.89510698118943     
   675.63253734870068     
   686.97646012977771     
   608.55782790180729     
   604.18234295070670     
   665.84056649814943     
   677.01984536214150     
   724.48854891223482     
   751.75924080623224     
   739.70421980273795     
   713.20342491283884     
   717.49220349161726     
   724.44415370990032     
   688.76165978370739     
   678.07755987289511     
   699.87040167056898     
   672.26209995462932     
   651.85972817946242     
   655.18831682599466     
