   5.5281938137164935E-002  0.99744268235106803       -4.5299036856266274E-002
   5.4202192329864805E-002  0.99688044995959157       -5.7371515885489187E-002
   7.0128842766334437E-002  0.99536860075668077       -6.5751760736451947E-002
   6.2789966725562224E-002  0.99658815891586217       -5.3567355612314974E-002
   7.3536582732377731E-002  0.99609528846131512       -4.8852300920363023E-002
   8.1544027018464166E-002  0.99528266562282941       -5.2564124346618862E-002
   8.1566104406731732E-002  0.99528277615819538       -5.2527764989066264E-002
  0.10234030951358493       0.99314287639531407       -5.6512725238711460E-002
  0.11509521669221390       0.99202890297904778       -5.1300553103836480E-002
  0.11509521669221390       0.99202890297904778       -5.1300553103836480E-002
  0.12625736829326942       0.99056141295759959       -5.3358824116555223E-002
  0.12621120263326091       0.99084095429523544       -4.8009745064664461E-002
  0.10699183428218582       0.99388085599212139       -2.7451620886612550E-002
   8.3966219512075585E-002  0.99614136082853033       -2.5535528730285827E-002
  0.11396184799239993       0.99269306698870829       -3.9663231773401822E-002
  0.11936383756631523       0.99274650054865976       -1.4375671456745591E-002
  0.13337941919232948       0.99085602111627824        2.0353770007906172E-002
  0.14194495229606546       0.98945981571490627        2.8651415376775527E-002
  0.13907246098514439       0.98985168822807856        2.9197361311537204E-002
  0.15197344203575425       0.98791766797325187        3.0376869853524724E-002
  0.11772142121278699       0.99236037131361365        3.6912876262203360E-002
  0.16732042248274953       0.98590106363167573        1.7230641674773756E-003
  0.10342113743043289       0.99357977388929086       -4.5861762402920787E-002
  0.13820674135201755       0.99039026907041849        5.1001544566732860E-003
  0.13929364414933088       0.99018969610606744        1.1029343814312685E-002
  0.13916611199243584       0.99023837216191957        7.7948425911266517E-003
  0.14021545868347396       0.99008236538265282        8.7484229707088003E-003
  0.13791850790910284       0.99041974152809908        6.8717368647538621E-003
  0.13036308372150096       0.99126763951358887        1.9847751907423571E-002
  0.13726942913444645       0.98998250611445482        3.3041510444376011E-002
  0.13959315563385860       0.98955444928419456        3.5996427628772129E-002
  0.13762301686918915       0.98724165731771130        8.0086298980526910E-002
  0.12307330666364091       0.98851232573276249        8.7728804057055548E-002
  0.11653296381512522       0.99030960102766175        7.5544440277854730E-002
  0.14352669222782602       0.98789885207460482        5.8787300395724759E-002
  0.13902364173021969       0.98739137466079985        7.5701388927300634E-002
  0.17793396614737605       0.98218054342845684        6.0505237803386180E-002
  0.17233230768668045       0.98110528220407622        8.7943168914029271E-002
  0.16767786719469199       0.98186648359972695        8.8444000568407941E-002
  0.17430263515566785       0.98213103832407644        7.0973339630191867E-002
  0.16278796045416954       0.98310623379376938        8.3679226854712421E-002
  0.16367450568342945       0.98372256541821113        7.4165830921649800E-002
  0.15657637254241760       0.98467667040372342        7.6783424800505345E-002
  0.14643075656444671       0.98699817318130234        6.6276992001258195E-002
  0.15528901987257226       0.98603542209417294        6.0162003645024567E-002
  0.16425449154614627       0.98595708576981400        3.0151070084063432E-002
  0.15162285240922840       0.98820415586057386        2.1518758495361560E-002
  0.14940342706729265       0.98814599098127065        3.5300375184857624E-002
  0.14056667451700661       0.98897244733895273        4.6631624672887770E-002
   7.9915176475877231E-002  0.99672389114212090       -1.2451883204444927E-002
  0.10521764850873373       0.99405090677840724        2.8143226100022654E-002
  0.10508802045814856       0.99317402504426966        5.0614858821818542E-002
  0.11187910931558818       0.99246877374916387        4.9887854549800728E-002
  0.12935196139621705       0.99045827133966124        4.7544535099219118E-002
   9.8653451615407312E-002  0.99509191647394901        7.7184358887105991E-003
 -0.12709663228173484       0.99007972879646855        5.9904730105005577E-002
 -0.15384404012013997       0.98539157850746750        7.3044153264142986E-002
 -0.14790083556520686       0.98552725656699869        8.2833383382795528E-002
 -0.12561173947331861       0.98284164830080267       0.13507029751891220     
 -0.10965063247027014       0.98066096808552639       0.16211355425265300     
  -3.9677809848109993E-002  0.99464149528910761        9.5467100378636843E-002
  -5.4163804571435714E-002  0.99800928596378857        3.2307079787491366E-002
  -6.9646674718610094E-002  0.99685331135720712        3.7852560505327509E-002
 -0.10786433645153877       0.99387491509434778       -2.4040342511509692E-002
  -9.4825921381528108E-002  0.99499543840257232        3.1497971239689088E-002
  -9.3598952886389558E-002  0.99251928897072572        7.8388117974703825E-002
  -3.2611158190809314E-002  0.99071916838709762       0.13195469583092242     
   1.1635282420261558E-002  0.99668312929016534        8.0544149330432815E-002
   3.6649752507481634E-002  0.99459719686128423        9.7124722068150898E-002
  0.13591030951190897       0.98843539421053717        6.7259640500350312E-002
  0.13307663285406579       0.99026133219520118        4.0903590884035716E-002
  0.13216456971907903       0.99027997453953187        4.3337034242718564E-002
  0.13002035520633726       0.98851770156240448       -7.6990005389001845E-002
  0.12276259589779566       0.99029270469058062        6.5189754448447101E-002
  0.12276259589779566       0.99029270469058062        6.5189754448447101E-002
   9.5022944845521401E-002  0.99444057143359688        4.5371685440449228E-002
   9.0994903422637038E-002  0.99403357720041730        6.0142954277692895E-002
   6.0264839221524667E-002  0.99307848966206524       0.10081300771287519     
   4.5012284450951130E-002  0.99228403540266141       0.11552613268657659     
   8.5578914838667350E-002  0.99465113908841507        5.7839094435821262E-002
   3.0102649129488044E-002  0.99813032030685378        5.3194870048946935E-002
   3.0779123382304156E-002  0.99931280061890582        2.0653621547268165E-002
  0.13799900541107291       0.98944784701736377        4.4150113683411381E-002
   8.1873046416092110E-002  0.99643744229150355       -2.0229381357732737E-002
  0.13178524972310710       0.98675491485419098        9.4590623036948152E-002
  0.32760599475839014       0.94311165827008026        5.6698432371843584E-002
  0.31838107711350805       0.94603765297608666        6.0384177460155619E-002
  0.37009941696237708       0.92828361494720912        3.6276049738766622E-002
  0.34533196714365050       0.93281546914619795      -0.10296180354992673     
  0.32844775442619689       0.94449871531261387        6.6520211373178179E-003
  0.28641408179572064       0.95797539118736386        1.5815297295052599E-002
  0.28641408179572014       0.95797539118736375        1.5815297295052166E-002
  0.29455145568015212       0.95551147472138365        1.5403299402050001E-002
  0.28882477149444563       0.95727681297770617        1.4189950895858464E-002
  0.24425019336807743       0.96495854788020896       -9.5900176811994892E-002
  0.29122295518334862       0.95367939946109304       -7.5397569044390628E-002
  0.29293171848032468       0.95409964684438719       -6.2328742964835045E-002
  0.35069317152000951       0.91929662352492603      -0.17862815406566068     
  0.33564225795897124       0.92736661732822379      -0.16533430296647267     
  0.37637661771597153       0.90782333478278243      -0.18492548353472138     
