 -0.61213615722673298       0.78176456915569714       0.11888432793474463     
 -0.77812213881738768       0.54284976645011962      -0.31597479036674758     
 -0.89524155838044328       0.19377867859396805      -0.40123855232382766     
 -0.78781773256429721       0.60241546344021435       0.12821399949052642     
 -0.96263075867751069      -0.24129120661141337       0.12296575157320273     
 -0.11464736954907041      -0.63015224177362106       0.76796102299735192     
 -0.12197261387462131      -0.26510264072007755       0.95647439659817024     
  -1.8969904223472094E-002 -0.89233537404240304       0.45097419323766008     
  0.42704332907075382      -0.34565162319312553       0.83555906462686580     
  0.94997197391964638       0.30805809540013351       -5.1511732893054440E-002
  0.13799058715820781       0.96078165519828918      -0.24053525498390871     
   8.1870783614306150E-002  0.98115395623481083       0.17502596651687369     
  0.59096408087231800       0.80641174679057970       -2.1483709104984004E-002
  0.66520482983039519       0.29674139556998275      -0.68516208193791972     
  0.94545598192165414      -0.20735604436413374      -0.25122988897466192     
  0.89645165915392611      -0.35917865563208284       0.25954790721273691     
  0.99886407561203983        4.4322524923643032E-002   1.7494920294444036E-002
   9.3314434342128910E-002 -0.22073169144191340      -0.97086041053109307     
 -0.21997209345004201        1.2521585105753338E-002 -0.97542579831048559     
  0.62073782896682350       0.11215885534535872      -0.77595421183030044     
  0.28570113321720414       0.49872262773647474      -0.81832182120607944     
  0.73908579465642466       0.60605301823281588      -0.29402708587475412     
  0.73495042857434734       0.63667987734933007      -0.23342365200819054     
  0.99702758200800623        2.6383489242707135E-002   7.2387237899150025E-002
   8.4056365085322771E-002  0.92102936270057434       0.38031492283637208     
  0.97493928533943019       0.21650783315398472        5.1163933437896270E-002
  0.71278088807048501      -0.65697830352231457       0.24560723585109911     
  0.76470890145993642      -0.62157531001563282       0.16989535016275711     
  0.85838860207622836      -0.19991838085391714       0.47244221744290937     
  0.44010212614073668      -0.75992186849225640       0.47836060911579714     
  0.11363745874378452      -0.39618841381703629       0.91110991034419520     
 -0.75802064221541732      -0.38844460414279169       0.52394226350588624     
 -0.89510652269929758       0.43339119573124285       0.10467274948051118     
 -0.74970735089734786       0.63315623455614534       0.19248914424758834     
 -0.97988147474787424       -3.7271543523909156E-002  0.19606919056618632     
  0.19951091020623005      -0.11094674146575290       0.97359448296855200     
 -0.92789862210353846        3.0633144776129832E-002  0.37157200855213873     
 -0.82408481131046019       0.38585723803268990      -0.41472691692869629     
 -0.58344761820842916        3.0555480920216455E-003  0.81214502426153312     
 -0.90474209673435502       0.36407260234897543      -0.22111734128186922     
 -0.38208975302382336       0.15913019796427097      -0.91032137222524023     
  -6.5633356836678300E-002 -0.85858903876397663      -0.50844579355590824     
  0.69058944554872492      -0.68055203320582336       0.24481655948101502     
 -0.48350230607730427      -0.84429435321210078       0.23106831273908773     
  -9.2518500174995827E-002 -0.70952500415172370       0.69858041456146147     
  0.38193883856711763      -0.88400374572478424      -0.26955537675690533     
 -0.24402589461017885      -0.88224614155810643      -0.40260788425655347     
 -0.49502337156569298      -0.56190543811884164      -0.66273232923722980     
   3.8088468202692044E-002  0.56113241466668740      -0.82684924974284413     
 -0.35564815064987088       0.40542657901413803      -0.84210669274636574     
