 -0.39238563053555292       0.64593946131776558      -0.65482496078090957     
 -0.48887763916930688       0.75674529564946191      -0.43397604937673884     
 -0.52208278611158088       0.71738526970476602      -0.46128943111302689     
 -0.39509136987602167       0.81488578784915655      -0.42410371633710447     
 -0.22639295253022595       0.97166220024214112       -6.7961751487461738E-002
 -0.16590326744336073       0.98611221616422573       -7.6683103277691324E-003
 -0.14397802854324351       0.98949437012243135        1.3085059908453017E-002
 -0.13142583878765451       0.99063425565453755        3.7027292943723339E-002
  -2.7541247254056322E-002  0.99332796425880332       0.11198676315148370     
 -0.12857367417486970       0.98200046335395663       0.13836148409794732     
 -0.16675477938863559       0.98079444567027751       0.10116866557072027     
   5.1822459889787044E-002  0.99187007898586010       0.11622469214224018     
   2.4799513914897861E-003  0.98199914267109889       0.18886909126247786     
 -0.16216503484005088       0.92718268058049169       0.33769035862293884     
 -0.19980077806366037       0.96396023740289016       0.17567102718236485     
 -0.26013195250392962       0.96369283665759575       -6.0228596707196762E-002
 -0.28392757470104485       0.94917052217833220      -0.13586924652800045     
 -0.11872710722990042       0.95889450643055663      -0.25773086649858568     
   2.4015057123876235E-002  0.88432269008545650      -0.46625814398394339     
 -0.11947020759648785       0.74941564959443530      -0.65123195072094608     
 -0.32894742770927898       0.79318474229925451      -0.51249541889377381     
 -0.45514137762632650       0.80127712391956762      -0.38833142681939853     
 -0.59963124628771047       0.72314715772999028      -0.34278354211145268     
 -0.75731325286853879       0.63095512805587972      -0.16844068216929603     
 -0.71527562505235265       0.69022611102124865      -0.10940153504609218     
 -0.54115119542881363       0.81040982414868556      -0.22448006728721448     
 -0.75256982124314498       0.62259812568891959      -0.21449997212751515     
 -0.81723985611499428       0.57278502595057357       -6.3532130642204518E-002
 -0.87215893652592369       0.46813655497643608      -0.14208080564509995     
 -0.90720914619173976       0.39443044528898791      -0.14627436171516239     
 -0.81356252046456745       0.57008786232866449       0.11452447127518994     
 -0.83120875030479979       0.54916040480637507        8.6688310686187237E-002
 -0.93401399699097498       0.34026979528169843      -0.10878566010229539     
 -0.91032228713902830       0.40730395459736884       -7.3599063223057648E-002
 -0.76292729390653202       0.64591888586759305       -2.7032149230475092E-002
 -0.57262726094287575       0.81937849957841125       -2.6774884755891112E-002
 -0.39728163955304613       0.91301327445446456       -9.2596217762854149E-002
 -0.25612345306989132       0.88701079317117915      -0.38420389064324911     
 -0.45098960169385427       0.75454399125340865      -0.47673026380481820     
 -0.37421447103564071       0.67577125452070275      -0.63505648664590675     
 -0.46273068489154623       0.69546327160468668      -0.54973734738392843     
 -0.48918844701456093       0.71527163725366816      -0.49908030240428841     
 -0.42173404960774336       0.71574913290948972      -0.55663594039622066     
 -0.46352945603691248       0.72157254010458260      -0.51426988318699973     
 -0.33284734660739673       0.76429752189433520      -0.55232412755791527     
 -0.29809571221348269       0.87044963837661482      -0.39173508064760626     
 -0.34484917964019862       0.82675570508979812      -0.44447052478536286     
 -0.48620833595465307       0.72358936781003613      -0.48991823893432346     
 -0.33970732831857403       0.82466514456715434      -0.45224587385923193     
  -2.6543145427752532E-003  0.88696591521284562      -0.46182726193346690     
 -0.11700192237060167       0.88509815550425408      -0.45045732903856589     
 -0.28886562791606235       0.94149716288925001      -0.17360801041472221     
 -0.18274386338722659       0.91015721737386601      -0.37177751418904736     
  0.15254607206997048       0.94301341357745583      -0.29572858791302631     
  0.18632497953752031       0.96978846113121753      -0.15745901897667919     
  0.14413017637081882       0.95287690184291285      -0.26693089404111020     
   2.0226443798256152E-002  0.95559776915186634      -0.29397924172171763     
  -1.7383294188854422E-007  0.96016033374418908      -0.27944969762773764     
 -0.23846580593781724       0.96378787654854892      -0.11936074906131255     
 -0.27359438005955672       0.92839457147805626      -0.25145503544355563     
 -0.47582306278266362       0.85319593305588870      -0.21365652983474415     
 -0.31106038937011976       0.91910162708432341      -0.24185457046718289     
 -0.33387422895798619       0.89983399414212806      -0.28076107676091633     
 -0.50293476578545160       0.81683862974373012      -0.28254428736523091     
 -0.34977673760896000       0.93589868098390516       -4.1831719546693666E-002
 -0.43731880323478994       0.89929477558394411       -4.6011894893636532E-003
 -0.38058199028056183       0.92320654654228684        5.3357483969536192E-002
 -0.52995233581507806       0.83540132527688016       0.14579145204635363     
 -0.56380907105954214       0.81267430806816232       0.14724062074348351     
 -0.41195782737303921       0.87971298095382511       0.23747804026356675     
 -0.45164239400997469       0.89205006641826246        1.6304199953641879E-002
 -0.42130317976807852       0.89053021719797909       0.17163788327362386     
 -0.39329346135430177       0.85265192526317379       0.34395486273780884     
 -0.36366813579499785       0.85474142984121360       0.37035466126457073     
 -0.66266805148225549       0.65148839786027912       0.36936962652356170     
 -0.36817707958061796       0.81186968390330072       0.45311505650358985     
 -0.56605654596476818       0.78630661083590225       0.24759220610955959     
 -0.52456375555010293       0.78094386586071807       0.33905684587940071     
 -0.70911310400105820       0.56529765667749177       0.42142278662753485     
 -0.67033241558195378       0.62965025923807216       0.39267671647487723     
 -0.70057527168123712       0.52162172486370895       0.48693435374696586     
 -0.52799300266611160       0.64337841062330670       0.55433528651842023     
 -0.31299297772224421       0.57611094234393845       0.75507057816348233     
 -0.24632831464195995       0.52382341612619432       0.81543325301555381     
 -0.20270935869270509       0.55538702145469321       0.80650739134745886     
  -8.2098662281173435E-002  0.35832316277469800       0.92998081736709748     
 -0.27505221105004685        9.5797076279521304E-002  0.95664476237146512     
 -0.35739036055101125        8.5073797256139436E-002  0.93007235159724777     
 -0.51112958454259971       0.19515067499222286       0.83705600879235176     
 -0.58507106173932599        9.7207346941483974E-002  0.80513513425748851     
 -0.70817516486608656       0.11350914219262632       0.69685264619257536     
 -0.80633602429567786       -5.0637335100346847E-002  0.58928607332685290     
 -0.91612668450058254        4.2547438779144291E-002  0.39862465227242333     
 -0.93355070384719785       -4.7427423687564807E-002  0.35529385419503096     
 -0.88918451750279459      -0.14015329095290388       0.43555475989638254     
 -0.82552673908177232       0.10234456520601168       0.55500557928170124     
 -0.76503541960164290       -5.7583702015985817E-002  0.64140854688497373     
 -0.71560035551141166      -0.18076269653569227       0.67471547983805680     
 -0.46625437315869944      -0.22436803799846039       0.85572533153758834     
 -0.38288499992179570       -3.6756273579817110E-002  0.92306449026457738     
