 -0.35416366322280829      -0.59299703258266034      -0.72313388732707073     
 -0.56203198690391654      -0.79498658400315192      -0.22829011575589511     
 -0.90198062873328055      -0.30650104013402890       0.30411849300341015     
 -0.86267379498160479        5.8879080973124928E-002  0.50232178658285453     
 -0.87064009797738473       0.41508008984625544       0.26399685378267318     
  0.25330926997806746       0.93281516744195303       0.25630114540009230     
  0.67086109760200796       0.40690830606249817       0.61997662712523205     
   4.6023438259444105E-002  0.74529846165120195       0.66514062136598973     
 -0.13512379357976112       0.73587795901747166       0.66349467958748287     
  0.47195004892549652       0.88109454792455755       -3.0586744462860582E-002
  0.65314800962865904       0.64222275044027688      -0.40118277173260780     
  0.10572216446124659       0.87188384160995180      -0.47816460626139129     
  0.47971508149393266       0.86915871991445981      -0.12015223753196937     
  0.34304788746700038       0.58923405055464650      -0.73151991126107552     
  0.72517711884663028      -0.33794950166761817      -0.59992356231766375     
  0.59545827220202396       -9.4581745389698574E-002 -0.79779931029377982     
   9.0793715040813627E-002   4.8982851714968828E-002 -0.99466435622624627     
  -2.9992670041925018E-002  0.78409642322398088      -0.61991389630425320     
  0.20279866321515594       0.84004000978550830      -0.50319527437934963     
  0.75974323981411462       0.59241709261822306       0.26801529421011105     
  0.83026268237853285       -8.3229225729503836E-002  0.55112319333709381     
  0.90928705751338978       -8.8421309257319045E-002  0.40666782403810875     
  0.90547372096250300       0.38525380509574392      -0.17803608147110661     
  0.42493835402997132      -0.52404451730265422       0.73810889383569200     
  0.28780258069782150       0.53396779461695165       0.79501450858182598     
  0.70877117646916343       0.12238592853950891       0.69474103369677864     
  0.67649878748489956       -6.4750045493668362E-002  0.73359172714804677     
   7.3813941785292367E-002 -0.83481670486005455       0.54555712009352286     
  0.82397409387728016      -0.56048225247193328        8.3224619453079657E-002
  0.90116078093796925       0.23993452168028023       0.36102724579361378     
  0.79930116568606713       0.60091889592286596       -3.7585975775357161E-003
 -0.77307237719572286       0.62561312326961982       0.10472497128088692     
 -0.92997149362270271       0.27853906721201371       0.23993542690861241     
 -0.99442554984315978        7.5744594628530199E-002  -7.3352451926956885E-002
 -0.94029395846458097       -5.8900223070918245E-002  0.33522833322559442     
   5.1458802089814987E-002  0.70592342529036178       0.70641638522460404     
 -0.97980857831842250       0.13820798520088085      -0.14447734313842200     
 -0.65597373548085725       0.52754220022770515      -0.53981263910564314     
 -0.93820940810030218      -0.25768075609038610      -0.23100591873968351     
  -1.6002654938994717E-002 -0.86114779849335654      -0.50810272995226458     
  0.33272036129068849      -0.93008960233689841       0.15566146860215438     
   9.4868635999707449E-002 -0.99113732840552327       -9.2987838692559305E-002
  0.67992549364862109      -0.67946923993543884       0.27572246021721147     
 -0.77821011431182463      -0.52075846194459596       0.35099806594320981     
 -0.51549771155926083      -0.83191778194759702       0.20536531707313904     
 -0.97777138955840848       -6.9580483793216866E-002 -0.19779197667278076     
 -0.74190091769373578      -0.11921794736526428      -0.65982581743306268     
 -0.97349081176394037      -0.22818171905977663       -1.5771572467855727E-002
   5.9450473884526414E-002 -0.75017922413052684      -0.65855658286727636     
 -0.21696238996822970      -0.70118281794612536      -0.67916859258685347     
