  0.28321807029565443       0.88853314202282729      -0.36096589892266256     
  0.19185117007564165       0.88329453216469056      -0.42776617209471673     
  0.18655523541384683       0.89200207461303438      -0.41173953298867016     
  0.13842854509312316       0.90260592710034537      -0.40760284379126527     
  0.19722521243847124       0.88949352703153939      -0.41219349939996797     
  0.20964577249385036       0.86284084939979555      -0.45995034371385640     
  0.11461663746419108       0.92210517972721995      -0.36957416567805651     
  0.10907020636076759       0.90612664689960909      -0.40870305829892317     
   4.7438533274556959E-002  0.97232937530063912      -0.22874695951690352     
   7.3381771933034953E-002  0.93178381020359446      -0.35551940395770393     
  0.15646729947255208       0.92285913698265709      -0.35192186275278337     
  0.17733772315548241       0.93856425556520084      -0.29605484309731422     
  0.14365951396411925       0.96215606157648959      -0.23155486870115613     
  0.10969772850988398       0.98855757249568321      -0.10353904684325613     
  0.12369492689006856       0.99009330434082499       -6.6444064905197289E-002
  0.11526104671498104       0.98921320062183171       -9.0399860761377834E-002
  0.10695524431468541       0.99349937894813933       -3.8981530796637083E-002
  0.21085475152130240       0.97561413757269466       -6.0969896909680590E-002
  0.24110580100355672       0.96880643334186356       -5.7289505477425534E-002
  0.15404005499054799       0.98735300617999333        3.7492701234203271E-002
  0.14927241442844066       0.98598981200841429        7.4443514870773650E-002
  0.22973611727263735       0.97120510971456497        6.3102704259072995E-002
  0.18267307791878562       0.98300794379560064       -1.8053504879059865E-002
  0.18715802443748802       0.98194111933364425       -2.7631721814722926E-002
  0.18603457781383836       0.98251796849153272       -7.0411255418718309E-003
  0.20319414750258585       0.97912561777241591        5.0162777519016655E-003
  0.25791780722792162       0.96540304839962821        3.8410400355214813E-002
  0.25424453475657843       0.96173183316820454       0.10213519284426190     
  0.28145744783027898       0.94965134721141931       0.13763729073330064     
  0.34501029051573961       0.92767730152926220       0.14276807649341905     
  0.24491194484601012       0.96937631276836700        1.8102583112577401E-002
  0.22526295370449370       0.97101059404034584        7.9968918648019846E-002
  0.19895378087749555       0.97535132375594513        9.5431589749286574E-002
  0.16169924183883402       0.98683960905254875        9.7015141025809121E-004
   7.7843768973005892E-002  0.99669295000164559       -2.3313323424552473E-002
  0.19529321159821289       0.98002804959547574       -3.7491112410164645E-002
  0.25970601186589465       0.96554769235588012        1.6445096136849774E-002
  0.24380015209427638       0.95837445844647617      -0.14859301207067374     
  0.19671404778669452       0.95478109353189078      -0.22292744747433549     
  0.11272725093068947       0.97849586332201954      -0.17273798759771622     
  0.22592476570878026       0.95324490049075872      -0.20070416021547563     
  0.10313054458216178       0.99033082963481933       -9.2784366404052451E-002
   3.7029268433802123E-002  0.99830664261894420       -4.4862908757168328E-002
  -3.1846519068731205E-002  0.99892472998955195        3.3692477476596316E-002
  0.10506203391406395       0.97839808603314926      -0.17804256310364805     
  -6.1270952325794971E-002  0.95893029883216163      -0.27694503494874062     
   8.9366701048978654E-003  0.94759524555697050      -0.31934837799067156     
  0.10485374350735133       0.96165041695816944      -0.25344460545981734     
  -1.6460514707895862E-002  0.92841649052482844      -0.37117633488292184     
 -0.16052316660291172       0.92397004139185512      -0.34714791601579825     
 -0.12028411433028549       0.82467227482399641      -0.55267293309551269     
 -0.14181512343729882       0.81333831459422756      -0.56424219691325173     
 -0.23021506507807160       0.75358698394727197      -0.61571720898181748     
 -0.21911097960077899       0.80817253845139714      -0.54666948580601815     
 -0.14719883010509641       0.89120375948612496      -0.42905519865570879     
 -0.27588398408478831       0.89775007020374442      -0.34341350988958597     
 -0.32289711644669006       0.74906655833468339      -0.57847795409596170     
 -0.24714524874685451       0.80029184096364880      -0.54630778441175321     
 -0.28046913391525952       0.87714150181796491      -0.38982028001292035     
 -0.31626586264606810       0.86745066021648265      -0.38406413034118869     
 -0.16568332907179598       0.88379319803020107      -0.43755984457356223     
 -0.33660529803626243       0.90885232675060990      -0.24634187929364368     
 -0.46276044517663756       0.79675632719736078      -0.38862851857641389     
 -0.57931274728614435       0.73251766166605092      -0.35751170075828304     
 -0.63884314992642000       0.72893309997720779      -0.24604057703905352     
 -0.66047480724628838       0.67546673263792445      -0.32789895103892680     
 -0.54304351386458327       0.74879188493008031      -0.38001901940885174     
 -0.57774135218896328       0.71780878451779462      -0.38854276320626291     
 -0.59815512071509880       0.76045742484917789      -0.25281407507113135     
 -0.74193993040222883       0.65895708405173659      -0.12369600257393788     
 -0.75788560949827921       0.64499590751590752       -9.7926922769780350E-002
 -0.63349465036914909       0.76294482193356872      -0.12883992641427669     
 -0.53671598674545440       0.82956286887910502      -0.15414731962940828     
 -0.54107775117721646       0.84041154978258215       -3.0713094488329179E-002
 -0.61485890317509917       0.78668653692232560       -5.5433038988276520E-002
 -0.49038462176134967       0.85758612353596730      -0.15514175278930450     
 -0.56671874655319621       0.82136332517349064       -6.4746817413112306E-002
 -0.59145021910627726       0.80623761335719168        1.2944076917285722E-002
 -0.67551299328887005       0.72242651123419321       0.14758770871555765     
 -0.65033823842270366       0.71993562086644325       0.24238992853027724     
 -0.58085692132296973       0.78593084440961580       0.21193854004590973     
 -0.55717091285505749       0.71441505727715182       0.42328678198586489     
 -0.56032309983695816       0.77716546267645814       0.28644697137863495     
 -0.46219308524656022       0.80779365748940213       0.36585100638124385     
 -0.36715161956489667       0.79523938450374509       0.48248731546537793     
 -0.39939951385687278       0.82308448999822814       0.40374738470391847     
 -0.53207419685890911       0.70734303168792889       0.46536317490695095     
 -0.60977786504659270       0.65439229328583337       0.44714838900227161     
 -0.44559194295183530       0.58341747203060756       0.67902273430705140     
 -0.65904286753813379       0.26891243636089829       0.70238778485788489     
 -0.55550863377143522        5.0748997914233131E-002  0.82996065992075607     
 -0.58643101425916444       0.16189534391035987       0.79365519158833497     
 -0.48366940992567825       0.14611464728879345       0.86296837239253255     
 -0.40343521726804776       0.33574419581421000       0.85118497428288364     
 -0.33352229920132592        4.9745775472470236E-002  0.94142882564647490     
 -0.26722493008034975        2.2525512352617474E-002  0.96337087252874842     
 -0.44069119288345099       -2.0098293074128033E-002  0.89743374748806393     
 -0.27512339306360040       0.11597131355017828       0.95438869074534716     
 -0.34805702918505438       0.15742774901034451       0.92416059658287331     
 -0.45972750451891509       0.21892643397217909       0.86065198431017031     
