  0.38147620602603527       0.87935605447790632      -0.28497163663956071     
  0.23564808417155589       0.87692876547067411      -0.41888652486843486     
  0.23394340394974825       0.88618637717791426      -0.39993022973099951     
  0.17580751040010781       0.90244620056241065      -0.39329705615143562     
  0.19758276855842649       0.89712127990161283      -0.39513853104509988     
  0.19498017917030905       0.87355531211438731      -0.44596395191478122     
   5.6336018805979174E-002  0.95828404941948064      -0.28021051660009660     
  0.12889022182602758       0.92374185105718054      -0.36067756143554974     
   3.6899510110529193E-002  0.96710530852314336      -0.25168581283012342     
   3.2753027907636782E-002  0.92955578795983962      -0.36722374138016217     
   7.2129520660657712E-002  0.92134466620260302      -0.38199651609573010     
  0.15712755244713028       0.93954153374286353      -0.30425752025888986     
  0.12199042733368323       0.95542581480348676      -0.26884911762183089     
  0.18476609144777800       0.96844287792334816      -0.16727188541607863     
  0.22484159851310723       0.96352298065324771      -0.14515412956974794     
  0.16963529329116853       0.97977609295382651      -0.10612575062704047     
  0.20066179152684116       0.97947660455929808       -1.8984903008152618E-002
  0.19699242813818391       0.95932245503867553      -0.20222366457660712     
  0.28602336380269860       0.95316189951335473       -9.8351556546300747E-002
  0.29797039198646069       0.95457506495832800       -3.0142866199107184E-004
  0.31270790055772640       0.94945162810741879        2.7484082901754608E-002
  0.31462924314436436       0.94902878359204068        1.8783164595214629E-002
  0.26434555778433044       0.96284192955514947       -5.5288739994725201E-002
  0.26821824067812461       0.96175927833591668       -5.5480319955003049E-002
  0.30544393207440745       0.94738586759499321       -9.5728899712704901E-002
  0.32069165387749393       0.93595339120952004      -0.14542390662033000     
  0.31958550784588630       0.93173876459212768      -0.17241803192016739     
  0.40638620016551036       0.89856114178237290      -0.16564459180364197     
  0.44498444101505469       0.87759344785568216      -0.17837765424877763     
  0.41129096706628704       0.85709498925030025      -0.31020625366311616     
  0.28838776423542439       0.92877125463642041      -0.23284426984656412     
  0.33021165580680284       0.92663182510901365      -0.17976018208841504     
  0.33710903786976010       0.92946326817304226      -0.14985169236152565     
  0.23826301785195397       0.96056976180650178      -0.14330550243127321     
  0.19099850856472994       0.97897755750997717       -7.1571723591450032E-002
  0.15260525462185845       0.98051731995853086      -0.12368274545442966     
  0.22395580773020279       0.97289769041965446       -5.7566310981491731E-002
   9.9948191962044075E-002  0.97654542332352656      -0.19070761681012299     
   5.7315886106951153E-002  0.97842994870764632      -0.19846844754703225     
   3.2221836016000233E-002  0.99508121559505203       -9.3675651338194235E-002
  0.11502888881920259       0.98431297124430539      -0.13377716313791457     
  -4.7702485715120077E-002  0.99680901487952778       -6.4002036776240154E-002
 -0.13697487687112325       0.98693097628148141       -8.4883044020737916E-002
 -0.18201813754484703       0.98223066354198052       -4.5741897671492109E-002
   2.6674540641562487E-002  0.99356157302547232      -0.11010844422075748     
  -4.3214439921373936E-002  0.95901104010180682      -0.28005416823382201     
  -8.1239280662753391E-002  0.96273792270758041      -0.25794548156170988     
  -3.5841624640055532E-002  0.96841639084495867      -0.24674900584600837     
  -9.0177420499779171E-002  0.93437633671323916      -0.34468666092896350     
 -0.22424293187624375       0.90838367180399293      -0.35292238849844104     
 -0.24975568970580006       0.81771782214099209      -0.51861320732562810     
 -0.30316592984451318       0.80335944251011615      -0.51254660774543670     
 -0.40881432583163968       0.71857901859112916      -0.56259669483159613     
 -0.38287464599738313       0.77172663345365022      -0.50778441160661680     
 -0.27278737007266829       0.84782189736458480      -0.45473627640419573     
 -0.36971832052714276       0.90047837738835979      -0.22901322084679238     
 -0.47768549032742169       0.75668912577743730      -0.44636099657209238     
 -0.50505183344366911       0.71934115028069257      -0.47693915235388895     
 -0.53116633954700110       0.80151042791732419      -0.27466953539121852     
 -0.52349870494354733       0.76371577041681404      -0.37773976218964139     
 -0.47172914841569930       0.75321909975032564      -0.45840222327810481     
 -0.64344996282578804       0.70009438597699170      -0.30958035477560952     
 -0.77975614812419480       0.54923577112342359      -0.30053355416821803     
 -0.83248919151549061       0.47382187997082797      -0.28714904156342619     
 -0.86887777045178671       0.47872245039881439      -0.12600093451593652     
 -0.81882696793636778       0.54788346653514353      -0.17130704503193078     
 -0.74931667491002840       0.58998434156004320      -0.30073742270582543     
 -0.78267549544803094       0.57563506535450770      -0.23677698443787376     
 -0.73418062318343524       0.65795728458525127      -0.16754409629465744     
 -0.78518671201501167       0.61739814165916163        4.7972512451115307E-002
 -0.79167807449026983       0.60686844323147338        7.0402549536161624E-002
 -0.61368480625970445       0.78621909621534414        7.2460274028787686E-002
 -0.68915881237947874       0.71345405054976674      -0.12666273751125756     
 -0.70002238469741918       0.71000975163099056        7.6516753142306604E-002
 -0.76776717170486297       0.63927223328171112        4.3180803690190131E-002
 -0.64827260985848867       0.75745142775134733       -7.7523918275042791E-002
 -0.65111244403721646       0.75371423333490317        8.9260515841371749E-002
 -0.62199265202062848       0.77333258953361961       0.12280817072807876     
 -0.53759468623499829       0.80748551618265163       0.24281493876435126     
 -0.33131519659085185       0.89711363551246670       0.29226249414795041     
 -0.26592347723530602       0.93668266139374157       0.22783831130743393     
 -0.17953699712146010       0.88553288836498711       0.42848333723562265     
 -0.18846584802051625       0.93562464227515107       0.29847471064967640     
 -0.11823721320904282       0.93471840171992249       0.33514395548588016     
   7.2951651729534330E-003  0.87991397657545811       0.47507701943187397     
  -2.4349639009906003E-003  0.96865201442047955       0.24840963328734234     
 -0.30592367514359708       0.86200360866456360       0.40417877682518788     
 -0.32995638060065291       0.84634942506196231       0.41811653590620296     
 -0.26588874024778769       0.71171790742845642       0.65020058293968486     
 -0.52721891038185975       0.41808088375018948       0.73976252620583016     
 -0.46410683821124404       0.20886896733813276       0.86080113685372539     
 -0.46456276913736899       0.35512564199031371       0.81121341947257630     
 -0.36409660349682949       0.31781210018827744       0.87545938357869446     
 -0.23006106891492839       0.63591949729820030       0.73666701943668289     
 -0.27280578554208268       0.36830243197623508       0.88878024391587129     
 -0.20752880732294582       0.18969479835491282       0.95966018861272018     
 -0.33993190183578453       0.33315701375392121       0.87946160024237452     
 -0.14301013738903795       0.42130232367494203       0.89557381196083607     
 -0.20882496006348783       0.46139220291592964       0.86226989460543690     
  -5.1849639677700128E-002  0.51088070773076266       0.85808654419808039     
