 -0.93981934656500321      -0.20660623570457542      -0.27212765238050107     
 -0.80874432516569805       -3.1467067539969001E-002 -0.58731800600077544     
 -0.61693076621783038      -0.71271954323467901      -0.33380725334423428     
 -0.20410455467430472      -0.82689565809646670       0.52400849361666624     
 -0.85376021325456941      -0.44481228739815037      -0.27062063343938514     
 -0.46068621556470873       -6.2292906869407957E-002 -0.88537438665369661     
  0.61676593903177224       0.64041833639416135       0.45767251486230970     
  0.56275944988268689       0.78162128103208850      -0.26901668090566688     
  0.79212303181399824       0.60894190272728321       -4.1603624513730966E-002
  0.98125494094574683       -7.7025061290038749E-002  0.17665186328712990     
  0.54557884836995241       0.83644336525897112        5.2021312224644234E-002
  0.40980402419032869       0.91040854526011072       -5.6718096537018974E-002
 -0.10681125314149992       0.19750701303086327      -0.97446515381822585     
  0.62539995056373632      -0.16263612621441112      -0.76316734225519556     
  0.62297510896563413      -0.20957310751023403      -0.75364522569824788     
  0.82455664415928875      -0.54458232610796387      -0.15341587487486966     
  0.92842253067492364       0.32654236056782354      -0.17720522365320129     
  0.42482810950010402       0.31723009200850832      -0.84787153867955845     
  0.79945004071185943        2.1513402023032313E-003 -0.60072872758104390     
  0.98356199635352126      -0.10807941202127522      -0.14465351715814420     
  0.94402761843237870      -0.12574181296524273      -0.30496041072427771     
  0.92177036188153727        9.8899395900480816E-002 -0.37491106871807522     
  0.68119325257611385       0.70068039259896586       0.21218562645040223     
  0.64483861516524055       0.21921872287916094       0.73220646810242673     
  0.27288702017473782        4.7452727525426619E-002  0.96087507662055993     
  -5.8748629215401603E-002  0.89120637704783956       0.44977749173853765     
  0.60470775086065998       0.70677980996258216       0.36713871530843833     
  0.36991766968473538       0.82454696247840509       0.42811590057211829     
 -0.50140995280346790       0.52271486243244902       0.68946155209834259     
  -3.3043435795764076E-002  0.49991156366103767       0.86544587344836243     
 -0.56794596251912233      -0.13084191811885731       0.81259939461042052     
 -0.61673425937452275      -0.52119011174326069       0.58991501145063785     
 -0.54725033387696209      -0.23288370486176219       0.80391681913081792     
 -0.49134697282631590       0.51207794438275211       0.70452418778290538     
 -0.69126439077495894       0.65571955006167570       0.30362050937550894     
 -0.89795936589202052       0.15468432935018867      -0.41199725176300994     
 -0.62745551474048855       0.38964768223006552      -0.67414706166716876     
 -0.86875760228814281       0.22356998966775030      -0.44190121994231529     
 -0.34235323638303000      -0.75518375604781607      -0.55900962079338889     
  0.30511298350663640      -0.94714764459456346       -9.9082827142939339E-002
 -0.41562360640039286      -0.80420194767545794      -0.42487203386163458     
 -0.26498239829673664      -0.76007126186018736      -0.59335992912157098     
 -0.94080159552424003        1.0154524130385197E-002 -0.33880561314523072     
 -0.88557101798116200      -0.46138060490122690        5.3776477504412619E-002
 -0.67338849080358454      -0.56925334583155562       0.47169753943903792     
 -0.38506664191409989      -0.47287709381727527       0.79253450109627943     
  0.68991108357337150      -0.69503389489861456       0.20236250073736251     
  0.38531419193264693      -0.87645677570236658      -0.28871524694880046     
 -0.61125198368781120      -0.10320220473574371       0.78467848025506315     
 -0.90995581854045138      -0.21692977516892753       0.35344289630651649     
