 -0.67062820408171331      -0.69556163134724935       0.25778252246359029     
 -0.95528888025133585      -0.10150781311918723      -0.27770365345799131     
 -0.69486601608456633      -0.70235885513735419       0.15444500089319754     
  -2.2158606168582874E-002  0.22005838396396674       0.97523499927956969     
 -0.34405874534057279       0.28308535058533357       0.89525765232062993     
  0.21836057915889440       0.85004323703618900       0.47931738194896911     
  0.46274368171440372       0.44906704031007594      -0.76433440216998383     
  0.83788918683186531        1.3019382584503608E-002 -0.54568507975512637     
  0.62518057104145708       0.26609095484052642      -0.73371987661800353     
  0.60000833801477582      -0.44734726695942162      -0.66322727405970794     
  0.24896253257726325      -0.33091506285712935      -0.91022682807473165     
 -0.11217723201356342      -0.53256893478760037      -0.83891989982177395     
  0.47684034632525329      -0.72912426107302375      -0.49091862465294517     
  0.96703569104806275      -0.25138427889380449       -4.0594538601255920E-002
  0.44331173160843662       0.34559241142408825      -0.82706746628338124     
  0.55184138208650846       0.51224788713844183      -0.65808296675955824     
  0.54362726770297942       0.71685949606090382      -0.43655681957463133     
  0.59632711826364571       0.70412328360717535      -0.38549237282419302     
  0.99116534446083793       0.12087269015460600       -5.4599017524309387E-002
  0.90987915252865803      -0.34989929084398319       0.22291346765195702     
  0.88713318795438922       -1.0125855943376630E-002 -0.46140239907407654     
  0.98080447574086949        5.2213929948796999E-002  0.18787305790350436     
  0.72989593549095710       0.28120778371443811       0.62303619937545740     
  0.12459724320842261       0.64465230771154880       0.75425388905001056     
 -0.30888609732013766       0.86265044939968127       0.40052912632277127     
  0.51631924523942696       0.82142443322979430      -0.24223199105101523     
  0.32348200369658825       0.91805304417444344       0.22921169552733045     
  0.60680020239958232       0.75572051204678581       0.24633315253858645     
  0.28970960375859184       0.95567404070593343        5.2492603391748396E-002
 -0.51237553276529613       0.75528007858360069       0.40868486186576974     
 -0.87110204799833835       0.35089341930175572       0.34359137105556264     
 -0.83253411016804624       0.55397374604130156        2.1000873620535127E-004
 -0.62147302428339102       -8.3889357499290024E-002 -0.77893122660887870     
 -0.93019936067247055       0.26023966799400949      -0.25885220610786747     
 -0.73201683069268531      -0.61911458468952030      -0.28433868995859007     
 -0.43854770310051128      -0.59464191478837114       0.67385228743551751     
 -0.77017546125411207      -0.63337929434960982       -7.5235818405870694E-002
 -0.46957195155302567      -0.81568237384686004      -0.33788229801252134     
  0.12783839450559514      -0.90982287748259183      -0.39481600334778710     
 -0.66834054160757428      -0.26506095552385683       0.69502777663951332     
 -0.52433471903681694      -0.69388498638554064       0.49355519253808822     
  0.38453794403305058       -3.8782113322084838E-002  0.92229415984548591     
  0.50997689570388238      -0.80013950813725376      -0.31575359596700453     
   2.5707611767201377E-002 -0.99955530345649535        1.5110063839028687E-002
 -0.65242710408734295      -0.69549488173640006       0.30104109907232124     
 -0.39305414358396307      -0.76563757731979032       0.50922248615645260     
 -0.34849658011999129      -0.71183825777799481       0.60978391944053645     
 -0.65698027977891793      -0.28286937854000410       0.69882889655910041     
 -0.71264412359713170      -0.67953018933205411       0.17429020307755344     
 -0.96574453161523366      -0.23977739377797591        9.9218451350103876E-002
