 -0.46636083704014619      -0.74191430715029572       0.48173720068198578     
 -0.62490861280217669      -0.62752154146339445       0.46444153630470153     
 -0.71585809586948601      -0.67271542885549862       0.18708591170333419     
 -0.93228982635543733       0.15399027178522470       0.32729600649817409     
 -0.37471598789218252      -0.58557324408746170      -0.71881284367133336     
  0.72432899297562836       0.12420249104279842      -0.67817494140793833     
  0.98779580685685220       -7.3848329138993377E-002 -0.13713448960566083     
  0.85233645667137836       0.30177194928812090      -0.42714898484221719     
  0.92355276622515048      -0.10012203354068175      -0.37017005064910119     
  0.81054053575106766       0.14292699845578691      -0.56797527500480216     
  0.73690101432237543       0.40583070191964610       0.54062772447412999     
  0.87967312772104289      -0.10733135601608260       0.46330893406153062     
  0.46799788730733943      -0.61557715054275386      -0.63406841050910545     
  0.19538672584981240       0.62810355230467263      -0.75319981076999343     
  0.38021733290281845       0.43519845156747783      -0.81611095294300573     
  0.36578087006494781       0.75614951977228650      -0.54262533929285495     
  0.91962035087277261       0.37561523449332546      -0.11494174993093163     
  0.81466309821605065       0.45958816153253235       0.35369868275719812     
  0.87247442042942724      -0.14058098339594269       0.46800146666839348     
  0.86560422170653817      -0.20679065261418247       0.45603394320514518     
  0.89058577109543247       0.35221501073285150       0.28775262038221672     
  0.42737571857598322       0.89769875755741069      -0.10717712373253971     
  0.27226419560088655       0.74374617198000437      -0.61050293976271164     
   7.5517326303832996E-002  0.97046720794808916       0.22910812234705019     
   4.0481168234586945E-003  0.99427461163420783       0.10677831900647324     
  0.47718734813680752       0.50955599974370869       0.71599226106389713     
  0.14659062292369474        2.6092621950172323E-002  0.98885305498372467     
  0.52468625108379141       0.29365820972347539       0.79904267331955936     
 -0.25762079795191034       0.39012272727287567       0.88398856447795982     
 -0.74064524307925039       0.18097437809002673       0.64706483321149744     
 -0.97968857903029150       0.17995480348111831        8.8467829303658679E-002
 -0.66829729017079076       0.59684718686336669      -0.44401820625247662     
 -0.25306443334877710       0.92663726593012186      -0.27803195852889201     
 -0.66167167469422805       0.17800764412874143      -0.72835696848392106     
 -0.75217230695237902      -0.47844449148528695      -0.45313098461849777     
  -2.6329594665024100E-002 -0.37027496364025381      -0.92854897756983068     
 -0.62678106288231783      -0.70424381686726101      -0.33344586609574406     
 -0.47497098134663857      -0.64402514379633680      -0.59969507338038652     
  0.37480039104222351      -0.84660007579654528      -0.37787958205740224     
 -0.86357022353941415      -0.46041315476391903       0.20558744109603258     
 -0.96809015044783375      -0.11264594199971646      -0.22385788428571760     
 -0.84045847147778407       0.53837145657332186       -6.1528306236470688E-002
 -0.85027343206648254      -0.24235232340815885       0.46722632851814100     
 -0.71865008366234095      -0.35406535877661444       0.59848122691233852     
   7.1480407018961856E-002 -0.61917443282875140       0.78199333318359809     
 -0.83055475798909495      -0.40969749337317524       0.37726218721919907     
 -0.28459486464093653      -0.91997410358604359       0.26954296828347379     
 -0.23794736775062883      -0.81298368437634227       0.53144950759072151     
  -7.1855053773228705E-002 -0.63472360579429821       0.76939118496037451     
  0.34344919597303081      -0.87478506755716390       0.34175098443821172     
