 -0.28698498537820916       0.95134945093250656      -0.11213313684135413     
 -0.49503757617541894       0.86101547446254456      -0.11657680262556658     
 -0.56075163054692545       0.82775039926291161        1.9669401593624875E-002
 -0.55418183358798379       0.82860279529561820        7.9371927967917297E-002
 -0.60501840229244996       0.79154960543712449        8.6034615241867896E-002
 -0.49957986296776929       0.86603455024165421        2.0102693969580983E-002
 -0.52807699813930531       0.80603990900890665       0.26727205076679866     
 -0.50809325839718444       0.83590563196052536       0.20761265671439166     
 -0.54289112263425687       0.79577862377764552       0.26833861239760348     
 -0.52999694495923300       0.83913730000378783       0.12227767611559989     
 -0.36807954493293493       0.90977061912401136       0.19192412349850893     
 -0.30822230574916482       0.93099692512252963       0.19556005637928128     
 -0.23023699070140452       0.95470617908820776       0.18848617913139920     
 -0.20656731073239554       0.90633438140705347       0.36862980782388405     
  -8.6098143029012170E-002  0.96775106182960857       0.23673823538799080     
  -8.8045158584901972E-002  0.97108409494674908       0.22190928459893383     
 -0.13880807226140054       0.95178919325794675       0.27355008805054470     
 -0.14938884587726145       0.98473438743399344        8.9337332243890497E-002
  -6.9190040385558413E-002  0.99068649916272455       0.11727317974773101     
  -5.0339295409562237E-002  0.99301916708723903       0.10667187602658496     
  -9.0896637450778639E-002  0.99412784016684985        5.8716596506708171E-002
 -0.12008108561338852       0.97645155450920085       0.17922860981011940     
 -0.17801553274919862       0.97334440225957630       0.14460686252720126     
  -9.7715517711379485E-002  0.99513208476603177       -1.2798885404865797E-002
 -0.19527971329032623       0.98036445523433180        2.7411101589203037E-002
 -0.22076774146916642       0.97516950572226624        1.7493982851086543E-002
 -0.18463285600456339       0.97940993868974702        8.1650967412164877E-002
  -5.5654616116276416E-002  0.99465352072755298       -8.6988145222385932E-002
  0.13816270083975982       0.97955737254572406      -0.14621361765573093     
  -4.8700810653193993E-003  0.93293072076825045      -0.36002298892882867     
  -6.1601998201979397E-002  0.97875119255429444      -0.19557938769477712     
   1.0987200810616568E-002  0.90695718922672763      -0.42107949169757714     
  0.14444380576899229       0.90162337105713797      -0.40769018106710825     
   7.7622069140714817E-002  0.92293126110996881      -0.37705795529105890     
   2.2192701062152227E-002  0.96057268251632411      -0.27714185108525285     
  -2.9527988426784300E-002  0.95298007919692740      -0.30159089268957290     
  0.10929740707456456       0.96511346477721860      -0.23792872233610565     
  -8.0584235624897693E-002  0.94402005248470122      -0.31989423482697588     
 -0.14119797286715488       0.94692839934598338      -0.28877281549734202     
 -0.10985448758792998       0.95984035641949816      -0.25814430411164763     
 -0.10229889525702886       0.98168211294411922      -0.16073321111319888     
 -0.16139476925735041       0.98352700046065922       -8.1402505005836900E-002
 -0.23512108031198448       0.96799851497775713        8.7732277947092582E-002
 -0.14893987961411795       0.98690033526213772        6.2005165268840867E-002
   3.7554016943019207E-002  0.98798335189168740      -0.14992862367244980     
  -2.7272810404019951E-002  0.93483553468638003      -0.35403208456339424     
  -4.9183257841529798E-002  0.87330268360019780      -0.48468900334626608     
  -7.3754442087738403E-002  0.97205543692605090      -0.22286433051262344     
 -0.23590656447544792       0.96442401182115312      -0.11930808128617504     
 -0.37447996540332423       0.89714318148308425      -0.23430507341912060     
 -0.44958840198032951       0.83836559556565260      -0.30824243214817776     
 -0.58579569514571983       0.72715319719853599      -0.35789891219825665     
 -0.61146193458221909       0.70668676956411558      -0.35596082969901077     
 -0.61348132628697027       0.73741340956519363      -0.28259887772356446     
 -0.63784990175031053       0.62518066605228328      -0.44977398505420635     
 -0.66983594615711617       0.69471302793085266      -0.26209466621614697     
 -0.59681292376435680       0.69603374050185263      -0.39918838423837272     
 -0.55948708985592688       0.74119412507872973      -0.37095210638750703     
 -0.55958990318085977       0.62466987347296743      -0.54465281550112288     
 -0.35618541220182964       0.80973197825062126      -0.46633258038974140     
 -0.30246897387179023       0.84537919668880379      -0.44028006274500103     
 -0.56053226714437621       0.78173779061043291      -0.27329398863038351     
 -0.72369174793068414       0.64560728784911159      -0.24384725516837519     
 -0.63923727253142260       0.69941569614276333      -0.31967701418106470     
 -0.73601596031262173       0.64285663275609273      -0.21216940374754512     
 -0.82290070082197464       0.53779012086286915      -0.18334727292492542     
 -0.86985901347994032       0.44193204605949965      -0.21918340113561019     
 -0.93297634868955404       0.30944296509918989      -0.18384826389316916     
 -0.92684114082286795       0.33234604989111205      -0.17467570752668937     
 -0.96667690222961788       0.25569786441115117        1.2424525396612929E-002
 -0.99253905608715887       0.11939924271407448       -2.4699048178545693E-002
 -0.89299516888953090       0.40834778913961894      -0.18923982520801610     
 -0.94157770472959135       0.30768172587159426      -0.13697949306683180     
 -0.94407677539620216       0.32268903389652925       -6.7755660726196459E-002
 -0.87764785027808123       0.40839506258395625      -0.25089384958446914     
 -0.62832348789258041       0.68946475988760469      -0.36034419578458771     
 -0.71311968947915649       0.68837938223669670      -0.13264288367109181     
 -0.74025705558989718       0.66963363140637133       -6.0085699953480856E-002
 -0.69486950616251986       0.69480044233215610      -0.18549586178808641     
 -0.54961357708262149       0.83540332806523876       -5.1181387224223211E-003
 -0.54876951698859699       0.82358009489580641      -0.14341493825791318     
 -0.57855303300939109       0.80262190789848442      -0.14517045483512903     
 -0.64075839437492677       0.73071309977935039      -0.23555688452882059     
 -0.50321161223593713       0.81313676577699323      -0.29255200127951342     
 -0.59469001710395542       0.63399188240289295      -0.49436633846181832     
 -0.68286717223045723       0.59501347341828426      -0.42385303059042689     
 -0.88534111121384373       0.39014942711182699      -0.25289235124643156     
 -0.84641563119043950       0.46689625176638405      -0.25610245872109727     
 -0.84225156767644294       0.51189029178809864      -0.16905805487958109     
 -0.91063130704331441       0.40481112498836902        8.2937179348242684E-002
 -0.92607515038696508       0.31091280073593308       0.21381778731971740     
 -0.92647211507754723       0.37323722358433020       -4.8408624384490853E-002
 -0.90911060058653459       0.36350649822025810      -0.20342306076950756     
 -0.93262686882466028       0.25625324800920185      -0.25404998805558721     
 -0.90074481441846810       0.38531948536817634      -0.20046863468842013     
 -0.83019172745066050       0.55745034163026430        5.5508818026878213E-003
 -0.87765534040694682       0.47920740935948752       -9.0201036655596922E-003
 -0.82062376762534606       0.55459265374169242      -0.13785361955397571     
 -0.84165189773031168       0.53299195571638536       -8.6842720987941296E-002
 -0.70379052047472701       0.68122674545196238      -0.20151680964831759     
