 -0.99520372213658626       -1.5203972239498344E-002   9.6635348985922340E-002
 -0.75871114926416139       0.13120678435247013      -0.63807693244792085     
 -0.64497615924755036       0.42895738274385875      -0.63245657383871823     
 -0.65905024848035854       -7.8581342099928758E-002 -0.74798244809070102     
 -0.57751829197223370      -0.36697651146201848      -0.72924677748526046     
 -0.98195053552231126        6.2278206903759063E-002 -0.17859051131648554     
   5.7175038245384377E-002  0.45250335530315383      -0.88992793440874784     
  0.95004541338949611       0.13545105981265185      -0.28118805609984310     
  0.96280228671318546       -1.6416446370932872E-002 -0.26970772511815599     
  0.97443762795280531      -0.14999748804842000       0.16724850614837322     
  0.86580672823075655       0.44925461341622797       0.22033837994000471     
   3.3640981621023552E-002  0.85921628486623958       0.51050529887184326     
  0.77163194524368550      -0.17715522812931531       0.61090111002182212     
  0.37270483826412071       0.49815423642502477       0.78290067075352288     
 -0.26346062612465299       0.87442320760082459       0.40739729072625541     
 -0.11003238699850926       0.88104318409159965      -0.46006062815367682     
   6.8331643731387323E-002  0.87589748960639091      -0.47763414258843850     
 -0.42287802731359503       0.11423738975014280      -0.89895716961290062     
 -0.22551070663211747       0.22093114203482225      -0.94885950049175927     
  0.17030721327482098       0.40965327581588601      -0.89620290488253096     
  0.22586580593433342       0.10616133158880098      -0.96835655075231974     
  0.97223839434425452        8.0852347452959911E-002 -0.21958005937303654     
  0.80114858678965017      -0.59082072920084605        9.5350971843682950E-002
  0.38505292814906483      -0.27899529973485238       0.87971351316760937     
  0.39586083997093136      -0.72764960242144860       0.56019661858442116     
  0.98022247901689730       0.19756981319724265        1.1404408936636384E-002
  0.94292997520761301       0.31084361677917161       0.11941234342658841     
  0.99704376596040156       -2.7221813661149077E-002   7.1851942357216078E-002
  0.76737146802870293      -0.62016710145397336      -0.16289197748709014     
  0.92444861762603447      -0.37497959461776631       -6.9174106352080725E-002
  0.57978615593107730      -0.80078267025877270      -0.15031676022287443     
   6.6341815829817949E-002 -0.91753904021687815       0.39207253557254390     
  -5.4514400617794688E-002 -0.98992125531990194      -0.13070611458972958     
 -0.58743679078247646      -0.48593341406748564       0.64713733776370319     
 -0.29969666955571705      -0.92592705895422711       0.22987167671025618     
 -0.21883034276744723      -0.90759935082491339       0.35829694314417881     
 -0.10834103159732671      -0.39511785657026277       0.91221932685716289     
  0.28210946830677763      -0.88027771053187731       0.38147791578598067     
  0.57719488670364871      -0.74976727056341796       0.32356622622739872     
 -0.49185316649117772      -0.84754856833404513      -0.19935367297221618     
 -0.18970199999299578       0.43395122232406430      -0.88073803587792721     
 -0.48691888410629652       0.17786897494796694      -0.85514479946476851     
 -0.69688712125090124       0.38736399501056812      -0.60357060531812212     
 -0.80237499404854273       0.56819155220576967       0.18262729513300263     
 -0.41003122841835349      -0.90180416590896517       0.13646845082644990     
   7.5288484041389783E-002  0.32972030550375142       0.94107181676494001     
 -0.66494901505200077       0.63886801607291555       0.38689852082998422     
 -0.94797940909644407      -0.25190581423009206       0.19462399822793369     
 -0.73932207725998700      -0.39563840096833741       0.54486064434421455     
 -0.67100688060525826       -4.6976113997487995E-002  0.73996149284546830     
