  0.42425288214494000       0.18497688177663973      -0.88644968565616378     
 -0.20815098230949175      -0.97622130453618194        6.0540343022448373E-002
  0.40660365025545264      -0.91334453970090457        2.1799619204913627E-002
 -0.21122887287342582      -0.80160116033826356       0.55930129895162373     
  0.54325659661208536      -0.43697605074382140       0.71688506841319399     
  0.12745447015856404      -0.90780409432279185      -0.39955861192992231     
  0.59770778258102808      -0.66654190817272252      -0.44549667932718123     
  -8.2667816865381258E-002 -0.98018999000704043      -0.17998226452826255     
 -0.38265573701366673       -9.8353765348826894E-002  0.91864091122279379     
 -0.56797105872017761      -0.15287931688338202       0.80872541132670039     
 -0.21555001691837461       0.52081284978586895       0.82600978547740467     
  0.63762136456672591      -0.16112651076862425       0.75331085414694554     
  0.42702928299581849      -0.65715165188010993       0.62112615296357854     
  0.63950565531138670      -0.11260097269682777      -0.76049558695136188     
  0.75158250358150647       0.55964421709213230      -0.34917343911800547     
  0.56569761617128056       0.73255597415709117      -0.37861319547119132     
  0.69944900685291267       0.63982672572047661      -0.31842243618550758     
  0.85663236066312221       0.25927850773606720      -0.44604445304352291     
  0.60603903220653743       0.79113549093859825       -8.2591321696127831E-002
  0.60859616321628662       0.74050698830188022      -0.28506159052827951     
  0.53788151329014156       0.64407073031258288      -0.54392680759028011     
  0.49873188377286848       0.54103995224976786      -0.67715749879771825     
  -6.7825941496386252E-002  0.96961682852838005      -0.23503797032548285     
  0.28758051033754894       0.82418264356969151      -0.48787336483200694     
  0.69975665024454969       0.50107899458689664      -0.50917626773283042     
  0.26389487292993441       0.92998367882270039       0.25590985359055046     
  -3.6064290155995549E-002  0.93339782542918959       0.35702642263514311     
  0.65647362861983016       0.73915137512186202       0.15065729183217960     
  0.50486885940627957        4.8417673875953554E-002  0.86183708649504209     
  0.11798817039571127       -1.6428190663303859E-002  0.99287909948705499     
 -0.25464076977695382      -0.42538156589287901       0.86845184193825409     
 -0.64519321396899776       0.38400299085981954       0.66050542742589857     
 -0.75178350249145875       0.20541801261973130       0.62659796159342795     
 -0.63594076357009344       0.28344905658660535       0.71779939924053160     
 -0.71515254338831757      -0.25261676184169840      -0.65172203532015249     
 -0.89001115768728623      -0.41498507226065073       0.18885848933249780     
  0.18409329601988977      -0.96698285854696853       0.17622091146304708     
 -0.74704207810997458      -0.63494260288356441      -0.19691628824596705     
 -0.66307982584279090       0.24015462243255434      -0.70897877393090869     
 -0.81579870357195183      -0.57027829520904738        9.6203644753106027E-002
 -0.79248952524507565      -0.60918833357022528        2.9153500969192385E-002
 -0.70624645983010592      -0.45929720595406731       0.53875970021913777     
 -0.43180518440576970      -0.57204784986509982       0.69735610715401897     
 -0.95229907691033566      -0.26574744642543624      -0.15001587527354199     
 -0.22679452553563526       0.68062706869727596      -0.69664268929173367     
 -0.42822820286947416      -0.45726583475361465      -0.77944118612905067     
 -0.92345210129063793        6.4086254168330109E-002 -0.37832415816146581     
  0.70904577558506876       0.64142461815121676      -0.29296509579563201     
  0.84242440876758762       0.31578923720071356      -0.43657562137706574     
  0.90687195714814217      -0.25994191775552145      -0.33168275917189594     
