 -0.31345448798125869       0.94604417559565468       -8.2138308881668329E-002
 -0.51702585095070497       0.84919071013109304      -0.10751468400057959     
 -0.60372628577840859       0.79481953860153010        6.1453013900498669E-002
 -0.53116223002018281       0.83815795756856137       0.12392708971198564     
 -0.60593425190586980       0.79475433187300615        3.4774046879254436E-002
 -0.51754649381734485       0.85531729577020421       -2.4040596783677187E-002
 -0.54186814917834114       0.80210136270326216       0.25102253455737267     
 -0.51801166354302020       0.83002141446482236       0.20670841289896905     
 -0.60922717000457705       0.75009464621740529       0.25729414498623937     
 -0.52456511757364310       0.83678970811767073       0.15688983973888262     
 -0.41274101825798037       0.90581116066963618        9.5660822982492219E-002
 -0.41820135363406113       0.90338613662682765        9.4874211296331570E-002
 -0.22812694544694961       0.97353303293100113        1.3839456391411917E-002
 -0.18203251158694966       0.96134765106290465       0.20657894016859446     
  -9.7781240764358748E-002  0.98981226761352137       0.10349156408307134     
  -1.3215344476790370E-002  0.99989689057027398        5.6180867077168187E-003
   7.9167975773415084E-002  0.99641137014274717        2.9946837265285492E-002
  -2.9414400157638972E-002  0.98784301609555969      -0.15264654799435345     
  -2.3024624921076674E-002  0.99129185970083711      -0.12965460091371203     
  -4.0499714459371013E-002  0.95474468452697603      -0.29465634304421401     
 -0.18245700180802268       0.95685389866796022      -0.22614167925251283     
 -0.12848398452078422       0.96786825303701640      -0.21615482988989282     
 -0.16318859019561222       0.97099892796815057      -0.17472998001105533     
 -0.22063424407415894       0.90172388177678420      -0.37177220360757157     
 -0.25930187907136992       0.92990834141269363      -0.26083138630376240     
 -0.14066155430352761       0.93336209619187527      -0.33022647460981130     
  -2.1347206931713554E-002  0.94361861807112446      -0.33034557721536711     
 -0.15571310402726107       0.87531969010134625      -0.45778692571443819     
  -9.3075668787252173E-003  0.82819038704926828      -0.56036956733746390     
 -0.21351079550098134       0.79811665429589518      -0.56340300526360532     
 -0.18983039453583617       0.89926200621992458      -0.39407139642414907     
 -0.18158356946310908       0.88276284686420070      -0.43330954697218016     
  -6.8861423822641529E-002  0.76428342136988647      -0.64119338434536122     
  -8.9252235059400775E-002  0.79568808728087648      -0.59909473899893217     
  -6.7252019099051166E-002  0.84737747721093570      -0.52671489160904783     
  -6.5904111324407280E-002  0.82713762675012492      -0.55812184558993927     
   3.6344764619619607E-002  0.81941701942434086      -0.57204440943206281     
 -0.16320729275319787       0.84998948847996181      -0.50088047383158074     
 -0.19022806967215480       0.88646079077812590      -0.42190111154372067     
 -0.15451539149371979       0.86892668258994954      -0.47020358790078454     
 -0.11814453482146255       0.90586904657935330      -0.40674702130591323     
 -0.14333644312262078       0.94008462268150361      -0.30934699977651631     
 -0.14616082351198154       0.98005169328245623      -0.13466882402580357     
 -0.19895976863981407       0.96279231489413653      -0.18288239074221058     
  -5.7400313667411745E-002  0.87224427778430724      -0.48569035800952554     
 -0.22915878114251287       0.75105018031388948      -0.61920100102935960     
 -0.34196614877942433       0.68082467357704979      -0.64771669496600581     
 -0.21897690650416862       0.81014881197685573      -0.54379041630978076     
 -0.26619915367578789       0.87428380394685912      -0.40591358777270664     
 -0.22707862715961294       0.93660755750320079      -0.26683624250689736     
 -0.42548833550121512       0.88099904237188631      -0.20688248764027198     
 -0.53703616071136107       0.84052680282650538       -7.1462268496464046E-002
 -0.57433189688245279       0.81832730628426187        2.1983903496646019E-002
 -0.46413026416871322       0.85181325848710399       0.24289353747736273     
 -0.62521345373814530       0.78039262362938355       -9.7719112597031560E-003
 -0.68730891734073674       0.72587709003990197        2.6625219231326117E-002
 -0.64437507903516200       0.75481321614109720      -0.12262857031363694     
 -0.45648722169871109       0.86210236050958933      -0.21999758278124851     
 -0.21760614572322795       0.85586209690343118      -0.46919893054816331     
 -0.11926661558157059       0.97674249986908357      -0.17818407155864716     
  -6.4704399856693504E-002  0.99669076026405978       -4.9202327622167960E-002
 -0.25215605396357604       0.92525114562937627      -0.28342131529058334     
 -0.38320669215146369       0.87191910873667855      -0.30481092321335018     
 -0.27128176200968601       0.91900311362074649      -0.28607600870449112     
 -0.32890536507874263       0.93160239757472152      -0.15471985540146233     
 -0.46668717922825287       0.86258422983846772      -0.19532414898817890     
 -0.50197676495850363       0.81597333507425340      -0.28671735889129829     
 -0.49978087773101892       0.78374272013859125      -0.36873625111206060     
 -0.49349392420150062       0.79152866440565905      -0.36048040196438980     
 -0.73547818978257817       0.59825730165848068      -0.31805665119041232     
 -0.70108362164385540       0.64210067943272753      -0.31014266545377561     
 -0.49616223693277284       0.82378098089083107      -0.27424064280194543     
 -0.59376527532555656       0.77603429101352495      -0.21263484424880716     
 -0.55667874006569307       0.81366261574422405      -0.16751694869220693     
 -0.47019919815722927       0.76365406895336774      -0.44243098560483718     
 -0.23317960928575326       0.82346106791250584      -0.51724185778584197     
 -0.37319940467190954       0.73974327104094484      -0.55991258005351385     
 -0.45734777834611079       0.72317407715272142      -0.51754445584528652     
 -0.25995072909539646       0.74257899270573646      -0.61725364157282547     
 -0.12475437626303154       0.92387174161431718      -0.36179738894824098     
  -8.5325033918886184E-002  0.79948255806056834      -0.59459841737400843     
 -0.29582208359338918       0.74130157858033541      -0.60246266643898860     
 -0.21558777283346872       0.69372302237369687      -0.68721923753152725     
 -0.13461931223120580       0.79645913557177228      -0.58951716356580519     
 -0.10104102880660307       0.70166951247480025      -0.70530178346654671     
 -0.18449058414110819       0.71938273104896910      -0.66966537213133659     
 -0.49931695880823757       0.58754041488006969      -0.63677220065659679     
 -0.62051344962864230       0.48840718450200832      -0.61353197223680456     
 -0.68241600936836666       0.54100627434183846      -0.49154918500645883     
 -0.72655038939287842       0.49391844486228242      -0.47767049469052159     
 -0.77825786148932230       0.51515376555247405      -0.35907004729881753     
 -0.75720506048320058       0.49420877203064734      -0.42708100639877655     
 -0.78815620917384910       0.35028338115812402      -0.50607444395576662     
 -0.86431057691107982       0.17355384672863952      -0.47206597941953665     
 -0.80415150486956688       0.38857561608934726      -0.44983257751833711     
 -0.66386872707196543       0.61655630023942609      -0.42324536837503018     
 -0.66283908355451548       0.36770344217082407      -0.65225648937234726     
 -0.62537543576588117       0.35050812218379734      -0.69717259027002987     
 -0.62826628246018623       0.25674287328183881      -0.73441444385485766     
 -0.45751546859947362       0.32629561156766468      -0.82717033908614024     
