 -0.22699211308856462       0.95213531413683028      -0.20472646181953022     
 -0.42269730485977636       0.89620753695743050      -0.13468125023540900     
 -0.42799497106333084       0.90219683128530626        5.3490021155815880E-002
 -0.36944908023438755       0.92463824320155619        9.2474300879238483E-002
 -0.47696174471843911       0.87575636507651411        7.4553893950014674E-002
 -0.42177245178584666       0.90619968068840440       -3.0168487446140917E-002
 -0.25999969528133976       0.93453133996159743       0.24300480053527954     
 -0.39187339072624228       0.90360980999843177       0.17298715823817137     
 -0.47482100297388702       0.83778139624240922       0.26956881727119653     
 -0.38553083380134467       0.91455917591221647       0.12225992778996606     
 -0.28572935882772554       0.95530360044640561        7.5853572612155001E-002
 -0.17951629432280919       0.98276290151207923       -4.4169893413664438E-002
 -0.10454171363324950       0.99447819601415921        9.1732089831020203E-003
  -9.9067967764343123E-002  0.97234937772774865       0.21147629984350799     
   4.7082141824789571E-002  0.99560822967896201        8.0916777720780889E-002
   8.2447602571658327E-002  0.99381496466618591        7.4392263278737630E-002
  0.16807468964346631       0.98000971695740369       0.10645117834163817     
  0.14062409214486488       0.98121202213328529      -0.13209024312772399     
  0.12897541084842618       0.98896786761763722       -7.2855337596492820E-002
  0.14326562051917746       0.96021903337097403      -0.23969641200769659     
  -4.4803178549262454E-002  0.96359319291336742      -0.26359217318217248     
  -2.8938135996517549E-002  0.97866871787738552      -0.20339647227342733     
 -0.16683172452540437       0.96114048972319210      -0.21994575400888447     
  -9.6496064711886542E-002  0.90253600903038900      -0.41966327203916243     
 -0.20154599227867437       0.91734584555906917      -0.34330134376654520     
  -7.3721937669148641E-002  0.94000293897016252      -0.33310591503869241     
   2.3170896359774980E-002  0.95354233933440391      -0.30036663705970551     
  -6.4524876321990221E-002  0.87310787099152998      -0.48323822898056162     
   8.3675861601107154E-002  0.81388833818347217      -0.57496445381802164     
  -6.5157022614122095E-005  0.78463637507218031      -0.61995625222119488     
 -0.10583715834372751       0.89297995817903109      -0.43747604529196310     
 -0.12097610567893990       0.85182067297229769      -0.50967276065311673     
  -8.9676522292295308E-002  0.66010288486132629      -0.74580312599728071     
  -6.0193908074157108E-002  0.72742917447337951      -0.68353748218787247     
  -6.2323722556260411E-002  0.79340954022828614      -0.60548910401548239     
  -6.2277184232234210E-002  0.76138744705092887      -0.64529892902234309     
  -1.8016264294210757E-002  0.75326893800586003      -0.65746583276730886     
 -0.19876965763671886       0.81124728923176104      -0.54988040419450035     
 -0.22275321048231922       0.84282170393840505      -0.48993120189490508     
 -0.20327350645567027       0.81507220797832647      -0.54252850372543227     
 -0.14790162388236580       0.85495563700336596      -0.49716794788997498     
 -0.19399823522611614       0.90541772204165050      -0.37760221575364711     
  -4.4933450311690146E-002  0.95348015325446522      -0.29808821243539974     
 -0.11509161950553502       0.94152864972118822      -0.31666657681826166     
 -0.12624293758361291       0.81325656517584144      -0.56804619522417343     
 -0.33915220465436918       0.72225531465788384      -0.60276284102997946     
 -0.47911303307798875       0.67595342011591575      -0.55994435024243172     
 -0.31718908487027575       0.78297902015118792      -0.53510273634345595     
 -0.26659188149010304       0.86086804574309872      -0.43339932688230082     
  -9.3033984970467082E-002  0.93064766553851574      -0.35389207432242992     
 -0.17346591821064947       0.97139123511443304      -0.16219939445693282     
 -0.27503487910887525       0.96078187111179425        3.5412023614752985E-002
 -0.29666236204826546       0.95088351768610802        8.8385398889394867E-002
  -8.9215098276309510E-002  0.95767183390152633       0.27368837167705629     
 -0.30241252674535263       0.94249775271643388       0.14228369475088018     
 -0.36235196813180248       0.91334171799381869       0.18576317547650578     
 -0.41028894853693576       0.90252100057446394       0.13083891711003487     
 -0.29233083196235654       0.95449055796751325       -5.9080110316984860E-002
 -0.21908238241714276       0.90222918386250917      -0.37146387374981066     
   1.5440834863749361E-002  0.98808885694823467      -0.15310777705082601     
  -2.8827448357279101E-002  0.99870844046009877       -4.1838130634221177E-002
 -0.27462963846453514       0.91645995598840269      -0.29099778477949001     
 -0.39000025868808164       0.87221370875862070      -0.29520000758259707     
 -0.28698381209761459       0.93042480652136350      -0.22792536279141989     
 -0.13882051159495007       0.93405955178089750      -0.32903133481080765     
 -0.18469247182037288       0.87223529509080155      -0.45287336072100859     
 -0.25371371244201074       0.80611188175963411      -0.53461480170758224     
 -0.25488208427450387       0.75385044228600406      -0.60559444662338136     
 -0.23321383963231532       0.76953211858706239      -0.59450115514342494     
 -0.50672742410376104       0.65939100512788806      -0.55536548327889590     
 -0.49783402898004381       0.58753166839461368      -0.63794029361919313     
 -0.25246003515823040       0.69845097180637949      -0.66964928927808343     
 -0.37612438246929192       0.68351648849360458      -0.62556826875207960     
 -0.29717382233319595       0.68201438897622024      -0.66823954728022072     
 -0.18873654752210375       0.51363868951431058      -0.83699092722887947     
  -4.0205342790796829E-002  0.50645588562507060      -0.86132802481215431     
  -9.0935952794062372E-002  0.42988009074499822      -0.89829491820365526     
 -0.12968260812095853       0.55403690352550405      -0.82232933225248639     
   4.2852812084243894E-002  0.39821022915435039      -0.91629266606980830     
  0.31103693717250774       0.48516871952084872      -0.81723150778274356     
  0.23691280079759652       0.22439476015754328      -0.94526150690276145     
   7.0636359788017744E-005  0.33686766632419018      -0.94155200089841162     
  0.12499773649318741       0.28844819315074688      -0.94930143038955228     
  0.22562141233695571       0.48528804560963401      -0.84474285500586932     
  0.19171956474696789       0.44899608841849509      -0.87272339322269477     
   4.4038549516302795E-002  0.43031482059983472      -0.90160399362948251     
 -0.27108737800208021       0.47280431988761551      -0.83843169583667410     
 -0.42245522551905595       0.40747884898832287      -0.80962495642043542     
 -0.52544424278077495       0.39280278562903254      -0.75472797704246042     
 -0.58040543523993793       0.45752232472279142      -0.67364890939137878     
 -0.55011613983648722       0.41870028246645613      -0.72253879214469285     
 -0.65742073818790536       0.19500815437257440      -0.72785286475266997     
 -0.72526936721372159       0.13968269760509774      -0.67414619258078312     
 -0.84367886136762338        7.9045305646814903E-002 -0.53099700426332763     
 -0.75560677657431075       0.26964153078360498      -0.59695212879396498     
 -0.54563159758693469       0.30554052864041764      -0.78034040333232535     
 -0.68693515259286442        2.9975466904987799E-003 -0.72671253659618096     
 -0.67365660827597551       -5.4026905920290962E-002 -0.73706707127831139     
 -0.57082810136407025       -6.0642599450155751E-002 -0.81882705977820069     
 -0.33602538153983702      -0.23132409956688738      -0.91300389041918417     
