 -0.28045918454507429       0.94015744826423386      -0.19351128720979546     
 -0.42259355227938589       0.90438434151663238       -5.9191658123526558E-002
 -0.41444246022635339       0.89723766173336006       0.15232211109611837     
 -0.34296536081530421       0.92334045378861029       0.17267648270181529     
 -0.44915578090739955       0.87246132062437642       0.19253656403870589     
 -0.41705885814914362       0.88273313405033615       0.21643503156606142     
 -0.13079107302218165       0.94328868437002344       0.30512317702392938     
 -0.27668740321032015       0.90406635270197810       0.32574239947675748     
  -8.3639084362951754E-002  0.91833073665873532       0.38687615805933562     
 -0.12266532954775843       0.97002879076564030       0.20975548148425258     
  -7.2489188409355617E-003  0.99881873738651195        4.8047716087752781E-002
 -0.15615333821134356       0.98763042942695933        1.4222160011134934E-002
   2.3159724618670840E-002  0.99679747378210271       -7.6540338496817600E-002
  0.19849755450434614       0.97567827313648559        9.3008753271929645E-002
  0.23245531119840279       0.95644887577772231      -0.17655049226548700     
  0.24740272103163471       0.94638402355116724      -0.20772379159173432     
  0.32072468821542316       0.91277402625395698      -0.25294120139918574     
   9.7588574701440972E-002  0.93441552799049887      -0.34255523808282268     
  0.21989760432069597       0.94937135414523943      -0.22436371262405611     
  0.11783228315033965       0.88119195685603247      -0.45783871419945460     
  -5.4767555525359564E-002  0.95211996200102966      -0.30077914292871283     
  -5.3205619004273765E-003  0.96214230670451228      -0.27249563899331969     
 -0.14016833672497925       0.97364038309543077      -0.17993677163251345     
 -0.27188711306218805       0.90412118105458139      -0.32960929555942137     
 -0.18739077558086623       0.95748656426518197      -0.21932664334014462     
 -0.13093962476992663       0.93350748867817790      -0.33379422290817834     
  -1.6018833972445586E-002  0.93643545549924134      -0.35047401421801866     
 -0.21189318434240115       0.87393135105953068      -0.43743030537961103     
 -0.16159707757244032       0.80527202315773028      -0.57045889706402253     
 -0.22850618206242654       0.78828159518728824      -0.57131169377865532     
 -0.15806630801783053       0.88608324042220887      -0.43574250803942144     
 -0.21530781349173850       0.81833504548544989      -0.53288863637698569     
 -0.30303014159945496       0.65406985306418863      -0.69308394916835758     
 -0.21154613881155671       0.70155823227205816      -0.68048826432586207     
 -0.18410805675982456       0.77054310595684605      -0.61021926001929716     
 -0.19371452201105249       0.73718792089132146      -0.64732422575859827     
 -0.21368413986205842       0.78107144334806322      -0.58674226774418836     
 -0.27653395325213276       0.82383056491252604      -0.49480518693184899     
 -0.25319512342288203       0.85619654457884808      -0.45035508937516727     
 -0.28788470143042155       0.83843394332529420      -0.46276443398593015     
 -0.21352739369199439       0.86542969427287608      -0.45325213338037523     
 -0.23465464604196920       0.91186452721890043      -0.33680896824575784     
  -5.6453714064871985E-002  0.95496146250075153      -0.29131011535254081     
 -0.14371364760459937       0.94660881958752807      -0.28857950407347738     
  -9.5127652784954775E-002  0.85547837678942462      -0.50902600770625062     
 -0.31335049795507580       0.77109666342125383      -0.55427556422047586     
 -0.39246985602994838       0.73624519010157230      -0.55128071992419880     
 -0.26589912762193257       0.85558878353840828      -0.44414579522176384     
 -0.22629882977712501       0.91198924603697940      -0.34214683215603692     
 -0.11700965639521618       0.93205075952650485      -0.34291416123622565     
 -0.24371824743764917       0.91998746593187197      -0.30696005993317271     
 -0.34662357176487019       0.93152111262271142      -0.11009321611759051     
 -0.33704264353729119       0.94133090101889161       -1.7274004294201079E-002
 -0.21836600171183221       0.96958041335755030       0.11058983375425208     
 -0.34997256761467582       0.92123895932513078       0.16981749538472121     
 -0.35767794198921721       0.89860440066659986       0.25411930449492609     
 -0.40851475237402468       0.90472049148173261       0.12081609737879910     
 -0.38042749216719102       0.92387759258185087        4.1534529352695054E-002
 -0.32257592712487632       0.90486149647654046      -0.27779568649235309     
 -0.10997422853144626       0.98264282488847399      -0.14939460416666800     
 -0.20252266911763314       0.97872219164702889       -3.2976356243609714E-002
 -0.38565288670503289       0.88389948391060869      -0.26456294774331263     
 -0.48077622947597204       0.83498024041585717      -0.26769799268195371     
 -0.39115666635845359       0.90068739815972099      -0.18909963817947559     
 -0.27059625709954349       0.88961950289526448      -0.36790597400979441     
 -0.34311308262323481       0.83264173424257271      -0.43471962795611108     
 -0.34457865533049137       0.74861232527947685      -0.56643193477265019     
 -0.32376570857538550       0.64933627066231092      -0.68814110003184648     
 -0.29621813692153964       0.63335148546859765      -0.71492706705891373     
 -0.55548960343201370       0.49415432107874646      -0.66876214563785563     
 -0.53353417754516264       0.41157630607935131      -0.73888173997283579     
 -0.37475200660455027       0.53217858724598566      -0.75917513448659690     
 -0.45727047627181211       0.48315985406405582      -0.74663261846168960     
 -0.38959851781491817       0.48773777530172396      -0.78123290858753991     
 -0.32348642082448481       0.42443162749587460      -0.84570345223569277     
 -0.22187970756651290       0.41975981178592947      -0.88009720814217274     
 -0.16532700110389092       0.31457268376312081      -0.93472509827010941     
 -0.27491877102490359       0.44705937263559853      -0.85120948460224810     
 -0.28561873459114545       0.21388359967641773      -0.93417115361159397     
  -6.2874787001615196E-002  0.32435810827104983      -0.94384245441616943     
 -0.16360643929308477       -4.4155109860587433E-002 -0.98553704105682427     
 -0.41432012422447390        4.7241001012762476E-002 -0.90890435277092463     
 -0.35428641842910680       -5.5205181227125297E-003 -0.93512066472532518     
 -0.24195655437073507       0.21394364760918602      -0.94640643565263549     
 -0.22635785789127411       0.17227618021544741      -0.95868818596103422     
 -0.39413862473107492       0.13386910724936690      -0.90924903443410610     
 -0.63975694090999913       0.11798585699235040      -0.75946717776824013     
 -0.74677890310438810       0.10223203253919981      -0.65716807697963164     
 -0.71187322487137250       0.26369404599265428      -0.65092392936444587     
 -0.74904758319440068       0.33098114762996722      -0.57391567152690603     
 -0.80508638097880025       0.31863802955119980      -0.50030563187534427     
 -0.90697275902132612       0.18038396482026603      -0.38060746134168216     
 -0.97917964962203097        9.2943336313966340E-002 -0.18046814123523375     
 -0.99980371512217947        1.9807824288972764E-002  -4.2582252010720835E-004
 -0.99633415102848222        6.5504818766651776E-002  -5.5021615867701837E-002
 -0.93901056241312153       0.17776244277814268      -0.29438015832275899     
 -0.96126756219287213        5.2336962535821600E-003 -0.27556720105864579     
 -0.95366296053082100       -8.9258123724187382E-003 -0.30074455537063266     
 -0.93521362161532751        2.7424247051704438E-002 -0.35302038555695686     
 -0.84115987184441510      -0.14982105171140619      -0.51961882419978200     
