 -0.46164332916076156       -3.2510904304972610E-002 -0.88646967107885344     
  0.18981304294134263      -0.96189728416214237      -0.19678572979473244     
  -1.6148838306554558E-002 -0.68159536040391311       0.73155107798239227     
  0.38343972599052123       -2.9578178713083950E-002  0.92309214484596924     
 -0.15684003645590153       0.85253048560951350       0.49859098875823693     
  0.30619818207186689       0.52756206441941267       0.79241462725103684     
  0.27455093207640047      -0.35047508227328578       0.89542671526011353     
  0.69445231168636568       0.52767349103268257       0.48917959243497700     
  0.58128022401061885      -0.37307996909329233       0.72313528321850873     
  0.95111221951720604      -0.30691218809781046       -3.4502966278995933E-002
  0.30820134278524797      -0.11733243182772082      -0.94405774862916880     
  0.44366615311492863       0.44146990229872329      -0.77991324513984506     
 -0.24812016699851452       0.96861225174258525       -1.5056178227100731E-002
 -0.80981307378406531       0.53547702688072274       0.23972304689246274     
  0.11528791056421941       0.71082589371334315       0.69385534984200548     
  0.86123568981575671      -0.47137746584098578       0.18993780899266524     
  0.90884910839830557       0.41028071552760548        7.5253123721158416E-002
  0.76613097536632446       0.51529997756361312      -0.38406934491989542     
  0.68317332946246367       0.56092067191167394      -0.46759191795126293     
  0.49042538542726383        2.5822148422135278E-002 -0.87110054412760374     
  0.16535386116291717       0.11096809203942851      -0.97997152160033785     
  0.49053666751121533       0.80841209441287354      -0.32533623135771006     
  0.14503617915845726       0.25912145359993838       0.95489296731068762     
  -7.1701728609548834E-002  0.98521184503355186       0.15561645966938789     
 -0.35882315131574166       0.79091421214321078       0.49568201007273777     
 -0.41881147488088516       0.84008961942147853      -0.34474103302105835     
 -0.91087103578425066       0.32353302377554644       0.25620370546896476     
 -0.80558358688841658       -3.4728316691853792E-002  0.59146346341577027     
 -0.36527070106863985       0.49777684663866417      -0.78663557375147475     
  -5.8145785468442290E-002  0.80728401625659574      -0.58729173732387785     
  0.39973224943739938      -0.17123583895694766      -0.90049565030401235     
  0.28249833829923798       0.79424833941197892      -0.53792589099194510     
   7.2942179378113564E-002  0.99705600806911387       -2.3638004164055443E-002
  0.14420106748228939       0.52474739579515195       0.83895543549296392     
 -0.33215410222919084       0.53499205278696405       0.77682504840351241     
 -0.56089747876898077       0.74432191925088786       0.36246227228949707     
 -0.61040426573823015      -0.77223131647364784       0.17625386868363352     
  0.16052763068182210      -0.96294520141935647       0.21671967804311676     
 -0.18361142287949342      -0.97453221439824944      -0.12873930436435285     
  0.23400656878642392      -0.86966309835868660      -0.43465736059334414     
 -0.38435273424139410      -0.75398035920363715       0.53271624117940253     
  0.17489638963219747      -0.94680145247954828      -0.27014489163452976     
 -0.29606935867244571      -0.95449616061132903       -3.5777286558881738E-002
 -0.38678213474982615      -0.85974513414552811       0.33352343928345163     
 -0.55267040950325985      -0.81696026092628993       0.16471596925237730     
 -0.12603137460507668      -0.99066237856752337       -5.2001387540105609E-002
 -0.43118094245177424      -0.74325359518469458      -0.51152427910260023     
 -0.89062658206428558      -0.27456163961831370      -0.36249165144952955     
  0.20972385325076395      -0.55810160480442583      -0.80283155399646633     
  -4.1697937129073631E-002 -0.65929276177629004      -0.75072920304765789     
