 -0.80736023825193803      -0.27093211900181285      -0.52418053434191147     
  -3.5199299771474957E-002 -0.99234368739697099      -0.11838503021491703     
  -5.3182478405667061E-002 -0.80484860382096679       0.59109250453551254     
 -0.23897157574354358      -0.23261040341153086       0.94275393725583301     
  0.54367754405863167       0.11358589737831096       0.83157258973774240     
  0.28630678120512065      -0.74812847513529279       0.59860856302570242     
  0.29012572096516359      -0.49035861650392715       0.82181232240384561     
  0.77094825939160305        3.9853651527128782E-002  0.63564964233531673     
  0.82468847687972546      -0.12204945534237187       0.55226157439425905     
  0.54638985537616347       0.82677879143367083      -0.13377202987722470     
 -0.31946832656903174       0.27554221768505999      -0.90665124198469760     
 -0.40089932528356576       0.85145427290252373      -0.33809074542675693     
  0.46428771236449512       0.88565851444808752        6.7761296451700342E-003
  -8.5491215713314361E-002  0.41644667909082161       0.90513171169178663     
  0.79584265921119979       0.52093760988911908       0.30863970642590149     
  0.67423257599014808      -0.73454355564918394        7.6525801713992272E-002
  0.27188834184863031      -0.18368907815158597      -0.94463487768272303     
  0.21445599344677149      -0.18060921992043288      -0.95989006482748063     
  0.37379173132756299       0.85103521458453180      -0.36880727369212496     
  0.29520400582046064       0.67156182034959822      -0.67960232224170014     
   6.8157394303560326E-002  0.36958607438596663      -0.92669342461342519     
  0.48102166707036131       0.79131228528146158      -0.37741624630046722     
  0.52365175609134196       0.58821070099638806       0.61627673132759886     
 -0.23114275749235011       0.83376943767407907       0.50139959160287606     
 -0.10074282248344438       0.91337998239959650       0.39444630999644120     
 -0.55262474622834667       0.76891417808203044       0.32152274663006747     
 -0.40513375635573978       0.34644347193563907       0.84607538683873595     
 -0.81390405124753329      -0.20221831923684377       0.54467232968814649     
 -0.41551030288463514       0.90912981198351239        2.8882056013434937E-002
 -0.42415186069801020       0.48124556459410689      -0.76713617150081936     
   9.6085873659839866E-002 -0.47400439277753864      -0.87526415470453378     
  -8.6531460759592310E-002  0.57452575150172402      -0.81389954365399775     
 -0.54683515196479837       0.82812393670154427       0.12321551053978473     
 -0.41876076008260887       0.63852633828297556       0.64569616781733008     
 -0.28257811770898911       0.59404177814289427       0.75316928589320542     
 -0.63023671817316229       0.76665086890877199       0.12267079631165737     
  -5.8162694854566876E-003 -0.17416431675462651       0.98469942712416780     
   8.9645225007771515E-002 -0.85123194676218428       0.51707630621095413     
  -9.0807765312717337E-002 -0.90680058057005009       0.41166328089439103     
 -0.51805160828090757      -0.85133707726157604       -8.2750903543575838E-002
  0.24630601024111509      -0.84691333749656084      -0.47124425523238911     
 -0.13367733611173346      -0.91421871142567335      -0.38253694918170306     
 -0.31929584814443046      -0.92512780481741164      -0.20539889510764783     
 -0.23300699441606326      -0.97180021604063649       -3.6222653913961400E-002
  0.30544589798395477      -0.93863542272335498       0.16020719900718486     
 -0.19997577818316323      -0.92608422221955067       0.31996515669061665     
  0.14237638753716120      -0.91574402179499470       0.37568850237744328     
  0.22690867534258380      -0.64036347093913637      -0.73378953259165058     
 -0.18357452714100175       0.67674649312454394      -0.71296183420194059     
  -8.0954693969620184E-002  0.36133648040837879      -0.92891457381740661     
