 -0.23009707446642658      -0.29869065989583243      -0.92619610559157051     
  0.33375050997389499      -0.88804774793434060      -0.31619897925343882     
  0.16207281787129024      -0.95572410745913361       0.24560910432777794     
  0.47065031411474562      -0.80013130338525085       0.37185774049589998     
  0.71796794616563009      -0.62015810729288834       0.31611066137922056     
  0.28994887162813571      -0.55351090923497082       0.78074024182146606     
  0.28585815012891447      -0.52697657189923885       0.80036292435007683     
  0.60150288158890164        8.4941466309756103E-002  0.79434201119001946     
  0.10219066382263166       0.82065349437285007       0.56221429224195352     
 -0.52193575711002249       0.79373909429871858       0.31234806807761051     
 -0.79405969616152206       0.60671219800378806       -3.7006860516600681E-002
  0.35461328738068937       0.78086948879280371      -0.51428810785933110     
 -0.50850002475160838       0.79361968617903200       0.33405915424775456     
  0.11753840368253549       0.99306816498917250        5.8595632384433882E-004
  0.39930572171882212       0.75725931189696127      -0.51683002539322176     
   8.5688888752101705E-002  0.96723999746794664       0.23896485440888293     
  0.29875028961881045       0.62492777239970554       0.72125830583518769     
  0.29699987179990639       0.16769749590539490       0.94003650249227433     
  0.70767546699014483       0.40306187216764461       0.58029006593686039     
  0.94850263959441516       0.16151385089036557       0.27249957550978776     
  0.52264443471643296       0.66472931677987734       0.53383305468407904     
   9.1812932348266624E-002  0.91424417498131549       0.39462383856832434     
 -0.92677165381740367       0.37379202643419562        3.7065113716415299E-002
 -0.88037618553675090       0.18268838546811858      -0.43767879290052791     
 -0.42913805672790645       0.24108890613319034      -0.87046922266518212     
 -0.40266196287085237      -0.53988433617909426      -0.73918079466765474     
 -0.77219488162964778       -9.0012246263631565E-002 -0.62897763100733783     
 -0.15309389500894116       0.24973909744630335      -0.95613421783645702     
 -0.36641131397921806       0.90238078592181326       0.22682959724686932     
  0.18348802702048392       0.72758472846566802       0.66102390792140908     
  0.75151651643041728       0.10830225510666294       0.65076381819453033     
  0.36509752223244074       0.92004730469036300       0.14218564059611402     
  0.10651200299887911       0.74359080889935980      -0.66009688844711889     
 -0.16138241820411497        9.3377630442249032E-002 -0.98246441830103937     
 -0.87456168364369502       0.43461341422475919      -0.21506520331799656     
 -0.54128989155049334       0.47660091792705261       0.69271698285543470     
  -3.8719449351875310E-002 -0.70988145506443889       0.70325608706749321     
  0.46530958177939113      -0.45096510805879503       0.76165442585059739     
 -0.51013875292631616      -0.84691174373930400      -0.14999650355671373     
  0.10590374015887676      -0.89086295333859988      -0.44175513148030532     
 -0.17347805001374017      -0.88238750778714392      -0.43737587069317352     
  -6.9035446343395104E-002 -0.81695129980511227      -0.57255976185451707     
  0.52361750763538950      -0.83701046224745235       0.15886532593994376     
  0.40271098979082509      -0.90032731872503979       0.16502902126316538     
  0.22165497104991769      -0.88047052876911613       0.41909512258900528     
 -0.12851892305760054      -0.91381422457501948      -0.38526153374100441     
   7.7828948941189288E-002 -0.92399995918132594      -0.37438847490223787     
  0.39804639524276875      -0.64996126579851010      -0.64738660798309255     
 -0.49387919944731085      -0.17145072032770423      -0.85245996202308527     
 -0.15475439438445129       0.45154425670596382      -0.87872570330824018     
