  0.40377152047355575      -0.65500801818684651      -0.63869637181169236     
   4.6895035172980389E-002 -0.99444174388277851       -9.4268094812127196E-002
 -0.80339475942259364      -0.17733537751720241       0.56842679776127014     
 -0.59425744172571038       -5.6562315232728637E-002  0.80228348945315398     
 -0.54468410493802188       0.55792736185537883       0.62612800985178607     
 -0.85378067654202217       0.29131085923011568       0.43150497060642640     
 -0.88613214376589344       0.21035643141127380       0.41294066831541398     
 -0.36844803153845707       0.30095037727260782       0.87958792538035668     
  -7.5640853844926761E-002  0.22219331102677944       0.97206408932979649     
   7.4873189668342069E-002  0.94067231646952609       0.33095256230571912     
  0.59492758679699353      -0.28108425564098238       0.75302908821550107     
  0.75387577469001965       0.36303990662478947       0.54760692337970662     
  0.83578299057029903       0.21889071383235720      -0.50354110862107504     
  0.91058012173510638       0.36896973147589651      -0.18629326116500938     
  0.84316375362733920       -8.9020235967395278E-002  0.53023606267149193     
  0.48794483556756174       0.27619134189910838      -0.82802667837632660     
  0.39869296391696496       0.60762755069462759      -0.68690077897755941     
  -5.7240021240537439E-002  0.93000835224489709      -0.36305377662699101     
  0.13434712590831072       0.87989758567008780       0.45577526094791077     
   5.7995647072647871E-002  0.98282980625621719       0.17516300081642322     
 -0.20731564309542122       0.79167691228687420       0.57468938625999566     
  0.33177651015813503        8.4655218740953414E-002  0.93955193642888379     
 -0.40784484097042040      -0.39975188590890309       0.82089037965255951     
 -0.91464113737917097      -0.40127892690104255       -4.9059276787701292E-002
 -0.65903916979058885       0.30670609942082494      -0.68673047206296622     
 -0.65652429970671933      -0.48860820961523621      -0.57466325912768079     
 -0.17168769336641598       0.54840304430194464      -0.81839931387247200     
  0.32177525256214290       0.46214813473267019      -0.82636540852199170     
 -0.34882559079956765       0.88116622898727770       0.31916576272479236     
 -0.12262055010614355       0.61018847180909275       0.78270954354918609     
 -0.42803929079416997       0.20544770037615748       0.88009863535094635     
 -0.80912679869563708       0.44731908800804854       0.38107670767995999     
  0.63697391922396551       0.75868824824772740      -0.13658831648154665     
  0.73823581458927956       0.36958654387571377      -0.56428155086244258     
  0.53875549769588804       0.81600024166770546      -0.20949014129717264     
  0.87924087858183686       0.19842359417018121      -0.43308608232915324     
  0.76792691500615073      -0.42252225120759568      -0.48141790623490449     
 -0.30967622669350781      -0.89512813826394655       0.32069650872591188     
 -0.36454739914942202      -0.71483759905124622      -0.59675154022092491     
  -3.6552684529102770E-002 -0.81328784997365899      -0.58071229911112687     
  0.15888820748136367      -0.92451602405681721      -0.34644575157666935     
 -0.23895208536469442      -0.86025616394863413      -0.45040119148182356     
 -0.24313266355563434      -0.64116421828689085       0.72787014851613796     
 -0.50698826369728833      -0.86190710023838735        8.8910647209791416E-003
   2.5339536719067197E-002 -0.99126677652217665      -0.12941439503471514     
 -0.39400625657575394      -0.91601617801448754        7.5322183949335791E-002
 -0.66312245175047091      -0.63260310810381559       0.40010238889795291     
  0.63624846882075448      -0.72924382158538692      -0.25177635830793954     
  0.25393460005100077      -0.14113074389224353      -0.95686954807087843     
  -5.8153541118644680E-002 -0.22472706855824612      -0.97268489775084988     
