  0.64356096324620626      -0.64482031351799796      -0.41235427712122574     
 -0.29027225037259186      -0.93087270656033161      -0.22185135754526400     
 -0.83379281420490681      -0.33372433856301725       0.43979268846915304     
 -0.85142822551256703       0.36658777145115146       0.37507783541952877     
 -0.38340637676138734       0.82180569998442798       0.42146760460538402     
  -5.9735945217395628E-002  0.62807495046999506       0.77585660623667430     
 -0.55906177125867074       0.72548158044099753       0.40140554599800315     
 -0.18502950117162187       0.24224021514151842       0.95240945074289318     
   2.4069382489408375E-003   4.2808687794051115E-002  0.99908038860625070     
  0.84291336226652469      -0.52947957373282850        9.5647502383593652E-002
  -3.4205343172880487E-002 -0.94821998394151308       0.31576709225691557     
  0.93139555966633603      -0.33105713829190980      -0.15133896596647983     
  0.87438077787832014       0.47622750654256940       -9.3089297393215489E-002
  0.79867097883867333       0.59909631640687511       -5.6641603337115126E-002
  0.74924847963154806      -0.14965963893199136      -0.64515789404188395     
  0.71041420150601442       0.62537080722954019      -0.32283589602716389     
  0.80984815001382771       0.58505645871885092       -4.3068712896500383E-002
  -4.5850635418357780E-003  0.99011747101222614       0.14016551212291944     
 -0.25319394435290277       0.84840041778424691       0.46487585186428565     
 -0.15359284951933361       0.98813371332709821        1.0005813073038841E-003
 -0.27524757424993379       0.94703743109278282       0.16540519030171325     
   1.1138862498854735E-002  0.70755909446360676       0.70656638299888308     
 -0.44245244391535038       0.55034203806840543       0.70806742334899209     
 -0.50469138363434918       0.80298028351325579      -0.31703197247953663     
 -0.66843237829305613      -0.11727552436172203      -0.73446892857029744     
 -0.74058592635600373      -0.58867951593868084       0.32401992716138872     
 -0.83922903034559104      -0.22954559614811434       0.49295380505099806     
 -0.48058576790905094      -0.62569720409707796       0.61444310433790550     
 -0.93094311520524409       0.11245370308338876      -0.34741773258544606     
 -0.49343802187658020       0.46763609362110176      -0.73337262187059282     
 -0.58359907829429591       0.80781703371336377        8.2726995936114850E-002
 -0.94627429386237172       0.29375139346419427      -0.13518535280537256     
  0.46460008320377227       0.86215082587448455      -0.20209580928608731     
  0.47136430414194813       0.80389987228547044      -0.36271295554501154     
  0.12975275307612560       0.47792672871684694      -0.86876364164667153     
   2.0803197346053570E-002   8.4303736764099052E-003 -0.99974804614955093     
  0.80083652613063339       0.13087833354700548      -0.58440715278218081     
  0.75751523276656008      -0.13852587072023526       0.63795082511728229     
  0.72258168154017910      -0.68945547194379353        5.0267939179292412E-002
  0.81983160782173337      -0.22379223510234919       0.52706087914426003     
  0.23421042454837951      -0.97043910466442040       -5.8253078639482508E-002
 -0.38279761964370090      -0.80507502405461973       0.45312270748504013     
 -0.13717233714898752      -0.89857055438179267       0.41683894817912903     
 -0.10918909776671562      -0.99359010739168796        2.9264986285208211E-002
  0.28552662484197971      -0.90220359541752704      -0.32326957623945807     
 -0.33850938004983938      -0.90403479511126072       0.26102200835641770     
  0.19348786862137182      -0.78442745014994308      -0.58926735880042314     
  0.44047918758128163      -0.60327595872174478      -0.66485803216634876     
  0.31762308705696324      -0.12867767361957769      -0.93944538472455252     
 -0.35089506721874170      -0.57446700154098485      -0.73950004458557039     
