  0.25017994750810474       0.77384420634913897       0.58187209777124294     
  0.13775306698101028       0.67451493448618571       0.72529559194332471     
  0.21129835942760333       0.60546961200854021       0.76730668721015938     
  0.24139100690193668       0.60459607928276982       0.75907441183507840     
   3.1783727349971487E-002  0.69346423871384677       0.71978965281585439     
  0.15461578112727420       0.69888272555117847       0.69832434881833738     
  0.10117944596547856       0.67701174849403578       0.72898409592745306     
 -0.23792483941615178       0.67128054830266837       0.70197877194347502     
 -0.16156399392134105       0.70730972420491367       0.68819330853572835     
   2.4555048387994785E-002  0.79415969860459734       0.60721283147749716     
  0.15402799985888443       0.78540518758336697       0.59951152330593460     
   1.6380322020451768E-002  0.87319603689700176       0.48709379609874043     
  0.23407550510253744       0.80404224025624960       0.54655716425155754     
  0.14526925492198067       0.69249941715477881       0.70664092778065102     
  0.16102446700938811       0.78338822223049165       0.60031159766815434     
  0.16627900269585538       0.77020948688099033       0.61573422804079403     
  0.10898813838040142       0.75611271548935766       0.64530236879131730     
  0.15023945129367783       0.85135553989030122       0.50261501367653938     
  0.11896778672399252       0.79855987591208211       0.59004134626759053     
  0.24478783260844433       0.86947511020573998       0.42905937787160869     
  0.17115049787511893       0.93016825669028314       0.32479920154282077     
   8.4739930287956414E-002  0.89827390649065408       0.43118804845775277     
 -0.17864510077603449       0.94413809478842348       0.27692812413693940     
  -8.6308308267368378E-002  0.98563087477053712       0.14519867293847194     
  -8.1953667293841959E-002  0.98051370964100948       0.17853980403012490     
  -1.6608945636767659E-002  0.96685420741818995       0.25478831315935035     
  -1.7935379621762199E-002  0.94563443236411393       0.32473657398763861     
   5.1688394878935139E-002  0.98527165180587473       0.16299718397127466     
  0.13838987359123323       0.96556210647818586       0.22031355251280954     
  0.15185168590101270       0.96182627543857102       0.22766484437652870     
   2.3387750142327472E-002  0.99731177452517250        6.9442332454563091E-002
  0.11514446248617424       0.98408420943022912       0.13535147398105296     
  0.25180033877158264       0.95934080742027095       0.12752178093464150     
  0.26058263635612211       0.96216203847961845        7.9629776707208749E-002
  0.13724711169044468       0.99018700467137621        2.6323489748937688E-002
  0.22321661739033705       0.97453504960054649       -2.1348977045419222E-002
  0.33946641945834494       0.91706450344577073      -0.20917754798233831     
  0.19966132879298168       0.95624918095292999      -0.21382903851320978     
  0.14857374362250902       0.96177140877290135      -0.23004695167071287     
  0.25145750434446590       0.93652129130713047      -0.24432968390534232     
  0.19139498689481893       0.94797515518713027      -0.25438369472014677     
   9.6235690281676556E-002  0.99009912331899608      -0.10218814960146297     
  0.27304541789883235       0.95484354612958722      -0.11713241301679192     
  0.17635709190822274       0.97346046501304029      -0.14585231979739358     
  0.26177048069295544       0.88013348712605477      -0.39603189300499708     
  0.10171886360725668       0.87838718798227777      -0.46700023637579735     
  0.11697639096894083       0.81771815289460836      -0.56360761739221044     
  0.17473638694975957       0.86979972010080964      -0.46142782966387424     
  0.16958911007630501       0.87955894357170106      -0.44453976034384957     
   4.6508415558549898E-002  0.89027279073665966      -0.45304671432005811     
 -0.16644634089549118       0.83347190020751960      -0.52689677088303954     
 -0.21549991721856362       0.70484063639867367      -0.67583982048996660     
 -0.21473791237938850       0.78496289060992430      -0.58113758211997890     
 -0.35847507062012657       0.76649245370824037      -0.53290237581776845     
 -0.42891794064762756       0.78478499163730631      -0.44737223549459459     
 -0.52352148405666898       0.72723528508331847      -0.44390775602696547     
 -0.52322750538753948       0.80103500807748973      -0.29081934846263735     
 -0.54122740823893201       0.69566467193218773      -0.47235956304118376     
 -0.27257974687339709       0.65087619616992154      -0.70856224769162390     
 -0.17692866323529374       0.73871541650732186      -0.65038125860158980     
 -0.33749754330027953       0.72562370669667409      -0.59963792787485681     
 -0.29159730821495639       0.65090606744930024      -0.70092246447055440     
 -0.21522037510010419       0.62924591987988976      -0.74681307062496072     
 -0.44193241192814181       0.63468889954534879      -0.63392881625722308     
 -0.36448877775038768       0.77200856535204521      -0.52072133230462403     
 -0.44111478474167765       0.83960740084914254      -0.31698132298551596     
 -0.45314555813474416       0.82065595507534261      -0.34811335300751128     
 -0.53063821894553076       0.75614166932596683      -0.38297892435910263     
 -0.53122834044686174       0.74226803026102461      -0.40845394055939654     
 -0.62248736130917159       0.58617555263019361      -0.51856311718925319     
 -0.65567195926005073       0.48146235344440780      -0.58162555313179409     
 -0.77716937478528381       0.43289307682277495      -0.45673991169458189     
 -0.69605766735230390       0.43195073504331311      -0.57351746809981674     
 -0.77015732931389969       0.35362833254478698      -0.53085279553345299     
 -0.73028868149174653       0.34169822085988821      -0.59154101087434230     
 -0.66196831337882522       0.37056742347409161      -0.65151955975410103     
 -0.42165830944520605       0.41309592344979207      -0.80719020565476596     
 -0.48445525313450893       0.10097208775531551      -0.86896935803555109     
 -0.44256335918508183        7.8713139015633982E-003 -0.89670269070873665     
 -0.58244199429624677        3.4223272907504529E-002 -0.81215151965117960     
 -0.63020809585800985        8.4835718963562290E-002 -0.77177759536213619     
 -0.63436686370255368       -3.4935944363072680E-002 -0.77224229489691254     
 -0.59128168627449451      -0.16522310559175687      -0.78935878588573871     
 -0.62458120842622999        1.2399763436548028E-002 -0.78086142173087014     
 -0.77584460885028550       -7.0314176465293018E-002 -0.62699366783562249     
 -0.72327437293006058      -0.20240302418079648      -0.66023268418421910     
 -0.86247691685159344      -0.12687973190661811      -0.48993377259530674     
 -0.91113784594345337      -0.28634859184072398      -0.29636516266315410     
 -0.92510324429235524      -0.28760334679774557      -0.24792801840552572     
 -0.85179981271218996      -0.48763071215814485      -0.19145069240830825     
 -0.84766599542917787      -0.43028096237241548      -0.31035568886832043     
 -0.90450913733996330      -0.40980971914002362      -0.11797972099852375     
 -0.82687990095801400      -0.56203813965219862       -1.9564226740593570E-002
 -0.84711908310138728      -0.52526181480670775        8.0556098164103626E-002
 -0.83162250261231951      -0.54575308118618260      -0.10275012177415135     
 -0.88917516758391990      -0.39689914038419882      -0.22768090327118795     
 -0.80820681311457832      -0.52430411806366550      -0.26815469232638406     
 -0.88263845837507182      -0.40631384989383235      -0.23634383254429592     
 -0.91366591524108942      -0.38784990919851320      -0.12160198707819170     
 -0.75502648938474148      -0.52463138028904821      -0.39331528719762721     
