  0.14236742570529848       0.98526999922967495       -9.4734073679978506E-002
  0.17766241705439323       0.98057201010329964       -8.3154065254595053E-002
  0.18262032850134050       0.97837640561944528       -9.7105224088301204E-002
  0.17409485400910246       0.98227097634756533       -6.9532084915903042E-002
  0.17792780900036359       0.98291990547242891       -4.7012277230561769E-002
  0.20070077174122483       0.97869870476113974       -4.3220892185902401E-002
  0.18054524876025518       0.98169764351546251       -6.0606516698201197E-002
  0.20602961283941115       0.97689932006929703       -5.6740788515767748E-002
  0.20863025165289062       0.97797176844088940       -6.6811846146019836E-003
  0.21147448650587700       0.97652520984254054        4.0951875403458626E-002
  0.20028962165963995       0.97776246258547184        6.2166182239491080E-002
  0.16868162866510356       0.98565487409813568       -5.5657270398071085E-003
  0.18296624328365965       0.98238390917686991        3.8015902054788386E-002
  0.16636828008256391       0.98331670122259651        7.3551753745797532E-002
   7.1840527307775792E-002  0.99709426883910235        2.5336883872371881E-002
   7.6320700460849031E-002  0.99697605091513009        1.4625477183407645E-002
   2.5968381326106193E-002  0.99956092997988100        1.4268511802676846E-002
  -8.6183375414408299E-003  0.99830394570430825        5.7575656741699691E-002
   5.9096044155843054E-003  0.98640823605079098       0.16420678556875526     
   4.6877994165172757E-002  0.99578303375243149        7.8858121673423445E-002
   8.2707801137837350E-002  0.99481317466040486        5.9212896847198632E-002
  0.13592728991082614       0.98434285053502579       0.11221820020871284     
  0.17891688445868323       0.98335363442572477        3.1691925112291353E-002
  0.12169841215705131       0.99183577460139893        3.8095835721288780E-002
  0.12295742533855279       0.99143691769649389        4.3980788790073340E-002
  0.11153379199729943       0.99284285222908164        4.2699929980397351E-002
  0.13476904532023237       0.98910964769088283        5.9155805026197272E-002
  0.15147025501306438       0.98729879795548958        4.7935846732129889E-002
  0.13219357811517221       0.98797381725782629        8.0203455774121538E-002
  0.12837407389988689       0.98781955488828721        8.7935340623994329E-002
  0.11724807612334316       0.99008464384105044        7.7364634527132783E-002
   7.9090424426923128E-002  0.99531071998123144        5.5689096369146894E-002
  0.12696111214705413       0.99128381767739249        3.5174832100813201E-002
  0.13552858087998360       0.99046967929722007        2.4531982339812859E-002
  0.14398031298964842       0.98756069097858878        6.3194549648676851E-002
  0.12796434812214014       0.99015677098346622        5.6698275858046800E-002
  0.15225958171389689       0.98353091264524684        9.7385643949811015E-002
  0.13950715173675091       0.98686946283492294        8.1402812839681218E-002
  0.17275378820264861       0.98397876092381298        4.4067297539946572E-002
  0.20212121701111566       0.97697759344544888        6.8277342797515156E-002
  0.19838184163756564       0.97858905897197657        5.4846135404719318E-002
  0.10119705435554549       0.99460052945292965        2.2998760873490311E-002
   9.0035485439652369E-002  0.99585932816830147        1.2562239522829711E-002
   6.5390989404636710E-002  0.99775168897973410       -1.4682834970611031E-002
   7.3567239289064043E-002  0.99726104666154070       -7.6332244117413711E-003
   9.7501658074221689E-002  0.99523366877840436       -1.8360835111207712E-003
   8.0322076180013857E-002  0.99650487514522290       -2.2943362655547417E-002
   8.1981108065633454E-002  0.99663387968293193       -8.8252396136846885E-005
   5.8284995368565976E-002  0.99811218886817654        1.9362792868524881E-002
  0.16274595352167714       0.98488271317726217       -5.9327867793459513E-002
  0.17060076320876402       0.98514535943917070       -1.9595927333424849E-002
  0.14931978335500004       0.98874370945255396       -9.4593507612280511E-003
  0.16618663406076167       0.98596709720028586       -1.5839378081247562E-002
  0.19596377632973219       0.98041486163841352       -1.9618803356111127E-002
   7.2842926765254570E-002  0.99716654757161194       -1.8782556385846763E-002
  0.23750975171865710       0.96679943473925378       -9.4276035270935671E-002
  0.21907111772672519       0.97560165554211398       -1.4465651781173670E-002
   2.9767678467002994E-002  0.99798898409082815       -5.5963139226192442E-002
  -1.1335986188745003E-002  0.99979560329030204        1.6740581187987966E-002
   3.6411763360068732E-002  0.99846892546027999        4.1641186092727239E-002
   2.5803049430237434E-002  0.99680848308332992        7.5545024278322340E-002
  0.12189030526464317       0.97679485939898159      -0.17610950040874160     
 -0.11379916617250228       0.96526580217822744      -0.23518435518475031     
 -0.14788050660532770       0.93903326696526190      -0.31039954783906870     
 -0.20279077210741572       0.93127255538207909      -0.30266702882906182     
 -0.23503262849143550       0.93869266728427692      -0.25222160877121291     
 -0.22424938193179414       0.95005990875314883      -0.21702162215587678     
 -0.17741827719876468       0.96820702136379078      -0.17634601979540049     
 -0.17161697488500743       0.95945615714731836      -0.22358778241089511     
 -0.15534156483014491       0.98357374037477741       -9.1933103294144322E-002
 -0.22358783685661821       0.94696297494877923      -0.23080208683185063     
 -0.19652675768669192       0.95405959167458165      -0.22615819473742463     
 -0.14742465883218939       0.92214955447245495      -0.35763971976623138     
 -0.16092430664456522       0.95071916662222278      -0.26502157223161132     
 -0.15266500251899096       0.98358074191307643       -9.6240953567594628E-002
 -0.30246159933091421       0.92168313574689009      -0.24293451424194307     
 -0.30809117327266755       0.90539370441851175      -0.29213364912450684     
 -0.38871108412616162       0.89893131685566374      -0.20205489514884381     
 -0.44318771585470956       0.87403700416139252      -0.19910792016408199     
 -0.48090932173139483       0.84331506318681326      -0.23988732453815870     
 -0.55018713274802988       0.81777273273528761      -0.16894341228104273     
 -0.55795518092784924       0.79655074658497516      -0.23279373743872767     
 -0.45746853500315171       0.86647756136058585      -0.19984788000047374     
 -0.57043990593287375       0.80888377214889340      -0.14249686618825944     
 -0.50182672374339554       0.85952131158507827       -9.6917770651410856E-002
 -0.34856916496140666       0.93673919768953251        3.1925111590723747E-002
 -0.36984097025244506       0.92555971829081496       -8.0974468816774461E-002
 -0.23626671208207492       0.97158749862804872        1.3991900214637698E-002
 -0.11448327457810852       0.99111204410561971       -6.7753198231923356E-002
   8.5065214469225006E-002  0.98200348371314050       0.16862107597380299     
  -6.2716671194776905E-002  0.98151040599246508       0.18084231275548385     
  -8.2320432996758106E-002  0.95150151220955881       0.29642573871739053     
  -4.5381208190081290E-002  0.96576199536594087       0.25542966595523664     
   6.1018336148047775E-004  0.96817042084364913       0.25029115821318587     
   7.0389670644159102E-002  0.98533852866276483       0.15541324975465592     
   1.3981815061047335E-002  0.98616620614547890       0.16516877036604183     
   5.8658003441500545E-002  0.98798905216262667       0.14295758615425019     
   4.6498187698638095E-002  0.99844798178145655        3.0652018159930794E-002
   3.7060961817887678E-002  0.99629884171897709       -7.7557095733133477E-002
   7.1231007091499265E-002  0.99142721159823943      -0.10953642193932019     
