  0.44583470625964811       0.62061551894254108       0.64503317150519401     
  0.38779682295642270       0.49317375671387681       0.77871257200177746     
  0.51950156945256454       0.43124334620188060       0.73766340270676700     
  0.54114017940596626       0.47522960048615698       0.69377527561469488     
  0.32422478751750444       0.51499807895586536       0.79350820148943557     
  0.40231327854030868       0.56367837148703237       0.72139498156548865     
  0.38973660592007014       0.51441119889676989       0.76386287804519659     
   7.7061729145010971E-002  0.45384399789149626       0.88774270792783616     
  0.12784178459918272       0.50044424331461912       0.85627801410742399     
  0.24945937841969346       0.63203413295176303       0.73369126565768450     
  0.36741665562894071       0.68190585540106441       0.63246296771920307     
  0.18908230768129194       0.76059148339235050       0.62108652884517390     
  0.40691682063855056       0.72762759580473058       0.55224703068902248     
  0.44773119529058902       0.53828425346651965       0.71399358486869313     
  0.41041215403124437       0.66261314086398049       0.62650274490843627     
  0.40671135393178093       0.64909464709492004       0.64285458207568125     
  0.41749186955562795       0.62701731917320191       0.65768519848921503     
  0.33426231246492633       0.67670179033607258       0.65600563520563882     
  0.39741097059491448       0.67773635484616401       0.61865818815452489     
  0.37529937270430197       0.81146539260974049       0.44796684859984159     
  0.26959737525123723       0.89818239280629264       0.34725443771160486     
  0.28408782640812319       0.82475110971878363       0.48895778335592188     
   7.6827926823826109E-002  0.88076900022478866       0.46727233804600216     
  0.11369033532818007       0.94240061836349731       0.31457206195252790     
  0.11608926844349020       0.92311924930946154       0.36657077530347165     
  0.19170712182703653       0.89067798614814597       0.41223913500768566     
  0.29053288836908597       0.88329906342786102       0.36793125081104949     
  0.23524542450596514       0.94302661235280316       0.23528790585877185     
  0.35344743229941311       0.91095920990024715       0.21266929843978802     
  0.30941320797273769       0.94679029911659862        8.8609233326567213E-002
  0.18111771789807704       0.97240970989214048       0.14702288383402132     
  0.23550211410556651       0.96874563947252923        7.7914313542247371E-002
  0.38518993269591678       0.92144605829380477        5.0654490467558225E-002
  0.36232241915148833       0.93201041717178301        8.8908303038856013E-003
  0.26891788480281986       0.96240461681516598       -3.8216812609542745E-002
  0.28944636421493192       0.95114763545682535      -0.10741963418134665     
  0.22647720215678380       0.89972277392958810      -0.37310455233847206     
  0.12222733743389277       0.96811909670550744      -0.21864558668755263     
   6.5637826850053899E-002  0.97023500222156334      -0.23310022769299862     
  0.10725805932461643       0.96686966983004541      -0.23164358457047751     
   5.4787310359100248E-002  0.97812737040833309      -0.20066189942711701     
   7.7321899393824653E-002  0.99683210146458068       -1.8630227154940011E-002
  0.16924875404905393       0.97295960835733974      -0.15717652419487643     
  0.12781025231836385       0.98427112135846284      -0.12196269537067531     
   1.2303441468688905E-002  0.93286934953322742      -0.36000472500995073     
 -0.10058293307991356       0.90679631650977310      -0.40939408146352657     
 -0.10323425173500041       0.86039424291435196      -0.49906355910701938     
   1.0515530896344438E-002  0.88283477092316132      -0.46956596007273865     
   7.2577800322185845E-002  0.87765059134789514      -0.47377410482960031     
  -5.5863659834030965E-002  0.83704404098454666      -0.54427614770648758     
 -0.27868880221019648       0.80357508742394079      -0.52592740030754892     
 -0.42561511286114800       0.60955518693203359      -0.66880060540377173     
 -0.35849145239989699       0.70726456216077527      -0.60931167530890218     
 -0.31130138627053028       0.78666960042124723      -0.53314387052570245     
 -0.40754750165604947       0.80367288534123271      -0.43360688101229372     
 -0.29837540817079494       0.79628220852406151      -0.52621930807122819     
 -0.31586559184122903       0.86838176003253509      -0.38228529494814800     
 -0.32875819394352257       0.75905963650283992      -0.56191326568001443     
  -4.3983998798149820E-002  0.65313937571933844      -0.75595923417514777     
   4.4769869056630468E-003  0.75728905196065843      -0.65306450551900064     
 -0.11998085162295991       0.77842084306541626      -0.61617009528632094     
 -0.13416637671084719       0.78391085602268895      -0.60620388745871323     
 -0.12094592660697806       0.73784848326113839      -0.66404194038209630     
 -0.24728979178930705       0.83129761441059069      -0.49778713839557820     
 -0.16951701901583657       0.91849483161601175      -0.35725512530775111     
  -3.5237355000744090E-002  0.99423849514511842      -0.10123311505688837     
 -0.14430965889844860       0.98082579466814368      -0.13097894052947823     
 -0.25469256005575436       0.96166752006729705      -0.10162322913519323     
 -0.28332713234153217       0.95141958244576053      -0.12052598980247631     
 -0.47265729822045838       0.86623866205931543      -0.16194338144125697     
 -0.57000664200167894       0.79893524838379315      -0.19181995976410887     
 -0.69037951114029061       0.72278930902068539       -3.0850370550573009E-002
 -0.71398054783291443       0.69077299637713674      -0.11429980224120953     
 -0.74127141869022684       0.67119948055953271       -2.8180009937396402E-003
 -0.83510645873243328       0.54362640775523330        8.4068611113316566E-002
 -0.81970251998170129       0.56645314165328009        8.4962444920035171E-002
 -0.82681749019897022       0.52515597529936031      -0.20145480760821877     
 -0.96976018789116114       0.23848541638131679       -5.1864093115934332E-002
 -0.98253330673556538       0.17361630919923896       -6.6975206870303006E-002
 -0.97143411797288537       0.23730695741260022       -1.0781474057661861E-003
 -0.95608226650150019       0.28893790033667277        4.9209647736954375E-002
 -0.98911726305617198       0.14624596507284693        1.6098373339701488E-002
 -0.99410163396668683        6.7941373890373274E-002   8.4533490751619728E-002
 -0.96238987832480760       0.26430874635411472        6.2822039911852090E-002
 -0.92221444426902166       0.25344928997667082       0.29203420380481787     
 -0.96789886169108108        7.3479060421422770E-002  0.24035935849618476     
 -0.93545874864673006       0.14921997560031466       0.32039089946834065     
 -0.73678528187558057       0.11533487518483597       0.66621716802978015     
 -0.77662455818305587       0.15757546009850820       0.60993792307227057     
 -0.73661200288880591      -0.13429732222145796       0.66284763441102368     
 -0.80464404787158261      -0.17628373218669041       0.56698501037608329     
 -0.78132491016018302       -6.1204027641275610E-002  0.62111629487855757     
 -0.70089905959483234      -0.25464253419697047       0.66625647316692027     
 -0.69419221348963467      -0.30739608170461002       0.65084930643199668     
 -0.82129296583778000      -0.21873315723352810       0.52690954649923438     
 -0.87498512740922618       -2.8220197780669337E-002  0.48332664653407376     
 -0.91879107158940543       -6.9160678089674396E-002  0.38863835036415062     
 -0.87960863076803275        5.9577130974413410E-002  0.47195256344599196     
 -0.85126076601178402       0.14326544182303003       0.50480701404425898     
 -0.97772584795778616       -2.3959806806322825E-002  0.20851401366100719     
