  0.10963090219567176      -0.77250690870964722       0.62547113544881938     
  0.14635951808227182      -0.33674958243182662       0.93014977836836388     
  0.64128373494480739      -0.62584212859341948       0.44393332987384460     
  0.28238570335321295      -0.80463841597209740       0.52231727339197320     
  0.36136977835486522      -0.70951263301914680       0.60498240212256149     
  0.39980815719353313       -2.9214838669683663E-002  0.91613314023836367     
  0.28424242861813848      -0.44768570335768609       0.84781115396201390     
  0.60909131577633624       -4.8373228541869540E-002  0.79162352150898840     
  0.68325025260772210      -0.53049036563595164       0.50174601570806210     
 -0.21033503658416339      -0.71824422704109958       0.66323781760937406     
 -0.10765114332318501        1.7876979218843583E-002  0.99402799002604914     
  0.86346684238928362       0.21850752583469635       0.45462014170940146     
  0.80066486153404715      -0.31191353060747051       0.51151317571364674     
  0.74079005272522180       -8.9183562287509968E-002  0.66579004949088905     
  0.82058449340466821      -0.56438020030367386        9.0089281765315651E-002
  0.95986894846244941      -0.27862254578218792       -3.1954323016853033E-002
  0.67888009203680888       0.23492919438440546      -0.69565084220606810     
 -0.52174326033809648       0.52933153619671203      -0.66902323956601861     
 -0.72002243027146062       0.58361848591301191      -0.37544262252254068     
  -9.8102545360139903E-002  0.27174720407225494      -0.95735539256474700     
 -0.93823131150707650       0.21567275664601973       0.27056841676081222     
 -0.92514787638831264       0.28986353790150865       0.24511331299924966     
 -0.84092032768609382       0.14594486819699012      -0.52110756848400785     
 -0.60805555902398245      -0.48929477450636799      -0.62518722058343279     
 -0.74430025218765949      -0.62305599269456069      -0.24045449582157480     
 -0.99632904186186289       -1.3638012929955513E-002   8.4512986848141181E-002
 -0.75344992391201993      -0.53364704655449957       0.38410160356432427     
 -0.62582418188831623      -0.48810675718427599       0.60835506651535787     
  0.48504939144915771       -1.2874061982624391E-003  0.87448580917022778     
  0.64520816463034003      -0.14119419389223353       0.75084660477722676     
  0.54014309870854660       0.57906247413250167       0.61068165517649686     
 -0.14451978095116808       0.92329364626985078       0.35586918336877288     
  -2.6505490966794908E-002  0.99736440966749484       -6.7540308536671034E-002
 -0.41292024187548676       0.85269119955483907      -0.32002279926786514     
  0.72632830550994976       0.67087089051209148       0.14959759649996321     
  0.16368073437066433      -0.23065622071192338      -0.95916960181333921     
 -0.11711274027166718      -0.13821432592599103      -0.98345381496788342     
  0.50740062554980359      -0.52303233491319789      -0.68482244547540438     
  0.78557869165495608       -7.5948221553543527E-002 -0.61408304557327786     
  0.63947741479607723      -0.61292788832992129      -0.46409917008452506     
  0.19419082885946073      -0.30804553080093239      -0.93134197421809239     
 -0.24203519891808889       0.10746266151660021      -0.96429805499361010     
 -0.12224453749618261       0.76886649178911703      -0.62761500209622834     
   1.6456933786424557E-002  0.24099951251624024      -0.97038569872875935     
 -0.54600955144532126       0.81393485426190815      -0.19845307442350413     
 -0.52798803435827701       0.53706200512997626      -0.65787007700629274     
 -0.46594509070177209       0.32641093102328839      -0.82240566423112915     
 -0.77629503305818848       0.46115067532899606       0.42977444816184640     
 -0.84808310268330722       0.52899545867437592        3.0312631772129010E-002
 -0.45729426254804112      -0.81625756751200251       0.35299510041930426     
