  0.43955430185547767       0.46174639167645415       0.77044291514304375     
  0.45068808250237413       0.33711930952517594       0.82657777821303480     
  0.57753070317762478       0.38780745302589470       0.71837571386059873     
  0.48638065070537878       0.41319814346199985       0.76987087024966006     
  0.35293385199579963       0.34943056451632232       0.86794929385143926     
  0.42840732261983794       0.47539827499347515       0.76841632339437271     
  0.32162302208947502       0.42212437351005666       0.84756689703572852     
  0.11825496111680513       0.19203076856155629       0.97423813726261121     
   5.5252901222875947E-002  0.27074357563244900       0.96106453121536428     
   5.3678511574835788E-002  0.42897530222468888       0.90171991631345594     
  0.13483670364185527       0.53841065900667728       0.83182511720853070     
   2.4295133027211761E-002  0.53748470320658026       0.84292344867735669     
  0.22542336411046429       0.63981553307457895       0.73472470391951050     
   6.5972127481406961E-002  0.42475132467258336       0.90290309036156124     
  0.11621994454961181       0.51323622550354375       0.85034199080120731     
   6.2620025623788753E-002  0.60167686277714894       0.79628115963491286     
  0.18274241432366461       0.59075138048204234       0.78588677076644964     
  0.17835690385187700       0.54264116379568716       0.82081019864694127     
  0.27713483976620434       0.56898889613648229       0.77424021896382011     
  0.30749054232663636       0.71811809029008589       0.62430439272664617     
  0.20790546773103574       0.83504615872198384       0.50938514828290193     
  0.13603944769846621       0.78705360820260128       0.60169750413738310     
 -0.14090548253024038       0.79572676159418343       0.58903698175560337     
  -7.2963175786976947E-002  0.95045153193846987       0.30218911366046203     
 -0.13930983005618613       0.93226074782079937       0.33389020549024578     
  -7.8802286071820701E-002  0.92316704689268347       0.37623503723245116     
  0.10165148768706743       0.91899114591697728       0.38094914198250951     
  0.14958170918631425       0.96393844036979992       0.22010905354923313     
  0.21534999675158112       0.95615077231296031       0.19849453268144193     
  0.26688913176311418       0.92910813727711572       0.25598488352280047     
  0.30623956842623168       0.94083701771846440       0.14506216881302617     
  0.38373730021753538       0.92153240068205489        5.9360920772150584E-002
  0.55788920962168942       0.82875529233175449       -4.3866789485851904E-002
  0.52654925113624873       0.84521949510959271       -9.1377739162996130E-002
  0.45300289874695093       0.88399883993827855      -0.11547477956090135     
  0.48079636883946802       0.87091471986462021      -0.10169760289171122     
  0.50598110425538834       0.78024912031374249      -0.36768795518229763     
  0.37669559456468305       0.84595748365188572      -0.37743392122190167     
  0.47746567577392962       0.83193219122973217      -0.28269304493291625     
  0.41509960713856192       0.88893183780639329      -0.19362981146394831     
  0.26600924607924104       0.92963834734990936      -0.25497377146853423     
  0.28534609115790416       0.95838607151328781        8.5875602029131266E-003
  0.22568342964805072       0.97412311047698841       -1.2294519792929431E-002
  0.21434563208576496       0.97656392900177158        1.9463878811503112E-002
  0.11151202748940776       0.94543226154390669      -0.30614197124404380     
  -1.5151978385040262E-002  0.90969762223121109      -0.41499476341023500     
   3.0768533874702179E-002  0.88487073564778196      -0.46481940419626355     
  0.13501978397193209       0.91229546062578226      -0.38663503521768955     
  0.24141689577158323       0.89377019177248074      -0.37801154312402191     
   1.3849856557402770E-002  0.87965720147095905      -0.47540655167301837     
 -0.12147114139759570       0.83609507475092515      -0.53496709037549184     
 -0.34155549019448128       0.73786943756352941      -0.58214134042146259     
 -0.21581389573336479       0.83328351452075744      -0.50898226573853123     
 -0.17319486191892527       0.88961266399768446      -0.42260247024814662     
 -0.36960525559727359       0.87725968384690223      -0.30627994079226106     
 -0.28677317093943250       0.82380085122725666      -0.48899213280645076     
 -0.22369003161443571       0.94022916518803434      -0.25677205199583664     
 -0.24843393608251688       0.86487598619407136      -0.43619961933430618     
  -6.0193236425173879E-002  0.82708535879394907      -0.55884397067280611     
  0.17494303226937641       0.82887778477715490      -0.53137233025753150     
  0.16810372748987720       0.86348561190347051      -0.47553520883284561     
  0.17670197390837272       0.83215929757836005      -0.52563039854138727     
  0.14713033270866913       0.87385692456009323      -0.46338616789392734     
  0.17877405045708666       0.92357420627988995      -0.33919098510667972     
   2.6039483867547692E-002  0.96552799903866016      -0.25899349094584417     
  -2.2579879176148520E-002  0.99909816298950771        3.5958445007896356E-002
  -2.9320758891231410E-002  0.99731180759868299       -6.7152449860769389E-002
 -0.14281990480310505       0.98116855035286155      -0.13004134185136204     
  -6.3503586096548534E-002  0.99274035848163633      -0.10214634205218348     
 -0.35074580081912393       0.87978174735330006      -0.32087608236160803     
 -0.35423855548173538       0.80205496267722209      -0.48085640544248159     
 -0.45703778644977033       0.67019309781986292      -0.58477147108227512     
 -0.40315111765775735       0.71655056718162069      -0.56923146522571899     
 -0.50830891250764043       0.65929087524509733      -0.55403753598819039     
 -0.68876717277395771       0.49066342888832504      -0.53371263921751988     
 -0.67275004400968097       0.43556556672168573      -0.59807191488265521     
 -0.48185034704015151       0.32888090744028181      -0.81219307543130248     
 -0.68323166009012182       0.12216557260496624      -0.71990976623505343     
 -0.73625619515739305       0.26919861583752935      -0.62085338069751250     
 -0.75994826309945085       0.38035935894916012      -0.52707247648869804     
 -0.72050473728766662       0.43908630912587854      -0.53672724607965672     
 -0.58314804297427414       0.30504484669226373      -0.75291832324746688     
 -0.64675187240149279       0.29387188695190258      -0.70381199876422895     
 -0.41199407428695034       0.38860384326792885      -0.82416499303831470     
 -0.40993066261078509       0.51496175622841389      -0.75284210925907202     
 -0.39066041164138121       0.34957913911803590      -0.85157434688328093     
 -0.44700679300809382       0.43207889516803610      -0.78325778346275543     
 -0.50956120915767122       0.43636763883449819      -0.74157309680151007     
 -0.59806422438882945       0.42932087943045927      -0.67675901618762890     
 -0.73755607558633174       0.42289305998081084      -0.52647174205816849     
 -0.59659747732185497       0.36458832747190256      -0.71494531366003544     
 -0.67391754628653666       0.41852897690345753      -0.60882562060025214     
 -0.82181907234713225       0.30725461022743383      -0.47979997584461231     
 -0.78298320654846820       0.34683669806823447      -0.51637351126505415     
 -0.75790048863747950       0.19741868853019995      -0.62178188357500530     
 -0.79173523409424407        4.4075446266363005E-002 -0.60927224959795412     
 -0.75168444676883439       -5.6027781998641321E-002 -0.65713878300565043     
 -0.72008183542240589        4.8139818635005771E-002 -0.69221724058021761     
 -0.70220074614259198       0.18867179414255314      -0.68652535729703268     
 -0.77207388932053844       0.15722610067253545      -0.61577744575191928     
