  0.33126070206858232      -0.38579097773482007       0.86106426517620704     
  0.99779500487559858        9.5573361767285030E-003   6.5679415120016196E-002
  0.80200743014013565      -0.59179112787111066       -8.1039144695870188E-002
  0.55993460333307399      -0.41809455844830323       0.71531124707091343     
  0.86730815037637321      -0.43436641537342263       0.24310983008991721     
  0.85158361060067000       0.31816205673889270       0.41662724323787237     
  0.95971437125921022       0.13975679753966935       0.24375471921584974     
  0.49456494332120032       0.26365126198001726       0.82818689249108968     
  0.78345319542436942      -0.50811686048423987       0.35779651573342730     
  0.92231263837665090      -0.37667998501711314       -8.6322569344181838E-002
  0.44551646171404002      -0.36630016762977996       0.81690836054982474     
 -0.75871526940076028      -0.22020831955764375       0.61307376063221597     
 -0.65623459440882848      -0.26354283394145889       0.70703700877620168     
 -0.88505679040041751      -0.28974946040411576       0.36430718900625747     
 -0.58283462478575354      -0.77994493386291719       0.22801250029860590     
 -0.75254406500863280      -0.59996890814111625       0.27150458464684896     
  0.39639077772519227      -0.60216523393953392      -0.69301614870721873     
  0.60886427147653399      -0.62174262707055650      -0.49266662623193663     
  0.67111743064501073      -0.52050443033404126      -0.52789822152294952     
 -0.60368288455073593      -0.36672701087860748      -0.70786882569623755     
 -0.55924070857397856      -0.71786827956023236      -0.41462629327496314     
  0.58608874256284182      -0.66963407976086597      -0.45616903124168273     
 -0.22283570263358932       0.25499019042529214      -0.94091670854476073     
 -0.38964148271421112       0.85294709288160708      -0.34736259397512642     
 -0.40141105164409968       0.91467663740325822        4.7284422452548242E-002
 -0.61794917570036267       0.58619911450145823      -0.52393646027834329     
 -0.99314627138076694       -9.1726688733143075E-002  -7.2434095677325810E-002
   3.8345936609453478E-003 -0.38843503446275324       0.92146813286918128     
 -0.10368719131916081       0.78842417548704224       0.60633017891570551     
 -0.38920170371987534       0.92104959472123682       -1.3772359471506110E-002
 -0.18067037479942649       0.88123832670401325       0.43678052522723104     
 -0.79514527550304004       0.51839184654825998      -0.31466471724279349     
 -0.22299273083616508       0.94653729071503945      -0.23311241768742622     
 -0.21639103522929792       0.81936399840018870      -0.53086491501894462     
  0.54582765733263283       0.30715113009496087      -0.77957062013147127     
  0.84595880705327009      -0.53206362594362999        3.5524564975705358E-002
  0.39217285089917081      -0.86779477715624553      -0.30517647313964336     
  0.56737095191619868      -0.69305881434619987      -0.44470179084274131     
 -0.16893637699846034      -0.84450038336937716      -0.50821216338810304     
  -5.4849799039369720E-002  0.27628404181865485      -0.95950957670139059     
  0.41721723261076532       0.82671003592006431      -0.37746562402643224     
  0.35179792051982883       0.74370522724924304      -0.56845471066750919     
  -1.7476259232311497E-002  0.99679750841252612       -7.8034015569051679E-002
   1.7460879309304789E-002  0.94939338480533997      -0.31360376047110522     
 -0.49896100825740264       0.86532925623724610        4.7362332487621686E-002
 -0.93123112565937305      -0.12065197438775488       0.34387743700267048     
 -0.98603048793828107      -0.12486570863465016      -0.11023806812247433     
 -0.59660470734987070       0.26354611485330004       0.75802788109259245     
 -0.83861059946367045        8.7308840301656587E-002 -0.53768897038378261     
  0.17229706676792383       -8.5692218907169881E-002  0.98131063603832080     
