  0.77951972955238324        7.8881439819525792E-002  0.62139094754475666     
  0.77165901348567445       -2.9878407263510202E-002  0.63533428026961247     
  0.81220663010592997        8.7450060145438643E-002  0.57677801361748005     
  0.77439516116162976       0.13323425357549043       0.61851496994303778     
  0.63558519391932211       0.19879568221616317       0.74599714342800894     
  0.71585636399044450       0.27414516001263517       0.64217917856001927     
  0.65086816213891907       0.13811011717551264       0.74652275989930106     
  0.51965921293592199        1.3201075334380068E-002  0.85427163948057838     
  0.48278426273506192        3.7249329769303181E-002  0.87494676585898434     
  0.50128414856657577       0.19838257515811186       0.84223426448317740     
  0.58906787328549248       0.34206510920950689       0.73211372185227230     
  0.43478925759296927       0.31403268553862645       0.84400342054707089     
  0.59116306477463199       0.45973596596708888       0.66269832687473273     
  0.43506278731809894       0.27422877520870614       0.85762401432010615     
  0.49848495472386006       0.33296510347532132       0.80040426646890017     
  0.35640094007580236       0.45091748612783666       0.81832254680977290     
  0.62582021666347454       0.40675081254793638       0.66550945365702430     
  0.62336323791762360       0.45559008359081760       0.63549661631401455     
  0.70405887268875622       0.35387700838985270       0.61568836818741324     
  0.81371701357080517       0.44489922529286435       0.37407125144711639     
  0.66717603592667252       0.66215186593635778       0.34121993423914193     
  0.59282028985595581       0.62228532973397721       0.51119964038814303     
  0.40795391353476596       0.72345015292173653       0.55695015995076269     
  0.28754885596177304       0.91116847428203762       0.29510619598649063     
  0.16546842655273619       0.90299540225209785       0.39650914658520925     
  0.29434523372274884       0.87869420418430966       0.37584222609707790     
  0.44478582513720882       0.85568049142315494       0.26453065295885986     
  0.27689900048005395       0.95431561740949578       0.11228822690503627     
  0.26513867250588719       0.96277846240419962        5.2527294546904441E-002
  0.29178905333744032       0.95279047201797928        8.3961090894495438E-002
  0.23041262414592878       0.97300056986216521       -1.3413190600335086E-002
  0.30538029005597606       0.94987594922230700       -6.6922040721541856E-002
  0.44668905839927003       0.83042232422212536      -0.33296793920720724     
  0.42978711667326108       0.81966195793083185      -0.37873118311366283     
  0.32842730134861836       0.92061245130153535      -0.21120658663365321     
  0.42500567822572360       0.89372612817229213      -0.14360982312522680     
  0.50738479652769808       0.78461609265432275      -0.35628395332994728     
  0.36737706527602443       0.85475033987807048      -0.36665508095143817     
  0.42940804636206126       0.81016414499542921      -0.39905236233274055     
  0.40743839692316686       0.85772888746363563      -0.31352050702158946     
  0.22570774099726265       0.91701199192688043      -0.32885410491007877     
  0.24372513161039755       0.96563105084488221       -9.0303565077500592E-002
  0.17539648473489497       0.98406815331417485       -2.9085095418067725E-002
  0.21169200569442431       0.97634634628504979       -4.3980755119870957E-002
  -6.9190622094327831E-002  0.96339515159309641      -0.25900277933089000     
 -0.22727837535969958       0.91841102413401354      -0.32382978683713354     
 -0.17220674282004322       0.90445203720150147      -0.39027086764115382     
  -6.1188367771620941E-002  0.94276990182796117      -0.32778178084932968     
   3.2439534093118824E-002  0.92258366886047916      -0.38443081377507338     
 -0.12277103344820293       0.94999775697169808      -0.28710892548788736     
 -0.30100722611408454       0.90641376836095489      -0.29632537919119528     
 -0.47910050067552196       0.85938322749529894      -0.17867058670143299     
 -0.32208449377976922       0.92696925550634479      -0.19232674856256160     
 -0.35773725149580266       0.91983274672290594      -0.16103346530590879     
 -0.44186447079476654       0.89184915477918614       -9.6751612745804086E-002
 -0.32875717560823636       0.89629157839577012      -0.29762413541735000     
 -0.26370699533513653       0.93734005671540066      -0.22771086642515004     
 -0.41655535297783747       0.84525028008390668      -0.33471420932431051     
 -0.31377800239333231       0.83564179666685123      -0.45082829644715955     
 -0.17592172868970821       0.82900747050693335      -0.53084664378568658     
 -0.33269125661471460       0.87564255862354445      -0.35009518319927269     
 -0.18547375119726681       0.91054863004713926      -0.36945998421492915     
 -0.19380524413290787       0.94717883717907136      -0.25552255819534386     
 -0.12955304176982652       0.98177253902313932      -0.13906362208804141     
 -0.29277532555967345       0.95280511208500784       -8.0280926303237285E-002
 -0.27436617880166347       0.92977112898000258       0.24545640681194394     
 -0.36775748993191854       0.90924793921793323       0.19499388099868542     
 -0.45210794993365444       0.87309347626254075       0.18249981730014653     
 -0.37410481339179935       0.90638558298951755       0.19624159484128320     
 -0.67683020948293560       0.73584219631877334       -2.0907645684201573E-002
 -0.70448127326527421       0.67578794059716252      -0.21683356511849372     
 -0.76318411756476390       0.56425731331397389      -0.31490266284775481     
 -0.74752659658951470       0.63297157092420131      -0.20137273348958065     
 -0.82171716040205900       0.50915703320789707      -0.25600785893351236     
 -0.90001229342384337       0.34537745225603034      -0.26588021204876539     
 -0.84916669239900355       0.33993315087815890      -0.40417988749342831     
 -0.72073646528603130       0.45270925082317426      -0.52496979134625665     
 -0.79210852608397631       0.15486447169585432      -0.59040755272222389     
 -0.86309640481921646       0.11273413972517407      -0.49229626215174643     
 -0.93752377142599586       -2.6437194526554152E-002 -0.34691533946592629     
 -0.92819883516186807       0.13749585689211494      -0.34574819123411571     
 -0.85045406320283456       0.21511811384068757      -0.48005425055864731     
 -0.84050250626057255       0.21388559528427459      -0.49780366521309927     
 -0.72317803476934128       0.46769314768376047      -0.50820925772443637     
 -0.74064888573392118       0.47153341487110190      -0.47863918218331902     
 -0.68164570769124810       0.38039321408060750      -0.62502810486211657     
 -0.84588083045063622       0.38354351204438375      -0.37064807438431613     
 -0.80238435895695082       0.38373190437717464      -0.45708770062682080     
 -0.84652122911922512       0.36474333574499812      -0.38776811070546807     
 -0.93671960980785585       0.31061069780205580      -0.16148488168352759     
 -0.86753683257659209       0.33854559192586392      -0.36437168703200284     
 -0.89256437267599009       0.41012488360488020      -0.18742043772652203     
 -0.86147724818217830       0.50256327353500230       -7.2712495200255828E-002
 -0.85421880622023583       0.47204098443640330      -0.21791636035870876     
 -0.85226916640043948       0.35914452854797912      -0.38033205967568284     
 -0.91222719066567859       0.18953267926283196      -0.36320643730756946     
 -0.92840431084455788       0.12962898918680446      -0.34822659399829659     
 -0.90055104814047626       0.19487272436880282      -0.38862891167561653     
 -0.77071722191240477       0.27066280942218734      -0.57683325792061957     
 -0.80510994033536087       0.17760758909181268      -0.56590947003047853     
