  0.60420343846936964      -0.18674406538909738       0.77463853440410380     
  0.59682375216632033      -0.29251748318367649       0.74715121018572828     
  0.67363773973137242      -0.10051504437106121       0.73219459262185960     
  0.62925109966973347       -6.2407130626761662E-002  0.77469245743802639     
  0.46493121551268896       -1.9895399705928615E-002  0.88512323317854347     
  0.63225888659979812        6.0147688461644942E-002  0.77241889923039808     
  0.55515331285541747       -9.7152470489405771E-003  0.83169129681657261     
  0.39787818585555668      -0.12709807244216617       0.90859178358698500     
  0.39373513906400720      -0.12850338352371909       0.91019751740443711     
  0.41825470140572912        7.6678809274630735E-002  0.90508749022413859     
  0.50270370544763754       0.21730906756083920       0.83669932095409627     
  0.34717583070360558       0.14721885355935174       0.92617252805939787     
  0.47582920781095206       0.35586351661398119       0.80433060524707922     
  0.33076692299897698       0.14810315131531818       0.93201861527560470     
  0.39653752946433746       0.21746023750891996       0.89189070677347182     
  0.25880384897305891       0.34398621129458035       0.90260404064901423     
  0.48349756539962446       0.30016212894987665       0.82227294774722426     
  0.48148199346515097       0.35837704021735389       0.79983810050151261     
  0.57180971301383676       0.29133849024055081       0.76691299128870183     
  0.65464571066494792       0.38578981011896585       0.65008093028203096     
  0.45299829956390097       0.62997390472306392       0.63081330039892525     
  0.35621618500243413       0.56950833744418206       0.74079030982044236     
  0.19119304453587252       0.64449486016220370       0.74031857665845568     
  0.14498962669538853       0.87869280211370770       0.45483729801357625     
   2.6183880106431957E-002  0.90597809738781065       0.42251401334882660     
  0.12254341684911367       0.87813594049159382       0.46245040923745795     
  0.30067688281920002       0.86487013906829036       0.40198638619501320     
  0.21651085259203498       0.95352711029911486       0.20954498475145328     
  0.23462031553872106       0.95960238555184996       0.15529510352778397     
  0.24321002360302818       0.95044737543820712       0.19364573566602458     
  0.16541646537408047       0.97945117243596813       0.11538108075826391     
  0.26036216707780679       0.96466406782333702        4.0432390543574580E-002
  0.40545318024425026       0.87365207416009072      -0.26896053975554407     
  0.40213544672675727       0.85543015405026546      -0.32638372206255400     
  0.33500014604423678       0.93298200660986808      -0.13160348586782128     
  0.33333187377640922       0.94183095782467730       -4.2945416609489501E-002
  0.37473257789321213       0.89080230165406571      -0.25699563115612267     
  0.31063561619117031       0.90399287525648941      -0.29377269348774587     
  0.34539265737319758       0.87729122896023493      -0.33326267691135286     
  0.32799468212425337       0.88640547616359855      -0.32665703777110999     
  0.16124660131173910       0.94169838051745614      -0.29530271535530467     
  0.22925961535192074       0.96985445901787026       -8.2597561052661223E-002
  0.16368039651871008       0.98643909556288634       -1.2109440142352795E-002
  0.20495978972659712       0.97771525282135208       -4.5435327617600933E-002
 -0.12677876550980108       0.97745538061498138      -0.16884348824471751     
 -0.28325030486390929       0.92589546810675727      -0.24997369248360624     
 -0.23535079465534844       0.89557965401727080      -0.37755408455665979     
  -6.3179662659842178E-002  0.95655811092825627      -0.28461361640577304     
   3.8888323869503028E-002  0.95001716636862577      -0.30976617289748637     
 -0.11342016693267344       0.95023457487221652      -0.29015533503692731     
 -0.29147366091304355       0.87981821143941008      -0.37545042257735628     
 -0.48335490241665752       0.83108820261679273      -0.27506442478259685     
 -0.30503765071640671       0.88542251912242587      -0.35068360993396813     
 -0.37801488071903272       0.89687340183270292      -0.22961457061785229     
 -0.34867223660288327       0.88720774051611007      -0.30214251039972362     
 -0.19698837311545964       0.83062647761522035      -0.52082169265677736     
 -0.14114845095979497       0.88120878181896534      -0.45116316077090990     
 -0.26846270101845443       0.77283992422492043      -0.57501846030010972     
 -0.11617259624332696       0.71542156060746587      -0.68896728405641039     
   3.2931265313866677E-002  0.67952786142835886      -0.73291023823346857     
 -0.15156195748804910       0.77835184096086008      -0.60925970219212100     
   1.3996917935255107E-003  0.85798545247979741      -0.51367207846633656     
  -8.2756601170706934E-002  0.86290768948434871      -0.49853953142299900     
   1.8662428965326355E-002  0.85681035071806022      -0.51529383525083228     
 -0.12647553706463083       0.89665486472132894      -0.42428055823451671     
   1.3451151269733608E-002  0.98219010607807000      -0.18740774277460875     
  -8.3044942085501838E-002  0.98131734159437012      -0.17355060553103457     
 -0.17830156860586316       0.95599073441225457      -0.23300271747474338     
 -0.16168499698682787       0.94656716633403981      -0.27904938876071173     
 -0.47312146335985550       0.78403388531538087      -0.40180461369365111     
 -0.60184468504568722       0.65075783309304525      -0.46292247488139404     
 -0.70670127479732636       0.59280298765183004      -0.38620969178791825     
 -0.63615708511273406       0.69101946095322153      -0.34321460872872156     
 -0.74995096936545369       0.59191242051432658      -0.29531886155256115     
 -0.86468020454242023       0.47808030857909972      -0.15416667091625885     
 -0.87513241553760512       0.40203023848383734      -0.26928598667580828     
 -0.75607151814585893       0.51075161407477798      -0.40925376988934559     
 -0.91273865135353904       0.19858556905791880      -0.35703210792207124     
 -0.98416215427396703       0.14582571845228975      -0.10079540630758511     
 -0.99514886743628905        8.1805334455407219E-002   5.4649967016720855E-002
 -0.97070028678678888       0.23854338412470064       -2.8948352671468600E-002
 -0.93438416415015091       0.31319154755741413      -0.16981545372558671     
 -0.93053834957592196       0.34360402107376919      -0.12662802482256902     
 -0.75217720512663122       0.64637691833535182      -0.12816525087244779     
 -0.77785600936541255       0.62485679626573742       -6.7037398925175656E-002
 -0.81828746899005278       0.53261572838903104      -0.21616221678749337     
 -0.79824884655140382       0.60157082912906190        3.0188019483329609E-002
 -0.82847116628498085       0.55055266163866967      -0.10260259936758215     
 -0.84391015110217227       0.53614601041162335       -1.9055508033307744E-002
 -0.80196724483866400       0.56659307263056402       0.18926391164969242     
 -0.85331224230671354       0.52124744068223505       -1.2622310078393317E-002
 -0.77375079903179644       0.62941717309823164        7.1719754647422196E-002
 -0.62499414911582551       0.77080800401286742       0.12343959867355156     
 -0.72776202608102070       0.68571480885190728        1.2555250520770347E-002
 -0.84361883375492053       0.53425503784588912       -5.3654616486098428E-002
 -0.94174757915175167       0.33246344984538462       -5.0789287046788381E-002
 -0.96180564486456022       0.26828854724098788       -5.4324551779028188E-002
 -0.93901085107133908       0.32708814277061743      -0.10616952683868930     
 -0.88303939156278899       0.27024123499522124      -0.38368099751835238     
 -0.91694086972813194       0.18060006191831499      -0.35581323620307981     
