   1.9728983962206431E-002 -0.59884279964985743       0.80062354980311423     
  0.67217884370756531       0.24124049806574582       0.69998473137987349     
  0.77507153692172004      -0.15884433712939355       0.61158203800938504     
  0.76892271342541529       0.48528541576798800       0.41624022633737412     
  0.69325451272582483        7.7169790132821894E-002  0.71654937309032118     
  0.62823190679157515       0.47159784597554910       0.61880541607215311     
 -0.24140747021564743       0.66020298543755129       0.71123445595909796     
   6.8933367387096128E-002   7.7848958626210774E-002  0.99457917256571371     
  0.42617775741721431      -0.69001949477781988       0.58501762017002545     
 -0.36014252135996427      -0.70749607882234877       0.60806797544309832     
  -9.2870482706539949E-003 -0.95353962009514848      -0.30112446536810894     
 -0.37660703492372793      -0.90149918967528575      -0.21322840397275686     
  0.52841753613114062      -0.84668431188724169        6.2454651653334275E-002
  0.20031526186187476      -0.97591064089564872        8.6441985469203703E-002
  0.17074529412715050      -0.70477593632493873      -0.68857601186124651     
  0.30357273737198648       -8.8002472157989092E-002 -0.94873555747562155     
  0.29850067591575602      -0.19342247172529745      -0.93460424453858115     
  0.53335536903603897      -0.33639330960279723      -0.77612601526744074     
  0.25337648946893843      -0.43253949697853095      -0.86528026565845884     
  -2.6961519446251088E-002 -0.99666191675379345       -7.7059069302935101E-002
 -0.30078704980071019      -0.90142360552248502       0.31138823689898593     
 -0.25690046236784775       -7.8937020037651531E-002  0.96320875167474063     
 -0.89429641003733118        5.8075507490616796E-002  0.44369039478457417     
 -0.57714656160213296       0.79255672846210456       0.19686461998115468     
 -0.97460600478330317       0.12473099682286123      -0.18597127163067600     
 -0.26452138729201852        4.7260419803603508E-002 -0.96322110046715248     
 -0.28883894218598388      -0.66024209990809846      -0.69329101752863265     
 -0.14177612286641253       0.46355294658609891      -0.87465318652386825     
 -0.18800810377270968       0.62562875853389843      -0.75712720820952728     
 -0.19581585725417830       0.97787376556902250       -7.3614187896722597E-002
 -0.64029846469939722       0.51595262685305110      -0.56904372674431947     
 -0.56576436990434975      -0.80891071235314171       0.15991915828655676     
  0.27796664827579576      -0.84982090264553123      -0.44781578341218542     
  0.33869903380606547      -0.94088608386355965       -4.0424857150728952E-003
  0.69446562344865304      -0.60302724676855068      -0.39252469667885492     
  0.99623022021478069       -7.6941831284276660E-002  -4.0066231784674167E-002
  -3.4999927585889275E-002  0.75168695124609763      -0.65859071690643101     
 -0.20430699351478709       0.70015822126504590      -0.68413238309256341     
  0.13830567606374972       0.51280937412842786      -0.84728866732334351     
 -0.70710072245964684        6.4080106059332120E-003 -0.70708380387130454     
  -8.4862085915334229E-002  0.37761540706634600      -0.92206563254478613     
  0.48337835131776657       0.85448958719287726       0.19024435564890044     
 -0.11913412576831833       0.98407276573995195       0.13193881842105323     
 -0.80258366360186084       0.58574471570785058      -0.11297163776697841     
 -0.88983061423934484       0.44559268205151026       -9.8227489352954028E-002
 -0.10020242308606292       0.38743543724135315       0.91643508028517362     
   1.0068027812597691E-002   9.2934906702079503E-002  0.99562128238213454     
  0.13279241515928381       0.90858827594274849       0.39602211970490181     
 -0.26687801158738605       0.87677084299976960       0.40006126505404682     
  0.68067210267158651      -0.53044370455022583       0.50528701244705809     
