  0.41843222885193654        3.0841504055948751E-002  0.90772422656089002     
 -0.15434590074804744      -0.59884196671374712       0.78585344805802448     
 -0.14394977932975977       0.16219207487570175       0.97620294605087843     
  0.71855665461602292       0.29279784977310180       0.63082941693874439     
  0.61615077402447604       -2.2896266960414469E-002  0.78729536047681159     
  0.85542471120415420        5.6692574542335866E-002  0.51481503032937559     
  0.16836790830665854      -0.88514910406897673       0.43377795128191626     
  0.33192754527389884      -0.80993801398727627       0.48355404887851083     
 -0.16476711505497171      -0.33646400301382101       0.92716976464527712     
 -0.80283483166700342      -0.49361458060437313       0.33436638419099812     
  0.13761742638685368      -0.98640801332575145        8.9781263086529478E-002
  0.19810536445293778      -0.95766842340393565      -0.20886707588797895     
  0.47607674572438974      -0.82153101325542432       0.31374787081349886     
  0.96254205884466804      -0.24939615633162465       0.10636889659144744     
  0.78260066637780457      -0.35812168001649936      -0.50920041171151198     
 -0.16360259665361368      -0.41181287754707535      -0.89646212650318080     
 -0.18581270626332042      -0.78245749757077832      -0.59433484054562158     
  0.15757871274487167      -0.43028704970782783      -0.88883181994312366     
 -0.19512518930001793      -0.13228678966990132      -0.97181601436664722     
  0.14506606704347944      -0.95849213270964573       0.24545604031329207     
   4.7803244003261511E-002 -0.83004946017496195       0.55563724094596745     
 -0.55319208304929535      -0.80508196357548734       0.21405969068712510     
 -0.49223108978980057      -0.81584954496547801      -0.30347664526946644     
 -0.70036488613916426      -0.45513726241956382      -0.54985370656252008     
 -0.77122410621102655       0.23055123481324569      -0.59334602562511451     
 -0.89161816901678892       0.38674041445290153      -0.23547588519423221     
 -0.18802851120335276       0.62725024835597909      -0.75577933612402526     
 -0.84981585403492776       0.26926626958562350      -0.45311002007721246     
 -0.97594249504518593       -4.6390289801787055E-005 -0.21802808124860146     
 -0.99818857485088963       -2.2694916550479996E-003   6.0120033639377485E-002
  -2.6015398705124603E-002 -0.73753750012021169      -0.67480488657587168     
  0.61985266075327472      -0.77030729317231428      -0.14969753853234091     
  0.48439278526768448      -0.33683753792206844      -0.80740578560425613     
 -0.45861725461450220       0.26590299970079745      -0.84791851525957307     
 -0.50317167959622622       0.51903833107364050      -0.69095403011243572     
 -0.22871659229033287       0.73014128186462168      -0.64388075676182122     
  0.72544954618238433       0.31645072478498426       0.61121346085212114     
  0.64185067896519088       0.75984263014321973      -0.10328060480532476     
  0.11616870166651826       0.98303854194993268       0.14191567141818442     
  0.22511201326578950       0.74080988255731972       0.63287068141037062     
  0.21212575924737914       0.97131507751991708       0.10746944889688485     
  0.44864382771297684       0.57984055137351520      -0.68007620958088855     
  0.12151323153589630       0.91300996844161331      -0.38941922408627172     
  0.17297037114764013       0.76717850699436374      -0.61767174867477581     
  0.19982456370537333       0.97953192964945446        2.4235150859595343E-002
 -0.11348397768401162       0.90155811675451580       0.41750969919640901     
  0.28930278401834814       0.85710389734592818       0.42623562534548842     
  0.58848035060236803       0.37329298407593270       0.71717726190573927     
   9.4169542846227916E-002  0.71109863849270649       0.69675736345873029     
 -0.45473843985979640      -0.13828642915646311       0.87982374077143044     
