  0.86452352032495838      -0.23625119168647379       0.44360394185766072     
  0.82493027487692328      -0.19818998592032075       0.52934938469066106     
  0.86466385335003493      -0.12766589896820818       0.48585783821042527     
  0.84895909329240604        6.2528344235986862E-003  0.52842157410329949     
  0.80675461227278378        6.9740880825742521E-002  0.58675651263385231     
  0.84270488434342272        4.8172099558033699E-002  0.53621630591385516     
  0.81519773402133022       -5.9850739154114090E-002  0.57608206313787702     
  0.54399509133273094       -2.3384613870435743E-002  0.83876248154052768     
  0.54822727517364178        1.9819500367423151E-002  0.83609451748044872     
  0.53749199684040094       0.19682811263218994       0.81997624807683711     
  0.50768774024990304       0.32263160635301807       0.79885042716519061     
  0.58737497945655848       0.28097438067762553       0.75897564579585519     
  0.64581409141223844       0.45580422814809152       0.61250850192932427     
  0.61625357731992791       0.35703227462818227       0.70196829224275581     
  0.64113662878205013       0.38147087470800478       0.66590073958773532     
  0.58147416356143711       0.49757423087927799       0.64366736896895349     
  0.66450260718345089       0.41621774417370783       0.62064408035631768     
  0.69377252683750712       0.46258853881372225       0.55198869985143462     
  0.74881333314981058       0.42480660173322260       0.50874152889353674     
  0.70782016056515096       0.59345816581626487       0.38314230479485101     
  0.44478135371855226       0.80007158281099000       0.40256056657675832     
  0.35901403880525601       0.69832210760306646       0.61923755859406715     
  0.40885880073930519       0.77910940786906402       0.47520838758162542     
  0.22905840444974987       0.92355997368342269       0.30752109254619836     
  0.30623299330516607       0.91783965616284280       0.25257022664247486     
  0.35603723981352092       0.90189581660040052       0.24458417746180916     
  0.40662388652329579       0.90745077912377503       0.10578326132401047     
  0.33068618034780595       0.94069477661760248       -7.5762704356006905E-002
  0.28406796134037410       0.95429949040076578       -9.2832515643815949E-002
  0.31692028510845310       0.94727634390590609       -4.7212934276886429E-002
  0.27359429035505445       0.95658585333846624      -0.10044734679334907     
  0.32516533463105346       0.91996942487797051      -0.21891496624022200     
  0.48317874592607213       0.74452583008024498      -0.46067297275684288     
  0.44560296728050908       0.70086859145917213      -0.55697505604545394     
  0.38347034637983179       0.84939193249224754      -0.36260700277905900     
  0.31026255161808697       0.89409650666392781      -0.32299935887675640     
  0.40804404561307267       0.83871092724426943      -0.36064392045447896     
  0.26061399291845150       0.85642622637144139      -0.44566182860805842     
  0.23080485491327607       0.82427693740000885      -0.51700739783771077     
  0.24776912257389427       0.81795377834246452      -0.51919368100377328     
   6.6155198936457840E-002  0.90379866162601952      -0.42281375201936533     
  0.11560159900341750       0.94618331787039600      -0.30228033229375956     
  0.20715184304334658       0.93454671486554042      -0.28932775818745249     
  0.28815262622266447       0.80960983048162916      -0.51137069371298305     
  -3.8329668244759592E-002  0.92623954904068917      -0.37498151197780094     
 -0.23748973511882940       0.95067083565510357      -0.19955848252588093     
 -0.24832790125116855       0.96160615007964789      -0.11681979964544136     
 -0.16567317581595548       0.95604108347742323      -0.24194595578018621     
  -3.1780453102885506E-002  0.95677235899570467      -0.28909627438342378     
  -5.1702350620930447E-002  0.96089622755123294      -0.27203916412547685     
 -0.25399374452001638       0.94149437774088462      -0.22152994024965550     
 -0.34772643335068104       0.93417199295873921       -8.0056324676566162E-002
 -0.24827856867902215       0.93165747029752066      -0.26527742152984768     
 -0.11315114409889514       0.96981238077187693      -0.21601102909505257     
 -0.18099965936364060       0.93147337179757839      -0.31558910143143171     
 -0.16988462879423349       0.81679102056146491      -0.55135437028250434     
 -0.29309334676406540       0.86658729912885979      -0.40388456651770982     
 -0.41307642424784385       0.78400157466793940      -0.46336745531901169     
 -0.30229356764008930       0.68631921538167562      -0.66150172604560176     
 -0.36219052013074221       0.67844114236659880      -0.63916793057203336     
 -0.40139481774044983       0.76533324709398198      -0.50313737804270819     
 -0.34827203151301800       0.70797485338392285      -0.61439254474790839     
 -0.26995822139836489       0.76302666281672460      -0.58729283200990035     
 -0.32691961361491567       0.65337755145129128      -0.68280402861537737     
 -0.19630266920189854       0.75710319400848358      -0.62310514015402463     
  -2.0318897157574067E-003  0.78112206306330745      -0.62437504275868494     
  -3.0487476925260354E-002  0.74210596027044506      -0.66958887198177597     
 -0.12156875017411466       0.78965088309988729      -0.60139215309203942     
 -0.33070677591155251       0.76589150484954649      -0.55140115266971668     
 -0.53364801955702279       0.64741166268822437      -0.54413043494932167     
 -0.49906726164065607       0.61215868748566071      -0.61334623965125901     
 -0.61811464745262257       0.52430275574213447      -0.58569693778074250     
 -0.59160469660936810       0.70710954401198800      -0.38729830327141412     
 -0.67110404600271090       0.60605847573098071      -0.42698065932011897     
 -0.82410718608508970       0.45665635320106263      -0.33513030439521735     
 -0.81928451086634901       0.39694386607867305      -0.41377343732653904     
 -0.67842351189308103       0.40809263448635036      -0.61090256194311532     
 -0.74977773984095131       0.15063350005947476      -0.64431583055116715     
 -0.82711247252492637       -1.3324307577767459E-002 -0.56187847495814269     
 -0.92523605364848072      -0.13294886466359979      -0.35533483422493761     
 -0.86700660813639985        9.5764093480870338E-002 -0.48900795478970810     
 -0.66979635965083462       0.18637428871639611      -0.71877497250805777     
 -0.55130600983933142       0.19767057041278827      -0.81054798075606116     
 -0.61073371587308134       0.46561527461692914      -0.64047384360274406     
 -0.72148235736003608       0.29095749026430151      -0.62833665091042135     
 -0.63844749923904975       0.32464618941557116      -0.69784643182677419     
 -0.70655216822386313       0.24317713331211127      -0.66456671253701605     
 -0.64491098026930149       0.46505493634010114      -0.60647649065219034     
 -0.70618693968531165       0.46552816108211614      -0.53346371709554907     
 -0.81661048729858621       0.35696763974171331      -0.45356522817693989     
 -0.81223327712076387       0.20913711218509790      -0.54455373641592919     
 -0.82398840549191765       0.43924365594403403      -0.35792194446248293     
 -0.80345698656487996       0.56467218483124926      -0.18868543774755411     
 -0.67352479154780032       0.61570883457546932      -0.40898286785170657     
 -0.76690815214736563       0.58519207899881109      -0.26344281513632994     
 -0.91321506543425501       0.34266194821910750      -0.22050177665178641     
 -0.88541637743909640       0.27725682248354044      -0.37305025525920799     
 -0.80368441508997779       0.40938629932786857      -0.43184976422839227     
 -0.68666398408359020       0.29638674994967429      -0.66381282558920174     
 -0.62911934995930652       0.34581534320564988      -0.69614696143151267     
