  0.62151999776023814       0.22964810072686442      -0.74898240447734532     
 -0.64629199298005668      -0.67208948318595418      -0.36138952170852018     
 -0.93210123762458330      -0.35898037145780903       -4.8170278458035565E-002
 -0.80894242945618478       0.31622814543702416      -0.49559247962312003     
 -0.64941008049060978      -0.31913351680916519      -0.69023209560711507     
 -0.64889081406610272       0.34433841591304615      -0.67850701304195071     
  0.43043734405852097       0.50656915486073373      -0.74706852710010929     
 -0.27575153583776402       0.30469849674745497      -0.91165778478711812     
  0.33145104885149757      -0.65907633627645845      -0.67509894473006149     
  0.98210465080298925        6.2629040743072850E-002 -0.17761773032761791     
  0.89952362798921282       0.14394374148755926       0.41247720176476521     
  0.29614052002348368       0.82978074997202322       0.47303773567876328     
 -0.14799746244188156       0.50048126844094309       0.85300366414834927     
  0.53028463520504698       0.56918528631180432       0.62835206334633797     
  -6.4179567199407539E-002  -7.1254267746429720E-003  0.99791292778848117     
  0.23227140227609333       0.46399158628499293       0.85484607008597790     
  0.42406316504687513       0.90383643386587342       -5.7009936564183489E-002
   4.8627277841899394E-003   7.2471786334322344E-002  0.99735860855762881     
  0.36220134646584135       0.85684709105911350       0.36691040754095589     
  0.61318185601168895       0.78991764964791411       -6.1739965003835273E-003
  0.91468109391732833      -0.23946292206473999      -0.32560099107100748     
  0.45325312174758814      -0.46724693369434583      -0.75910599429810677     
  0.18911008679263475       0.43874701479645484      -0.87848644387975250     
  0.28393363332914989       0.92421518528111379      -0.25535853845194872     
  0.85884621683235784       0.49855971822973094      -0.11756437892255966     
  0.74601670114462793      -0.45817510501547060      -0.48325423408116414     
  0.30789960387785553      -0.95083716246856120       -3.3264461525986139E-002
  0.51921616456482422      -0.85359130245522841       -4.2384700392849042E-002
  0.15992361165791025      -0.94142995425471709      -0.29687384469882128     
  0.12630282605429716      -0.59809885622669789       0.79140719879908472     
 -0.59251163593056644      -0.80029573050147818       -9.1960344866682364E-002
 -0.46231996599712938      -0.88443146665917705       -6.3570667949172252E-002
  0.38985745195216109      -0.63167520729387461      -0.67007283159937459     
   2.9754233343043959E-002 -0.88651445748663205      -0.46174322113632138     
 -0.36990642203150603      -0.88367421913802235       0.28686079092594685     
  0.67187267387520921      -0.73445588395224293       -9.5716584914510350E-002
  -3.3548255622242642E-003 -0.93028012128842774      -0.36683462361263652     
 -0.50023748061965545      -0.19029492654940403      -0.84471906804147046     
 -0.97315646650289245       0.11671434318538008      -0.19835386005420677     
 -0.43920028183031029       0.10281090693268272       0.89248699142108090     
 -0.40496377321076771      -0.10110470419661605       0.90872558078674803     
 -0.14195038840596022       -9.9801633447170246E-002  0.98482979300621865     
  0.27982006127926745        7.3047782012674534E-002  0.95726942646712332     
 -0.65520169526007710      -0.30109806291850783       0.69285690805175781     
 -0.65432351419835633      -0.17780151015726550       0.73501521191939001     
 -0.80526884808609966      -0.56516983491667461      -0.17923487384531561     
 -0.91239047936763573       0.27924939399781246       0.29927143049604843     
  0.10879527976504917       0.92822178204779171       0.35576384081700096     
 -0.69326303591256855       0.61460712967828335       0.37635679771449304     
 -0.34037093556936643       0.91610890046981830      -0.21187757951141462     
