  0.82006260452686652       0.29787441368848794       0.48863908800499317     
  0.74144271981869980      -0.42532061602332238       0.51900391791718903     
  0.94466599773737125      -0.27731322305203288       0.17522422503562343     
  0.61485321834705264      -0.29521826901611470       0.73130136983831506     
  0.38895212595635303        6.6429446993098315E-002  0.91885982189136051     
  -2.6669952262752726E-002  0.20819935084913388       0.97772273367876916     
  0.45128032579219146      -0.27232839911123963       0.84981369169389642     
 -0.45503821148001833      -0.76735159903909489       0.45178728351428554     
  -1.2935037134035987E-002 -0.84565071007874959      -0.53357994842164680     
  0.17952249068499640      -0.98360698029344051       -1.6999519294700297E-002
  0.14941460678072593      -0.87310009137901334       0.46408135678405116     
 -0.87594644195844429      -0.46418534787700716       0.13133846975143815     
 -0.69124156682117310      -0.66209573821018874       0.28950704610169131     
  0.44103796280471796      -0.89710443061965239       -2.6251779514051981E-002
  0.76518024437306897      -0.37460874313314363       0.52361004878571027     
  0.89704562685540001      -0.35576942097230380      -0.26217792134472478     
  0.68545158083628177      -0.45605253946720647      -0.56760215959293614     
  0.70680582287876947      -0.51356488998417071      -0.48649422660522224     
  0.24472932956561377      -0.42520337766491467      -0.87138375178374727     
 -0.25644363166835882      -0.33310867608806838      -0.90734517891022270     
 -0.75147430839229434        4.6057207491178365E-002 -0.65815279188381526     
 -0.91742518718175803      -0.39548953492306055       -4.3807005043712099E-002
 -0.70961876127250934       -7.5188096170853050E-002  0.70056260522833469     
 -0.85496656388005066       0.41594467516013867      -0.30987449371174269     
 -0.46870445707423358       0.47667224842428069      -0.74370672949820671     
 -0.88853991201694960       0.17694034816624493      -0.42330714374291639     
 -0.94128340717505044        1.2167506413587293E-002 -0.33739813153700698     
 -0.22072257951413068      -0.83179810467609383      -0.50930683870328097     
 -0.42495854550965395      -0.76961031933305324       0.47656079462584811     
  0.74544284152722773      -0.61227936420450213      -0.26349373841736690     
  0.51022458493426259      -0.70702385906200182      -0.48968166766355709     
  0.23439244446905494        4.3788420824931590E-002 -0.97115537180077027     
  0.70382346957003983       0.21989504614304958      -0.67548404301222842     
  0.85630219835908217       -5.4989621884580654E-002 -0.51353937197688959     
  -5.1031943989566078E-002  0.34501446369131783      -0.93720902713132770     
  0.18081665096457419       0.55283649298413262      -0.81343540048300533     
  -6.2137755641181694E-002  0.74397939144353875      -0.66530712038214013     
 -0.38233507780949483       0.86284406980207617       0.33063575046233196     
 -0.36808232680437947       0.92873816509092588       -4.4281163013443120E-002
 -0.40880756669590612       0.90919715602598106        7.8974077306660700E-002
 -0.48196930406211091       0.31561540038412600      -0.81736926109455277     
 -0.20616427164174148       0.89571360343019246      -0.39394597818550015     
 -0.57475839924714678       0.58664489269787456       0.57052655710875055     
 -0.47620753815228983       0.79842254395802348       0.36843971271640324     
  -7.3232176478996089E-003   3.1028775667326779E-002  0.99949166357898223     
   6.3997519408137901E-002  0.32444124222255893       0.94373841601086594     
 -0.61938485964438361       0.72284831941396088       0.30635388485169612     
 -0.65739715614524152       0.75069056882844254        6.5518310144534353E-002
  0.25532224211619131       0.96160423214519597       0.10063723665334554     
  0.74875445739027069       0.23571759719834931       0.61951914975183897     
