  0.78127528045650307       -9.4408441783135372E-002  0.61700565821367126     
  0.74635721523433673       -8.5679856667487814E-002  0.66000747679786198     
  0.77019963322232898       -2.4511986809583556E-002  0.63733169345862251     
  0.74369681867964221        7.4506065769082017E-002  0.66435223191421200     
  0.70188194238883650       0.18376588927227708       0.68818009044758377     
  0.72443565530275089       0.17393272096387141       0.66703852205413938     
  0.73899803905637496        6.1508531308103402E-002  0.67089388046631515     
  0.58035062204585253        5.2916891586634589E-002  0.81264565345284501     
  0.63341414676643193        4.9894252034108355E-002  0.77220274688070412     
  0.61792897338032560       0.23822535677592940       0.74927462471787798     
  0.55708743646096004       0.37810390928746918       0.73938557053737530     
  0.63867370771595833       0.36711403734012221       0.67625674019575610     
  0.69571250108016791       0.50260769860804522       0.51319549602534575     
  0.69359099581064398       0.39526590391756655       0.60224280463167268     
  0.60107000200297889       0.41645944002920365       0.68211171189380515     
  0.51362494147926518       0.50502447327148348       0.69364234363775457     
  0.55114560632323994       0.44963278098517800       0.70290033638782501     
  0.56614948387152786       0.50881043579107055       0.64852656255707553     
  0.76537969386159821       0.44465521452712409       0.46526945356229588     
  0.69673255655565036       0.63477966235836658       0.33409358702558223     
  0.58951886574212098       0.76057109038062687       0.27202779896793600     
  0.60060293638817841       0.64258588510899262       0.47577252238920115     
  0.60307754599793795       0.73704545206873717       0.30505978938216832     
  0.40105034292687392       0.89552641897048124       0.19284982593754180     
  0.38319714348925266       0.92004764919252546        8.1683979071685647E-002
  0.47759654376459509       0.87658327166909267        5.9188759186418097E-002
  0.40682160062262746       0.90584897319521607      -0.11804161566167137     
  0.26301380348196596       0.94313498910771187      -0.20327353860930125     
  0.26512515276873716       0.93231674409481891      -0.24595556925954679     
  0.31392281708802888       0.91970600038112515      -0.23578239496295855     
  0.19758671207661463       0.95014862826869761      -0.24119924421493744     
  0.18782033504938717       0.91639145637620922      -0.35348298462955008     
  0.16512349857904010       0.75431947694625001      -0.63540251566747175     
  0.20088630407196628       0.69909749740918614      -0.68622691724568374     
  0.29711103822019502       0.81463103064105202      -0.49809769612437571     
  0.23322289748370459       0.87516077665211878      -0.42391118774923564     
  0.28706152813611613       0.83135512014508950      -0.47586168502276593     
  0.25422166736174001       0.92955688015296234      -0.26701189187771240     
  0.19845468083873555       0.91978489737889135      -0.33854317628169445     
  0.22196281510150839       0.90680191839575430      -0.35838915930311438     
   2.0778461009962036E-002  0.96531966017227155      -0.26024259690325324     
  0.14460685968814466       0.96703700295377593      -0.20959077042970337     
  0.24144173423189855       0.95299362544137922      -0.18305474273887790     
  0.37488735988577943       0.85277683857454056      -0.36363598692744048     
  -1.7110670158050373E-002  0.89221197628010818      -0.45129260391579479     
 -0.20272242668923646       0.93393878930572238      -0.29438402733064212     
 -0.31345831666170121       0.94233763798131520      -0.11723335600171111     
 -0.20504377776932545       0.96199703725004504      -0.18032955808806883     
  -5.9237244388233370E-002  0.97411286092490657      -0.21816297361832093     
  -8.0128877820327335E-002  0.98181110674938143      -0.17212296070780278     
 -0.22068463798422558       0.97144597157314216       -8.7126430387660228E-002
 -0.40841675456053517       0.90531935543030040       0.11658738901576193     
 -0.35867740502691392       0.93033408563931475       -7.6347941824405297E-002
 -0.37697703811820676       0.92622108961755012        1.6750759119394908E-003
 -0.37255530320736635       0.92216185652921301      -0.10401950016542966     
 -0.23243545796681922       0.91402393889128331      -0.33246653517824909     
 -0.37499458930136509       0.82573253644142619      -0.42136069614609278     
 -0.51779616909727966       0.72812170662833309      -0.44913907378988410     
 -0.35022022292122179       0.66731744258757375      -0.65729234460428043     
 -0.40596571532893300       0.60383811738560245      -0.68598204493243731     
 -0.33123676742690300       0.74217305982231052      -0.58263312056435890     
 -0.29821421599188941       0.79535523510443529      -0.52771046168549030     
 -0.29333563258333489       0.75534601463591500      -0.58600904842039714     
 -0.34763944346762038       0.65990254348629818      -0.66608967147512121     
 -0.13508618513007897       0.70530522386145633      -0.69591397728508597     
  0.11868784915460893       0.71404543606145809      -0.68996544094820977     
  0.18164683779053820       0.72963276339500416      -0.65927267264864087     
  -3.3880189177551791E-002  0.71861042503371308      -0.69458706424332983     
 -0.23968564849309729       0.61358982253958017      -0.75236847327775491     
 -0.44873418874835819       0.47046648997159263      -0.75980188843024288     
 -0.39675943233429412       0.20812594090250580      -0.89401652421933675     
 -0.54705656635741506       0.19594095178119575      -0.81384043683042051     
 -0.45497121275266100       0.31665406975134602      -0.83230486942964776     
 -0.50736077330808960       0.26466836064441152      -0.82008274252176983     
 -0.69190038017439048       0.28904816598112121      -0.66160790628399602     
 -0.61149479016086605       0.11443368056409045      -0.78292978890746512     
 -0.25288348097313185       0.39596283627178802      -0.88275895766767787     
 -0.26639941604901585        7.2002306559908691E-002 -0.96116960989141109     
 -0.45377146911140759        9.7111224003138819E-003 -0.89106517602373536     
 -0.68802641158161526        1.1528516738419016E-002 -0.72559406713944119     
 -0.55894070182905076        7.9852777341587147E-002 -0.82535375796666166     
 -0.28003006437697908        6.1523957351588200E-002 -0.95801772724560530     
 -0.11139658056298862        3.5529377055117273E-002 -0.99314070765675388     
 -0.24932306941062393       0.33495943386146015      -0.90864744798347719     
 -0.35379026336110297       0.19567124720827900      -0.91462845602291265     
 -0.29366352686084973       0.15749545246478433      -0.94284511742097155     
 -0.32386259513346616        4.7929264053658570E-002 -0.94488930839579655     
 -0.24498323266625310       0.25849527033491104      -0.93443213286298998     
 -0.34448379221877323       0.33486450364203973      -0.87703858586674754     
 -0.49121416917271343       0.31465378896842205      -0.81222018756725101     
 -0.40844630735040738       0.24248210571641352      -0.87998525125092719     
 -0.59191084851888587       0.38066204159209838      -0.71044912379183511     
 -0.57308005190224209       0.59602528300109214      -0.56243498836327188     
 -0.40488583613532719       0.54771598583413039      -0.73217119484362481     
 -0.54505462341367372       0.57817174885642142      -0.60715145253855674     
 -0.72504224788368710       0.39697495011573408      -0.56278293130156454     
 -0.63512750125326134       0.35038360916946554      -0.68836355480020184     
 -0.62908034919585587       0.27496994626071131      -0.72708283084460679     
 -0.56654382655741198       0.16487501945534039      -0.80736876366954247     
 -0.58931443182869414       -6.0946429177111981E-002 -0.80560165913990667     
