  -3.3251489922786976E-003  0.46438821007291287       0.88562550422255604     
  0.43599886150242684       0.79857994396838927       0.41493983402420342     
  0.37510454768443147       0.25218762408534601       0.89201904719833791     
  0.47810465784986378      -0.24677964574800285       0.84292095868281158     
 -0.16312093974422326      -0.50865938937953581       0.84537399097263288     
  0.12413932328056831      -0.57623741222194791       0.80779940156649011     
  0.26664781442013430      -0.31932986579896616       0.90935547497872793     
  0.69908666454793422      -0.49630249158831702       0.51474427854468385     
  0.90274599016755308       -7.0481816823809648E-002 -0.42436068471717220     
  -3.7170506272259166E-002 -0.99690203751235607       -6.9315806762680898E-002
  0.52565955752282878      -0.42087839973418378      -0.73928573787278484     
   1.5310070251734434E-002 -0.61980153791201298      -0.78460923736010135     
  0.28107001737928222      -0.68201239399865243      -0.67517311836495109     
  0.39416823307803711      -0.88790840580238040      -0.23717096562948428     
 -0.37524044164794301      -0.92475335027104755       -6.3449602948557601E-002
   1.4200876421762376E-002 -0.92756793255750225       0.37338460814536256     
  0.30810921136281211      -0.61560864159319395       0.72532386853679487     
 -0.32677076073509093      -0.38718196093922369       0.86215485792975566     
  0.46089748369112127      -0.74588371750013338       0.48086483495405030     
   7.4683649763969878E-002 -0.84694761901405935      -0.52640486614807769     
  0.17732058808836124      -0.12648305015876293      -0.97599151997471367     
 -0.49088673454363235      -0.34264226295736672      -0.80101591337787004     
 -0.33650539980720584      -0.73947881093705148      -0.58303962479042226     
 -0.81304173273174929      -0.43441707093638415      -0.38761443383296801     
 -0.98424159968590863       -9.7108992061742984E-003  0.17656209073401719     
 -0.91133635687933556      -0.34238269902854757       0.22856100287647316     
 -0.36522839853593875      -0.91343017147301420      -0.17959270237322444     
 -0.72391029946689889      -0.60925400591999002      -0.32367180074303453     
   5.5962052338173224E-002 -0.23281486872252843      -0.97090961762660533     
  0.65328862461726467       0.51870719349425243      -0.55150414355925026     
  0.49249687819288301       -4.3111344546420800E-002 -0.86924578626628579     
  0.65263168086761447       0.52131048318908701      -0.54982476230622035     
 -0.18193165656408222       0.91097818229362615       0.37016161838426964     
  0.72782892178009606       0.48294643626073763       0.48685500954956035     
  0.73264241812765363       0.59634544035612647       0.32803536840794340     
   3.9059086880218419E-002  0.97852019520099798      -0.20241693436042485     
  -1.0298871190262328E-002  0.94304360510135721      -0.33250968727187408     
  0.31419152491124408       0.61715658890798186      -0.72138854332558289     
 -0.18192906800387312       0.73812458763938593      -0.64967215373404685     
  -2.8205081660693833E-002  0.97979924871838298       0.19798460945083202     
 -0.57745962326537781       0.81138132130447160        9.0557909297976608E-002
  0.35210166391591241       0.90412008738778771      -0.24205636915715301     
  -5.9751065322964883E-002  0.70179385668522787      -0.70986984223282235     
  0.53609132446841656       0.77996570343545779      -0.32289254140370743     
  -2.1519891571354845E-002  0.78735306664343430       0.61612664502839998     
 -0.70352792656620766       0.57612843379849477       0.41608230473111846     
 -0.76636866570175288      -0.12597271827427178      -0.62992852172378699     
 -0.88220047872502916       0.34627556590321268      -0.31908548665798064     
 -0.34749778340586013       0.15868570563593620       0.92415590532921310     
  -1.4907413240220140E-002  0.20261706351969816       0.97914457288040357     
