  0.99114161351014485        2.1956160778590528E-002  0.13098178870501648     
  0.98196296344082756       -4.6856124289567001E-002  0.18317544062200114     
  0.99069394340719075        5.5963363578451997E-002  0.12407099755098000     
  0.94535937185073315       0.12610073354878107       0.30065638701422992     
  0.89725509413200089       0.25861611567343695       0.35784214504186246     
  0.90386754921920842       0.22128475530994790       0.36613728372820969     
  0.92325724905960038       0.16458970445780369       0.34714014640400237     
  0.93383669004388681        6.7321167909114382E-002  0.35130741050998643     
  0.96562228768170200        8.3160706495820760E-002  0.24628823444790821     
  0.92244285357671718       0.19344616856345132       0.33418222836255529     
  0.88102296517253509       0.33329717453238822       0.33572537629335070     
  0.90555448797637750       0.34926241426926458       0.24080455827216063     
  0.87319454458045220       0.48448002752298913        5.3013113908348716E-002
  0.93268111215184801       0.35580781860112859        5.9217727561037450E-002
  0.90208969929705352       0.35966206179706944       0.23848978117737063     
  0.96534218655120663       0.25814738345029253        3.8397803092093265E-002
  0.95186143555160940       0.30628053466152261        1.2330514874738262E-002
  0.92722601570325192       0.37441302252944741        8.1733936299593288E-003
  0.89577080815077215       0.37199841119401578      -0.24333483378677012     
  0.78603176015204923       0.57623386468402105      -0.22384951468248848     
  0.70838332385701519       0.69344507804140909      -0.13163202581980266     
  0.83186739344577676       0.55496521687980671       -3.2012146558322470E-003
  0.76912395564630154       0.63244165722730350       -9.2010276896473786E-002
  0.55637991277509624       0.80620194061335237       0.20119598309021502     
  0.48521724956996687       0.86409695523997598       0.13379339544521837     
  0.53860626948453127       0.83785801225527046        8.8866404065935350E-002
  0.45386833079983113       0.89073454479386871       -2.4403053248243080E-002
  0.22949627131303929       0.97156842147971223       -5.8191613114221982E-002
  0.18685795339062847       0.97673412782775049      -0.10523568211984061     
  0.28786081343701125       0.95741854712168217       -2.2042634025707452E-002
  0.19142338964160563       0.97772336195386100       -8.6105245994369667E-002
  0.21919093610885787       0.95984021515432116      -0.17510595335458967     
   8.2405794926892470E-002  0.83982302228149364      -0.53656926506131786     
  0.11566335774407249       0.86884421056670724      -0.48138521522796973     
  0.18542714734322790       0.93462679890315759      -0.30346255090239238     
  0.18428137427086996       0.95593102867911761      -0.22855249616954021     
  0.21487769889419706       0.93271682842770143      -0.28959781160380393     
  0.27872660164179486       0.95441702383083860      -0.10676903183558847     
  0.23953901796179533       0.94433687973250191      -0.22549704310917834     
  0.23794416315928549       0.96000717140770331      -0.14754255679027470     
   1.1998196305132335E-002  0.99795301757938126       -6.2815746351008034E-002
  0.13014272671339064       0.98837538606317787       -7.8593682367444712E-002
  0.23254438006390646       0.97154520076632300       -4.4978152125533168E-002
  0.35093114064849723       0.91909779292541549      -0.17918309508095281     
   3.0833758522894786E-002  0.94520472303564151      -0.32501893927351827     
 -0.21691096000406018       0.95920795241646806      -0.18130013637928438     
 -0.35162181853738556       0.93478903795871127       -5.0314523158899851E-002
 -0.22512181436768133       0.97317764477725155       -4.7386078141439511E-002
 -0.13504528723065379       0.97936001786731286      -0.15038858267745828     
  -1.5721569500857707E-002  0.98571248825460978      -0.16770129024950570     
 -0.16301595098018620       0.97339287735311852      -0.16103448712700194     
 -0.36484211307572845       0.93036463882804099       -3.6219764560465627E-002
 -0.41111981135032238       0.90659362446903680       -9.5228676287006847E-002
 -0.28698003178611348       0.94335294883515108       0.16651629133533491     
 -0.23229460866336910       0.96795413439648514        9.5414928028515783E-002
 -0.23302336119100889       0.95480449218159946      -0.18452234241168439     
 -0.39452148179874191       0.88402685867527175      -0.25069765363893759     
 -0.44809691547903790       0.84097121499683547      -0.30327639190172695     
 -0.43328382448050107       0.72912573079742882      -0.52975541161244333     
 -0.53817179739529719       0.64383763205507605      -0.54391563687582911     
 -0.42006513686945324       0.77315999969650828      -0.47515144496901246     
 -0.33661320717206583       0.82981830582429783      -0.44507654181750822     
 -0.35548015342084727       0.79920792894923220      -0.48466539677242920     
 -0.51308058626179864       0.66259837075501660      -0.54562964643982237     
 -0.32752448716323002       0.61166189985545871      -0.72013709151360894     
 -0.11627636754123569       0.60795084967905599      -0.78541426694829863     
 -0.10741946283366402       0.57912928526782825      -0.80812766933803160     
 -0.21525421749661999       0.60137135022093069      -0.76942713819008457     
 -0.45950037969538593       0.67960609476476241      -0.57183472876207553     
 -0.64983406085730677       0.60541907832353015      -0.45954698666359739     
 -0.69106214901224039       0.35810377698012408      -0.62784933791090680     
 -0.72466954177941978       0.38826559259836346      -0.56930122503070724     
 -0.64066184122319214       0.48074982006265599      -0.59869192053196663     
 -0.74375681529047322       0.36165850611643996      -0.56216449964633008     
 -0.87978240430574806       0.27840308579279255      -0.38532407515629874     
 -0.85013965164759664       0.25169025307704823      -0.46250901526622007     
 -0.64091656900554961       0.62566436217924215      -0.44471345546656144     
 -0.55401511393729574       0.54058990032939636      -0.63311121707872986     
 -0.70170450240477100       0.30814245487741199      -0.64238541297806884     
 -0.84726341766794766       0.13275405922124983      -0.51431610984095000     
 -0.83574159757711730       0.30718804737447331      -0.45516094475417535     
 -0.85121775213800144       0.32197333991107185      -0.41444119827986259     
 -0.67055763806696922       0.37037554354650776      -0.64278644258624851     
 -0.81507590458636969       0.35892345418699029      -0.45478041272377029     
 -0.88406416882886529       0.16550159611139600      -0.43708096169648669     
 -0.79914972226710446       0.20539868180338303      -0.56495230145017383     
 -0.70064932411949843       0.19809236391877189      -0.68545600877660984     
 -0.73347284826341830       0.38825438669061230      -0.55792124182168312     
 -0.82838278923477771       0.33738503975742135      -0.44716136846500187     
 -0.90667242167371953       0.30986443708707639      -0.28623268577335476     
 -0.81020959624694189       0.42297310987493458      -0.40577599543602944     
 -0.82907168933015429       0.51106877491574143      -0.22682337017460408     
 -0.79186254127362277       0.61055557269664895        1.3251731085019177E-002
 -0.70319039445043785       0.69633650685787396      -0.14366188906460034     
 -0.71744554899907453       0.69454684776031772        5.3633576121828626E-002
 -0.80065587638583002       0.59531868820759193       -6.7422748977126620E-002
 -0.72400031885638172       0.67011028309489595      -0.16363296363000487     
 -0.84312498465935370       0.53376058749846644       -6.5114479775714940E-002
 -0.86135878310665104       0.48708599537791247      -0.14425075345292293     
 -0.97023447216812775       0.21865113697069724      -0.10409970853966184     
