 -0.78101518924354418       0.35262727232856406       0.51543116027359748     
 -0.57510608053942247      -0.46269057683096648       0.67466319466709601     
 -0.54693893286998463      -0.67570911760631736       0.49424183563790042     
 -0.72242426382573244      -0.25834498315542109       0.64137434678529859     
  0.80689884099397713      -0.55272241136950373       0.20835593673436265     
  0.90333072747699050       0.21458339369681462       0.37141292915761215     
  0.67746250834462263      -0.13115991086231960       0.72376904297573152     
  0.86573717592659438      -0.41582883863689912       0.27854177276764508     
  0.47565252133878899       0.43353518610886022      -0.76537697989265985     
  0.23071533270567735       0.84286605211305621      -0.48615558564089256     
  0.31410292908438464       0.92157495764246522      -0.22812046683036796     
  0.80923154899196670       0.56817048908148837      -0.14942086685924552     
  0.25167765538959158       -9.3600316489010849E-002  0.96327428001102922     
   4.0345042552337118E-002 -0.53557302853722999       0.84352463428457147     
  0.42010498847055938      -0.90026366779601508       0.11418023957154465     
  -2.1798629533259107E-002 -0.97253321703324924      -0.23174115197228920     
 -0.66278804625317811      -0.70731839016703801      -0.24578995234838691     
 -0.29138475302414657      -0.89589784982960741      -0.33535349763459121     
 -0.13195627348479569      -0.74734189497887415       0.65120475573924008     
 -0.16328319998092003      -0.77200920419883068       0.61428037998645424     
 -0.18623585825880473      -0.97763145404529239       -9.7739169015865698E-002
 -0.80362170671338373      -0.15452901039896416      -0.57472857719468351     
 -0.90702732528448948      -0.27615274564842102       0.31786961518544549     
 -0.97942311234287982      -0.19322981458228294        5.8246079397082540E-002
   7.4428114718540606E-002 -0.45285121571857989      -0.88847410325888942     
 -0.25915795300112660      -0.82741533239872700       0.49821784703866512     
  0.28464800248423727      -0.78460970588338530      -0.55078409936688322     
 -0.47416683197518406      -0.16081264482408941      -0.86562411514429649     
   8.1796567822674360E-002  -8.6130174622777778E-002 -0.99292039686568623     
  0.37369565725433651      -0.30717443834184543      -0.87521164307763222     
  0.99493629133567840      -0.10023012180430721        7.4631673125079012E-003
  0.73624388225329174       0.67662322013551790       -1.1223360372995289E-002
  0.27687707014763285       0.77283240056409686      -0.57102466554852549     
  0.99253968401806680       -4.8210857159788741E-002 -0.11198521733363831     
   4.6431347832608577E-002  0.72476609698801930      -0.68742871237329672     
  0.32765807068224834       0.36141840330335473      -0.87293580890602951     
  0.74259573911690935       0.42047829624536592      -0.52129604893189341     
  0.94014746884817324       0.15324428912098037      -0.30436643157577642     
  0.43422167142253787       0.16481965088460124       0.88559924500266940     
   6.3824712243145010E-002  0.74580750536914875       0.66309695448110528     
   8.0492570996345048E-002  0.84187556947175035       0.53363514833733727     
 -0.63145780071796376       0.76608053620477934       0.11992355048372302     
 -0.43046449339386544       0.88262572947066642       0.18887070075461238     
  0.34481338096983727       0.75244250323370043      -0.56118981782598099     
  0.10582142015066648       0.99415403538363967        2.1437839623592803E-002
  -2.3155820687472028E-002  0.94268662602896558      -0.33287495110689147     
 -0.19414101458713087       0.95831435442989943      -0.20962553410472454     
 -0.67280174134646087       0.73826426785521826        4.7996746237465124E-002
 -0.92519619202758574       -4.7745278124534329E-002 -0.37647363078239343     
 -0.78465971697896009       0.59297222011201800      -0.18081226375975076     
