  0.98471863682295568      -0.12087933713328808       0.12536902387652743     
  0.95564271287864466      -0.13807181686951123       0.26015990987908871     
  0.94420217623135916       -6.3242332453810834E-002  0.32323777283258309     
  0.88595969275643294       0.14896682400859954       0.43918596079078365     
  0.82180995482327268       0.31940504158813249       0.47181438888768523     
  0.84241443060199239       0.30705706243370534       0.44277972799474519     
  0.93247481143035571        8.0011587303836756E-002  0.35226250431325490     
  0.86013671516766854       0.15631828575191267       0.48551974703420608     
  0.93152702696215905        1.7779096906242246E-002  0.36323725270439583     
  0.89986524329677620       0.21356758252782718       0.38030439334782018     
  0.87976928457446812       0.34733190445049206       0.32460214735906046     
  0.90269602854588649       0.32489729954240976       0.28210215312460746     
  0.93045275969402097       0.34848478272075378       0.11320785392299321     
  0.91029320063119756       0.33379355291167473       0.24484311899501304     
  0.87363335053100322       0.36553812959362375       0.32116451337774715     
  0.93985326830736959       0.25220603259197094       0.23036482191551766     
  0.95189321845040709       0.23561830374109569       0.19591660371262953     
  0.95919704910262127       0.28266215871423833       -6.5669645823064893E-003
  0.96233678350233021       0.21186343052649312      -0.17035786428554611     
  0.84530107680669442       0.48429778312799759      -0.22565847381995227     
  0.74590311759006833       0.65541767502132364      -0.11855889017300518     
  0.88844449501415346       0.45867316046716267        1.6891155854647538E-002
  0.83672645566751436       0.53758325856502109      -0.10436991183618351     
  0.70641072572645702       0.70685462349966843        3.6611853487056187E-002
  0.63063727000288039       0.77488192572936809        4.3065471798905575E-002
  0.58217126364500182       0.81217331017565664       -3.8093753087694568E-002
  0.53062573754796072       0.82941541266497909      -0.17466081382344120     
  0.33379454318769491       0.92576567086283490      -0.17759258315033025     
  0.20432813510341180       0.97349651738070231      -0.10273530966909815     
  0.33305371737925027       0.94175477636588800        4.6617191377232692E-002
  0.17951292899212587       0.98191726640154864       -6.0113145543812016E-002
  0.15457718178147828       0.96731462745677377      -0.20101817425459606     
  -1.3816682445564540E-003  0.87918987011282523      -0.47646958274778917     
 -0.10666927735770607       0.89869426032994104      -0.42540603159570123     
   3.3750973048673714E-002  0.92448543511474857      -0.37972036036925749     
   9.3138615063895813E-002  0.93488264856552550      -0.34251953491018594     
  -2.0653064572267371E-002  0.94542121481842001      -0.32519559882483723     
  0.15086215786239010       0.95644434458765359      -0.24990963373068331     
   1.7302519572863384E-002  0.96651723082472962      -0.25601770512081468     
  -6.2500937153308483E-004  0.99273522304948769      -0.12031785520101071     
  -9.0516877787149078E-002  0.99583996712535450        1.0462060573341189E-002
  -7.2822932409159109E-003  0.99931677883893744        3.6234565488345902E-002
   6.7730878675186665E-002  0.98537379490562582       0.15636819493483936     
  0.27049513138916143       0.96267981947501668       -8.9414244012593833E-003
  -6.2755383548072349E-002  0.96235228099415437      -0.26446143216184681     
 -0.26509520241651763       0.95505056139241473      -0.13267614269264655     
 -0.17887403318289052       0.98347414527482901        2.7976522815482279E-002
  -6.9921355517077288E-002  0.99697908579288741       -3.3818730523948667E-002
  -8.2508255890394427E-002  0.98891401386784339      -0.12345631164796474     
  -2.2863939787973350E-002  0.99398118665930901      -0.10713841899493518     
 -0.14083351146206910       0.98434484276642409      -0.10597713229002455     
 -0.35949994226256715       0.92308167594017720      -0.13667483695506388     
 -0.35821570330815883       0.92187212039156408      -0.14776096760716212     
 -0.39005321880020499       0.91202245760223921      -0.12678139979025199     
 -0.37952968490930161       0.92415965755038831       -4.3429778136634019E-002
 -0.28979807027688886       0.86847808787518577      -0.40219757501066900     
 -0.26082230824551411       0.88143888485882815      -0.39374765495215203     
 -0.25052695499877031       0.83137977962188836      -0.49602813111245575     
 -0.26565396701161031       0.70973039690216888      -0.65246512054215311     
 -0.31864336649962677       0.68804311265349316      -0.65196861896558156     
 -0.21065277546111080       0.73263624378228120      -0.64720131526992386     
  -7.3373021141965172E-002  0.79315373654669963      -0.60458543645254159     
 -0.10533957960308006       0.57212829857276515      -0.81337124546008277     
 -0.19026502010718147       0.32477793319037540      -0.92645481068220659     
 -0.10255675327274953       0.13919873375824415      -0.98493950315654455     
 -0.10314797468165025       0.15827757572845558      -0.98199221195516739     
  -9.0589838580044740E-002  0.13988853207075400      -0.98601454337202810     
  -5.4575501185346764E-002  0.11221559212451171      -0.99218404318680942     
 -0.30764957643952573       0.21431330380567873      -0.92704991555389726     
 -0.50240494484662512       0.41177741529019479      -0.76028194220998579     
 -0.63276429212872753        3.6582635468089944E-002 -0.77347983903205131     
 -0.71308983321519881       0.11319239595428394      -0.69187453433643942     
 -0.63472322989165475       0.20556952090348468      -0.74489435057022535     
 -0.74458798613266508       0.14871118589701124      -0.65074857978793665     
 -0.75464474777104706       0.18619970400129779      -0.62915894247114457     
 -0.70550711311565173       0.15495784236918925      -0.69155461131534390     
 -0.47854917286281168       0.31981023944781217      -0.81774818856214193     
 -0.38679292124443654       0.27161084137706032      -0.88125977266731714     
 -0.44136122380289955        1.5980062030629759E-002 -0.89718722000522855     
 -0.48412942157358146       -9.7930063052982172E-002 -0.86949893957226077     
 -0.44456290235402607        1.0216858350286087E-002 -0.89568936672041788     
 -0.49098812917874718        2.6197581892937687E-002 -0.87077226856884271     
 -0.41642420361836341       0.10765834513440206      -0.90277381628165532     
 -0.49010457398269991       0.15029592765647518      -0.85860854916028384     
 -0.45794511075112082       0.23182699784922237      -0.85822055359177729     
 -0.46769435116396385       0.32365374560106019      -0.82250242969107878     
 -0.36332692771446623       0.44366685422422658      -0.81923944366732104     
 -0.50878361748113665       0.45951235078339081      -0.72800249316903942     
 -0.59871574548398510       0.47084897799110603      -0.64795115250633695     
 -0.66554957137304249       0.51157595974987791      -0.54344623050598140     
 -0.52578974465953743       0.56702218198724197      -0.63405913726189289     
 -0.59740797379391131       0.63261166331565810      -0.49285514736527947     
 -0.62825218607381272       0.70251332982047865      -0.33432650525799185     
 -0.47805887253904678       0.74781941075767422      -0.46067976217839279     
 -0.63473242190625290       0.74048063002352826      -0.22091443850725739     
 -0.56016208354130492       0.76775486257089387      -0.31108023267545670     
 -0.44304217630412390       0.84746796296985449      -0.29242380504233656     
 -0.51018251318476837       0.79528020655531118      -0.32748007008339308     
 -0.44587738288145118       0.80245739526800652      -0.39655452111213552     
 -0.60370484232655230       0.59861813794814411      -0.52649481314725022     
