  0.94256742208161859       0.10450792519239173       0.31724556482697974     
  0.89626631688084524        7.8814275820816543E-002  0.43645732798485914     
  0.87529745342625298       0.12693417813690056       0.46662842010129130     
  0.73179900522999697       0.29486803171310516       0.61442905189942887     
  0.61822089658394541       0.43532395241879052       0.65444325917334523     
  0.64559192320615888       0.43368196518710533       0.62859448117400640     
  0.81006823545275508       0.26363268463967343       0.52372441369496958     
  0.69827878295816448       0.28752815874594173       0.65554122616250177     
  0.82326724198193868       0.19427810727033393       0.53337328890272084     
  0.78149341495744273       0.32724853387981645       0.53120282327154822     
  0.74159962213726094       0.46987759346640701       0.47879541309841189     
  0.77620131630083766       0.43832959460756132       0.45318724944996402     
  0.83585821572886643       0.48372075892834648       0.25952893977423880     
  0.79553486917783023       0.44534095439360438       0.41084754625286457     
  0.79822006651960220       0.43416224496303979       0.41754984188009370     
  0.88601003147968660       0.35069562418963268       0.30331304504027368     
  0.92108142949783145       0.31218247369298330       0.23270389629990768     
  0.92573198558612024       0.37659140091888038        3.4629577195338157E-002
  0.92320383490052749       0.34966957710109287      -0.15945490295032760     
  0.76939178102605377       0.61893342327846579      -0.15798007734634253     
  0.64718511917157540       0.76157093397732833       -3.4075417000654917E-002
  0.79837860443364894       0.59677238165641344        8.0338835407953280E-002
  0.75403462931555609       0.65453407124907970       -5.4926563401106382E-002
  0.61433432616645056       0.78618115171557279        6.7175385229893830E-002
  0.53073420823934048       0.84439084915250084        7.2974612517510695E-002
  0.52015796647447232       0.85242508955518681       -5.2982606674082194E-002
  0.45985811756198602       0.85337718046354660      -0.24551557909109453     
  0.28590246104830341       0.93082499880699276      -0.22765017979893723     
  0.13009622572909596       0.97902598944932406      -0.15678993600934837     
  0.33979144141979339       0.93732577165925002       -7.7215115885768626E-002
  0.14268665820342608       0.98032471479480843      -0.13639637507356467     
  0.12296416748811174       0.96416076766648129      -0.23510386557164450     
  0.10963308638309623       0.84856044480962678      -0.51761545366671746     
   3.8594442357693756E-002  0.85149209620787558      -0.52294519704708531     
  0.14549095094904385       0.89119041065336824      -0.42966502667941470     
  0.12672722567558106       0.94662970674973590      -0.29636532957058792     
   1.3177401603518834E-002  0.94656585812361371      -0.32224126415109394     
  0.14017010993299336       0.97239507542973769      -0.18654800337011182     
   2.3392439422126814E-002  0.96876046917827663      -0.24689258217972371     
  -2.3505711866930002E-002  0.99361584607488007      -0.11034052718077897     
 -0.12336198262089111       0.99017100216264320       -6.5903017533889968E-002
 -0.23395915279068091       0.97016172655968780        6.3634417921416331E-002
 -0.23287287581970409       0.95079982332356239       0.20432797085898660     
   6.6527048725434787E-002  0.99338138762396633        9.3635305895702722E-002
 -0.21569484056241223       0.95720473204695022      -0.19296330402875908     
 -0.40100700752368634       0.91563142347447379       -2.8503969250403816E-002
 -0.30683260529811868       0.94041435566733478       0.14654211674728546     
 -0.17861632459581486       0.98236241500389454        5.5319925665328229E-002
 -0.10474201380525289       0.98468566207957386      -0.13936734710445320     
  -5.4818695011010964E-002  0.98792019794696828      -0.14494341366796176     
 -0.14678100020957310       0.97984612302035801      -0.13548768644958212     
 -0.27618925950683376       0.96104551261749049        1.0536394585439215E-002
 -0.41980477343967115       0.90508569609469514        6.7704024415460140E-002
 -0.48386220754027098       0.86323705401307016       0.14387200107420609     
 -0.36733822542381772       0.92242051782219947       0.11917640892017617     
 -0.37152015038574732       0.92807235017954637       -2.5583015646624248E-002
 -0.25061275421277668       0.95338952196033466      -0.16805257166179463     
 -0.29411442926476289       0.91407947439126347      -0.27920497308405190     
 -0.40318768286615125       0.81962870074987981      -0.40699936768020994     
 -0.40934642688392592       0.78855815192332268      -0.45892433345013162     
 -0.35900905250472920       0.78001535822520873      -0.51253150259516256     
 -0.21022393968937286       0.80061487839889567      -0.56108975366495717     
 -0.40418167853676956       0.60179441232714104      -0.68882556284377094     
 -0.59382581568598969       0.39842766768504673      -0.69901809293316952     
 -0.58459512082320497        8.6547713938245211E-004 -0.81132471653403482     
 -0.60929864355428098        4.6919488764424540E-002 -0.79155146676448318     
 -0.45816517869080026       -4.9541896373971717E-002 -0.88748536299981706     
 -0.41788694149246347        1.1508988273148257E-002 -0.90842613751422574     
 -0.59081095295873898       -7.4293070666070406E-003 -0.80677581970489898     
 -0.73438803664886521       0.24993825007562925      -0.63103492991764065     
 -0.84291863956173230       -9.9913806395124788E-002 -0.52868270103252590     
 -0.82371255726483428       -9.6013708000226988E-002 -0.55881928284579774     
 -0.71999080011979100       -2.6991058952679784E-002 -0.69345852830540566     
 -0.78038167293895588       -5.5616108614230990E-002 -0.62282525077554340     
 -0.78780113703135701       -8.9928836650554789E-002 -0.60932928112046791     
 -0.73260501515369825      -0.10657285501683231      -0.67225896672727481     
 -0.61380188522469148       0.15824653332604816      -0.77343731509729741     
 -0.37536269192718258       0.28984543970946641      -0.88039336128165779     
 -0.28263871244779920        2.3392080954083828E-002 -0.95894117065359874     
 -0.30106553292724825       -9.9573012825499685E-002 -0.94839061572756111     
 -0.28401711558091958        1.5332780675659330E-002 -0.95869660680209767     
 -0.27733010605318376       0.17128659107988309      -0.94538294674315682     
  -4.6164690247100688E-002  0.28964376833356270      -0.95602055879564263     
 -0.18376309393067919       0.41885570940992589      -0.88926431391557781     
 -0.15010051144975850       0.48040941903630674      -0.86410452293905737     
 -0.15736124854062258       0.52208929701435125      -0.83824829460059314     
  -6.2370714945140245E-002  0.58919668576245254      -0.80557877293519164     
 -0.25454397044096588       0.59989588896109214      -0.75850661798018315     
 -0.38184072563794602       0.61371714902367236      -0.69104914531351880     
 -0.45949757034959560       0.62169749120668105      -0.63431396978952481     
 -0.30844508708097496       0.70041657866384710      -0.64364450171538834     
 -0.51462028567842111       0.61932718277942478      -0.59295851645689623     
 -0.74081026874844491       0.45896902055578015      -0.49045650560159637     
 -0.62524356148863658       0.57986892471365259      -0.52232415123985931     
 -0.81766230522829775       0.45847538986567954      -0.34817907963612033     
 -0.74161376197700224       0.53220312115196089      -0.40837343924701353     
 -0.66481694805300962       0.59063668596828245      -0.45734749454861451     
 -0.69552457484332098       0.46746404408689002      -0.54563993005915257     
 -0.65800895011067639       0.48935608009696624      -0.57232407641682992     
 -0.55664968815928706       0.35147573953369232      -0.75273230911885380     
