  0.88377170545821127       0.19235314219015612       0.42655344485897034     
  0.81522036388863528       0.16113980211890477       0.55628205298603672     
  0.78815773077842544       0.21061334626352063       0.57831601204694882     
  0.59971588534440057       0.38799295466313699       0.69985878861192796     
  0.48787313699782270       0.53544787240097291       0.68940218895589545     
  0.50762813819437658       0.52287758811179830       0.68477200670273786     
  0.67115063058796054       0.36077475365477507       0.64760976535775028     
  0.53311111995884852       0.39244394364013846       0.74952003634085806     
  0.67619062379421113       0.29369410465799067       0.67565524728365201     
  0.63030123937056826       0.42246668584913838       0.65133881121546078     
  0.60108317065493455       0.55606401370983582       0.57401379305057443     
  0.61525326361945121       0.52956823948087661       0.58396994900315258     
  0.72469652814205654       0.55437808791089926       0.40924305460582222     
  0.68594558416056606       0.45875112186855815       0.56482392278917604     
  0.63441525448722680       0.53056425111942773       0.56215554814302393     
  0.75308869033974712       0.43801094449345918       0.49092141630438840     
  0.87247880313350312       0.34201410909298702       0.34900872089971791     
  0.87585802970716586       0.45154369568286745       0.17023807648858363     
  0.92644342726461248       0.37577581861993087       -2.2251072304845881E-002
  0.76158001232060502       0.64440766339352518       -6.8808779915385782E-002
  0.64984629172748642       0.76005610843705740        3.8090885451391165E-003
  0.79046033625629408       0.60993791765063721        5.6108764178021173E-002
  0.76768120394514627       0.63630326634330614       -7.6050787965467284E-002
  0.68251168076845814       0.73086440352323589       -3.8767611783450118E-003
  0.60513523151795312       0.79606899819079047        9.2467126713184217E-003
  0.58294400204474406       0.80430747155502436      -0.11517717517297885     
  0.55306490895895277       0.70709849713377593      -0.44060290719578993     
  0.30851589511188526       0.86106723177133082      -0.40420436023498252     
  0.24078221459050075       0.91676453653484258      -0.31869532423452396     
  0.42493245549248526       0.86764213489748354      -0.25812697266977985     
  0.29329752645729301       0.91158680759365274      -0.28807299976783224     
  0.18653637605757953       0.93497501562151075      -0.30170498930387823     
   7.4340707816842336E-002  0.81929479215963341      -0.56853276308528677     
   3.4445094331542386E-002  0.84525274389022020      -0.53325541199554893     
   9.7721115946856979E-002  0.87860792505018692      -0.46743844251099453     
  0.12282868807275113       0.93410245197595843      -0.33520996792880964     
   2.7010046250916925E-002  0.99307952978715985      -0.11429569072911412     
  0.15055495417229561       0.98606206594738011       -7.0815308188065099E-002
   8.7542694362737483E-002  0.99164028788729708       -9.4793544624698328E-002
   7.7216669548885689E-002  0.99656694085516195        2.9865001897968063E-002
  -3.8633606177536972E-002  0.99654435112505613        7.3530950724580796E-002
 -0.14030514312254139       0.97495429288259761       0.17256475191406301     
 -0.23820586907616356       0.93406122548048542       0.26605937493644277     
   7.1810308085282396E-002  0.97706512337937146       0.20046701556207447     
 -0.16585484026110694       0.96831225523695663      -0.18671783074975695     
 -0.37986893813189793       0.91859708519022887      -0.10899075613363286     
 -0.32763826816265212       0.93345323414127968       0.14600761934425721     
 -0.19024230528573127       0.98074173274770027        4.4198630370497580E-002
 -0.18394791623440074       0.96733655217471537      -0.17442235791250052     
 -0.18300873315623831       0.97913346246564092       -8.8348549895297002E-002
 -0.16313514257101033       0.95392791485882933      -0.25181036220027075     
 -0.31023235424284429       0.94546469562967994       -9.9259234828941889E-002
 -0.48292726064418545       0.87467385808650300       -4.1556021305894239E-002
 -0.53681920227952906       0.84261325710461610        4.2755619695238507E-002
 -0.47926403581840277       0.87117201784540854       0.10660815772828326     
 -0.49732274442428559       0.86322074911255353       -8.6718084502994244E-002
 -0.49502741640160375       0.83754247990710473      -0.23123678635074987     
 -0.57417376769864448       0.75689225115862357      -0.31215157315443004     
 -0.67241118359427554       0.59916932023709524      -0.43457948164169674     
 -0.68336417923901893       0.56206769258717337      -0.46593272849492123     
 -0.64410918652805271       0.56694535942624957      -0.51351369529469160     
 -0.48089612883332999       0.66394101741835132      -0.57264407677247831     
 -0.63252643451820600       0.36008323768042200      -0.68574803796823025     
 -0.62322963038991197        8.0726326168598664E-002 -0.77786122674123370     
 -0.42972057078056575      -0.10171232728857987      -0.89721504307806532     
 -0.47199262640917983       -6.1349281031930672E-002 -0.87946530706574000     
 -0.27168884075620769      -0.10657326082166424      -0.95646605474862789     
 -0.25513189330128822       -2.4911753023413714E-002 -0.96658528934689036     
 -0.42100929281281474       -9.0410595137768404E-002 -0.90253925103127919     
 -0.59435149947465415        9.9681776991340343E-002 -0.79800365814204322     
 -0.61421877399478031      -0.27039850992375825      -0.74136357039132372     
 -0.59015365184382695      -0.25792804154612625      -0.76497829550882857     
 -0.49506666699377549      -0.14066744738925027      -0.85739236320175471     
 -0.54874863790989525      -0.16514786067650533      -0.81951273114334255     
 -0.55377205766074833      -0.24474624496660308      -0.79588679077424973     
 -0.48477731751116493      -0.22990807944086672      -0.84387986552263605     
 -0.58679236190932693        1.0891673843465923E-002 -0.80966418683660035     
 -0.61078124745135776       0.16513670856783627      -0.77438758722306233     
 -0.44445142298917173       -3.6098659470752789E-002 -0.89507531492457171     
 -0.35874050650492784      -0.13498954741812041      -0.92362496235239233     
 -0.55699071906641684       -2.0736350646924098E-002 -0.83025980429967461     
 -0.56494433834670099       0.13488143450496010      -0.81403003212160718     
 -0.36552114357906401       0.27937732159131540      -0.88788659511061863     
 -0.51666131414977812       0.34601979771092661      -0.78315476507081572     
 -0.45477924357024568       0.35433000940089282      -0.81708389046391960     
 -0.44183230330247325       0.41101872622178892      -0.79740066619827654     
 -0.39927618116746005       0.35926503777760904      -0.84350884037037710     
 -0.53554150715103577       0.45301194288002933      -0.71272398144475457     
 -0.64862824550499842       0.51897257896295146      -0.55673051058627343     
 -0.72456307483447735       0.49617255073678568      -0.47835253786487558     
 -0.59265216098737716       0.63437064965444834      -0.49632378034302710     
 -0.74902698226305031       0.53750615944809088      -0.38735733941320100     
 -0.92383051859951615       0.37256987481815129       -8.7913942478659024E-002
 -0.80013963997028825       0.54934324631232245      -0.24082889004282215     
 -0.91008763920797842       0.41434392823480037       -7.7199802978523517E-003
 -0.87947043249681878       0.46565055666582078       -9.8495266082563399E-002
 -0.84963165078950986       0.47666391701700028      -0.22564921491268836     
 -0.90862787907792730       0.40407551754671100      -0.10544360332289165     
 -0.87923930515052762       0.45928035871842987      -0.12649030150130136     
 -0.87774474441574424       0.37091054583484651      -0.30329775904056300     
