 -0.85639874136535077       0.51462316628786975       -4.1763530833656040E-002
 -0.72425720445079733       0.31543527842181363      -0.61314931862317967     
 -0.81573845627009745      -0.49202225483537282       0.30411325474036865     
 -0.54720992372306743       -8.2114536588316911E-002  0.83295768335484832     
 -0.49133782970522416      -0.51026224190500513       0.70584671252803266     
  0.30341768428302918       0.43302800237609579       0.84877821486091543     
 -0.95817959025811728       0.25742573922451423       0.12499544630706433     
 -0.86495928180084680      -0.36192107441272209       0.34764720151687367     
  -4.1717153971862778E-002 -0.66168930964137829       0.74861668200141229     
 -0.52592858301603573      -0.54629191006112676       0.65189283978924473     
 -0.63106819677619752      -0.37612545747904641       0.67844128062332865     
 -0.98498395341555578       -2.6901015803728060E-002  0.17053723013638827     
 -0.57061427717866142      -0.78337262533049423       0.24642783236212515     
   6.6697624435937339E-002 -0.54008998636073013       0.83896020974029450     
  -7.7463894999069915E-002 -0.69231285981763746       0.71742752184641867     
 -0.47226500128260307      -0.87498296441677281      -0.10663292429640311     
 -0.83486845548732935      -0.49050529163905088       0.24979836049564830     
 -0.53157974289380960      -0.73985313466807612       0.41235945007576624     
   6.8326869501426357E-002 -0.44880070650637105      -0.89101591722231965     
  0.60937957774548690       0.15552638133085242      -0.77747544973259319     
   8.8060559387752660E-002  0.11397225787537589      -0.98957347494520653     
  0.14605073358210624      -0.70279061772940410      -0.69624315497654876     
  0.17042782771057979      -0.82798541574735229      -0.53422327434470729     
 -0.67952022463372863      -0.61541917065775220      -0.39938891910105234     
 -0.16135620693429087        7.5016077606635090E-002 -0.98404103704283497     
  0.24427946487768160      -0.26973003022003816      -0.93143612439965506     
 -0.72997234465039273      -0.59978951396697933      -0.32770858240353262     
 -0.19014062128947748      -0.27851999954136419       0.94142081663365307     
  0.64241371156342497      -0.66111570639126982       0.38759598289728014     
   3.5652668369559805E-002  0.89700291527959275      -0.44058444958721249     
  0.11792731630166726       0.27066145685438747      -0.95542426379246814     
  0.31806594571517460       0.80210996498930298      -0.50542423590602148     
 -0.30869484247949169       0.75258205443358139      -0.58165947561360543     
  0.26648419106861709       0.84861296988416202      -0.45699256367572383     
  0.32679772140157809       0.76347123428412367      -0.55705917433197394     
  0.82326484761477370       0.15116526526125545      -0.54715998872385951     
   2.9394501511181594E-002  0.73295395540191877      -0.67964289339445316     
  0.54979614793526843       0.83058650250891874       -8.8601679247817394E-002
  0.80550096854272435       0.59009483118324391       -5.4371682772823060E-002
  0.54740720006796473      -0.26719883945129674      -0.79306376635779752     
  0.84371593363521857       0.22596245399552917      -0.48691312645518259     
  0.75356519263952815       0.63977096580633419       0.15110463842440594     
  0.84817989611942679       -5.0977127015157442E-002  0.52724965276433966     
  0.96227140868213312       0.26855887343261770       -4.3702031228670446E-002
  0.91167117106665696       0.11266060498514005       0.39517497887687508     
  0.23500073444615013       0.57110199628769376       0.78652219590166617     
  0.64845227552631968       0.64465125771681386       0.40488813552495628     
  0.55295308616217176       0.70484524367198220       0.44433778477272817     
 -0.25142267899979248       0.56946454019415005       0.78262173107194455     
 -0.20212427052150991       0.97880107342350831       -3.3079267391277201E-002
