  0.13318173968735539       0.96933446465704698      -0.20652680175194649     
  0.17591930878650330       0.96239635839218041      -0.20699189875343121     
  0.14322561828675304       0.96850227834224456      -0.20369035105341191     
  0.13366547617598229       0.97238593503968651      -0.19130900087462027     
  0.25786184760998110       0.96103988653340588       -9.9546994123519944E-002
  0.26218907185319212       0.96263145711442977       -6.7805371280715718E-002
  0.24748706487142325       0.96533040913143997       -8.2990083307944829E-002
  0.24034826043100205       0.96505543648988490      -0.10440650463028980     
  0.13233536183274552       0.98780554385206976       -8.2021701663147692E-002
  0.17664734681177616       0.97948432964171028       -9.6985374416425518E-002
  0.22803501151966038       0.97105841405692517       -7.1032316662767658E-002
  0.15182394543150446       0.98552749486033964       -7.5399247130996730E-002
  0.10266029600856941       0.99346732754906497       -4.9835055091324174E-002
  0.12890045024526012       0.99081176127641168       -4.0947864937085174E-002
   2.6309095589598850E-002  0.99929008720166634       -2.6965776639087460E-002
  -6.8310400420344679E-003  0.99987483897038298       -1.4270363902160294E-002
  -1.4363190660686889E-002  0.99989618419241377       -1.1487347396144428E-003
  -2.3438017779500307E-002  0.99632886573426704        8.2337419362299533E-002
   8.1931912561290204E-002  0.99020977433129653       0.11301223173983288     
  0.15107598553110285       0.97933301161735076       0.13447266990843382     
  0.24440497790103749       0.96958303201264573        1.3226897231120551E-002
  0.14094162704989427       0.98655644985206059       -8.2715349360505744E-002
   9.9733659762970300E-002  0.99279939425412267       -6.6351788814903195E-002
  0.14692116835958036       0.98807275722518229       -4.6112869323969283E-002
  0.14884711039576737       0.98750256023057537       -5.1799915684266555E-002
  0.15142498228906340       0.98762735018703229       -4.0776119252642490E-002
  0.15530753250188653       0.98664746923155355       -4.9054477952121547E-002
  0.11647476509590585       0.99066029047370996       -7.0893003705608193E-002
  0.16866592673123706       0.97389780919540536      -0.15190412240716361     
  0.19068782652494745       0.97813445725010961       -8.3012868612235613E-002
  0.18041761804741954       0.97761284165775242      -0.10827102532050303     
  0.23264512825708838       0.96862208096311431       -8.7450034699422516E-002
  0.19279595815829803       0.97956910599926872       -5.7219621543862613E-002
  0.16122855878466819       0.98570343134900595       -4.8929513169637846E-002
  0.16673212253706321       0.98211867634468819       -8.7425996644303089E-002
  0.18886328616506809       0.98046857424993805       -5.4882001122696644E-002
  0.26438261135101820       0.96393736546917519       -3.0439945262208095E-002
  0.23956388896671332       0.97001674475546429       -4.0947014508526614E-002
  0.20129945183458534       0.97767125365096652       -6.0311279837580931E-002
  0.21980225916038415       0.97103926758781312       -9.3646717350481717E-002
  0.19764409047997022       0.97768519845232715       -7.1193161368097793E-002
  0.23493826781092270       0.97110906942578135        4.1847169521971116E-002
  0.20934384717545751       0.97477258427032920        7.7418102564767388E-002
  0.14922866630442999       0.98247551216199536       0.11168112264403574     
  0.15810460418881697       0.98167776413499175       0.10635648328723650     
  0.11253182305405207       0.99192167011847721        5.8549032011739527E-002
  0.13087591843448720       0.98747982527125266        8.8062981190742101E-002
  0.12326139203049530       0.99036303519607760        6.3148141318079429E-002
  0.14130895294695367       0.98954834309583550        2.8737719000157421E-002
  -7.8512941988638008E-002  0.99673861287541532       -1.8650885863340808E-002
  -4.8756629249548503E-002  0.99685534896932848       -6.2467626299283201E-002
   4.1822824119416811E-003  0.99953775023069358       -3.0113026709331591E-002
 -0.13144566561366144       0.99024614833233948       -4.6201760836077611E-002
  -5.0186438068392854E-002  0.99857948691770160       -1.7897757993461376E-002
  -9.8032229055372275E-002  0.98660393892012899      -0.13039305876359936     
  -2.5169952689481051E-002  0.99364514238406632      -0.10970781420740164     
  -1.0009178676355427E-002  0.98547276013226581      -0.16953835961081187     
 -0.11816092846330040       0.98808102662053676       -9.8660426804303314E-002
 -0.17227397423301616       0.97114753053183245      -0.16490649394092977     
 -0.15996169701648519       0.97595817961927522      -0.14804690851835528     
 -0.12107300999219647       0.97367419006534950      -0.19313181470699350     
 -0.26121750135880911       0.86814039878278493      -0.42201619043009364     
 -0.26275193238979661       0.87504174291462455      -0.40652597725405687     
 -0.34505852229262729       0.79378456565318456      -0.50083997396774560     
 -0.26964023966209461       0.75491674890817684      -0.59782509429839070     
 -0.33075772389063646       0.79915326266354669      -0.50194958995988470     
 -0.21803472762762680       0.80001703941566582      -0.55895759605979212     
 -0.11976947115618532       0.81915341747540649      -0.56093043456148073     
 -0.11857087908603722       0.77188452861099721      -0.62460805400166453     
 -0.14635181632366470       0.50390304617686810      -0.85127132332320332     
 -0.20578718263199233       0.46394569317754841      -0.86162986789362961     
 -0.15395368921914182       0.46829909475886500      -0.87005414740914200     
   7.8859257502346861E-002  0.45423949149256276      -0.88738250032032928     
  -2.9819284104637384E-002  0.58174372769733174      -0.81282534752571645     
  -9.4109527075519506E-002  0.60178969180468189      -0.79309051422346988     
  -6.7030077009626127E-002  0.32974516689120897      -0.94168736515256291     
  -7.6535715094488338E-002  0.24191845707669657      -0.96727335559324190     
  -8.2213207849645698E-002  0.21174347449611347      -0.97386122700484790     
 -0.14365390040608064       0.26785580176882839      -0.95268926012467481     
 -0.19524021213738210       0.28209679234746332      -0.93930967168012680     
 -0.28555277959143233       0.15737859868361248      -0.94535262560802635     
 -0.25557936423715988        5.1710947540774703E-002 -0.96540414670777364     
 -0.14547385996734424       0.12569238680060629      -0.98134539279836064     
 -0.28940719727965192       0.19160668938389172      -0.93783279466335856     
 -0.28499156022861516        3.5751720069302460E-002 -0.95786305133382676     
 -0.24149267088063939        8.6152631273996194E-002 -0.96657074962751877     
 -0.16695006248576594       -2.7459299699684084E-002 -0.98558290544022809     
 -0.26792240083553037      -0.20643112562637822      -0.94106523551938193     
 -0.13757201287641146      -0.26637055051006331      -0.95400244815938429     
   8.1003966772999980E-002   2.2527724311889097E-002 -0.99645916073081975     
  -4.0915315076987681E-002   2.8014513024355425E-002 -0.99876980533662463     
   4.2341739458485066E-002  0.28710346200924897      -0.95696331131445911     
   7.0595114464227060E-002   2.3315202555317910E-002 -0.99723253614369545     
  0.17675856626274972        2.2221359633215504E-002 -0.98400336403326927     
  0.10745030189902047       -2.4066348556207290E-002 -0.99391913327442194     
 -0.14898446601524695      -0.12585139493183436      -0.98079817255124502     
  -6.8323450765514770E-002 -0.17864184452821086      -0.98153909624581437     
 -0.17470867880756186      -0.20697734928255557      -0.96261999482312921     
 -0.16881720946553069      -0.31148417340895840      -0.93513547655086326     
 -0.28230652015898727      -0.18418119635151065      -0.94147772973461674     
