 -0.36066339173603129       0.69776033774748092       0.61891229502085698     
  0.62158504020564531       0.57479230691469740       0.53220845700178909     
 -0.24368981089873232       0.61133578486916040      -0.75291688399353252     
 -0.67728113640549625       0.73485736764544252        3.5705902684072609E-002
 -0.61538221042702812       0.70175400718724357       0.35895131771116406     
 -0.63188517602313554       0.44036782674033903       0.63780663330996412     
 -0.82994199618299647       0.53341535547013863      -0.16329219675308984     
 -0.95643740534649124       0.19081403413581099      -0.22094681267422567     
 -0.61181079951624151      -0.56987816965872062       0.54856760507864921     
 -0.64449431669725354       0.12586031325867644       0.75417919441691383     
 -0.86427204882016617      -0.49518594970942592        8.8457339088248210E-002
 -0.61302831892876952      -0.78788242977199607       -5.8630683502299039E-002
 -0.19534125896845392      -0.81854508973395612       0.54020896754595449     
  0.21295834195957447      -0.63514325484452738       0.74245659160340238     
  0.81049095311418895      -0.57360631521750183      -0.11866006094154977     
   2.6450737763865452E-002 -0.89407362017090231       0.44713836805430618     
 -0.71834130083270387      -0.29260612842545325       0.63116355180402306     
 -0.13930665593834382      -0.69083333827819948       0.70946666893849764     
 -0.62154038852734883      -0.16708688577082431      -0.76535581139277220     
  -8.5737897919330050E-002 -0.34003803256085419      -0.93649514108325482     
  0.57467731786218790      -0.45310726872490092      -0.68149819028622605     
  0.88912234047277017      -0.33796403500534250      -0.30861266130081588     
  0.67091459572651591      -0.70955426242393127      -0.21542134044053043     
  0.39018863736640003      -0.82482699627137068      -0.40916164714224140     
   7.0146987694020918E-002  -7.4187496898077882E-002 -0.99477415297216842     
 -0.55300175794106032       0.55831702620891133      -0.61844252276134171     
  0.73931460460960541       0.66484886317632497       0.10672349574560300     
  0.80504495941015808       0.57483230408153829      -0.14652793424002916     
 -0.11477528818511815       0.38056921455720710      -0.91760215025541803     
 -0.79619167749309028      -0.53928212315496882      -0.27432390405546786     
 -0.90191372682483462      -0.20579547139264445      -0.37973655778612014     
 -0.72445657344720749       0.37830757897334905      -0.57623436974938580     
 -0.19323860439493123      -0.39260102289302606      -0.89917922495732328     
 -0.59857107906378793       0.61166169600748510      -0.51728389975494382     
 -0.54787458721317628       0.44484385544038918      -0.70848244929774329     
  0.27022103954987770       0.80765779666578397      -0.52408918446151209     
  0.68755374030217986       0.72478918340909126       -4.4164395271095468E-002
  0.90447204600821929       0.41206509411213887      -0.11014842805984242     
  0.99636229620444616       -8.4295250762022433E-002  -1.2509412502903022E-002
  0.55208399286905729       0.21763438731287674      -0.80488417693273928     
  0.84868706078433209       0.47612519181049462       0.23029345318671302     
  0.62112328740281741       0.70528901324468563       0.34172104067827758     
  0.42875838667147426       0.62067564459485436       0.65645105686992211     
   5.5360999059980986E-002  0.53674848839952438       0.84192411771127773     
  0.56531430381928738       0.50230440265796061       0.65430117298362900     
  0.79116544362869001      -0.56860773697325051      -0.22526092040559675     
  0.43695601909623250      -0.82532124844624921       0.35765105094030886     
  0.85039831704756752      -0.49537730185575357       0.17726824636352734     
  0.29883928757672334      -0.61557867224644924       0.72921737395371433     
  0.35808064972647291      -0.12778219779887889       0.92490537798045169     
