 -0.19124271297287251       0.74989741880305505       0.63330883935666860     
  -7.4655021392787069E-002  0.41311487967793070       0.90761375263353550     
  0.57482345801829471       0.75798569952361028       0.30827856141738597     
 -0.51959609521405403       0.85440445172218082       -3.5959304250132579E-003
 -0.66390819765490572       0.24546052464153156       0.70638165033451106     
 -0.19677462663971934       0.75548733663714218       0.62491489859956817     
 -0.45930919398275527       0.78017849194668021       0.42468410027539150     
 -0.80487390188707175       0.21695101859748708       0.55236786437174845     
 -0.96870441912721961       0.21445755587722617       0.12497881856764087     
 -0.87327155471411222      -0.36616804517824231       0.32143079257830320     
 -0.45844508217979080      -0.62076105768644885       0.63599042122124017     
 -0.48410285491892707      -0.33189509660029337       0.80962341289764317     
 -0.60578083314337217      -0.79556516927784149        1.0278308618343140E-002
   2.6501277169038488E-002 -0.98114310585071940       0.19145727499895557     
 -0.69355543349221049      -0.71214296521335807      -0.10878077849765047     
 -0.11935717909179330      -0.99174072389302104        4.6948912356074027E-002
  0.11073106644581511      -0.97119982384913472      -0.21097282545201268     
  0.51263639468816313      -0.70846195821247804       0.48506245021324174     
  0.20476482432283380      -0.88007460867978626      -0.42841574419851630     
  0.14591952743371095      -0.96172048854940584      -0.23195084267542576     
   4.9386643342469352E-002 -0.12270053809810202      -0.99121417332976802     
  0.86131864635353184      -0.22119721796415978      -0.45738602974804143     
  0.70043600895182068      -0.71044585888255185       -6.8235467026444147E-002
   6.1810428894342892E-002 -0.99384352355435002       -9.1948472358296535E-002
 -0.57719620912022473      -0.46820108226597096      -0.66905327347099763     
 -0.60724433905797404       0.29558971598908002      -0.73748290318055343     
  0.62785776640555824       0.33325032753194450      -0.70337674425882302     
  0.71450350290782338       0.35264968464439045      -0.60425403950052403     
 -0.48684971746870676        6.8641355386849651E-002 -0.87078454104980962     
 -0.66596191693577278       0.66385576484473130      -0.34027966244498054     
 -0.92820167546412735       0.18101119240360569       0.32507937167751005     
 -0.54543920062486839       0.80519219982369294       0.23272644835687339     
 -0.82511018001957703       0.51653315925890930       0.22888138022581914     
  0.31528715072333952       0.18302260908636225      -0.93118029250623913     
  -8.6946453468228935E-002 -0.38077117151677492      -0.92057244645440517     
  0.42531582308166560      -0.32726080822811027      -0.84380496208201605     
  0.90653068987817054       -2.2358720874131197E-002 -0.42154738275771253     
  0.79935269752157723       0.46913516257273230       0.37542970607402493     
  0.68030461584637236       0.39880163169647109       0.61493323882706852     
  0.85854157239762841       0.49464992313353751       0.13501045148054028     
  0.73176797730151721       0.46447315054802868       0.49877882855632827     
  0.38092406265716505       0.59576235842048963       0.70708137493361312     
 -0.27595132704751918       0.94549053055115095       0.17291189010250518     
 -0.52731015406402115       0.84562031035453011       -8.2887225414392640E-002
  0.21540613188994628       0.77573763309366184       0.59315370937596401     
  0.98249677035032690      -0.18537722038611404        1.8313448967827883E-002
  0.63024635016786679      -0.75689338812775864       0.17292176586126079     
  0.81614950833553601      -0.52067507410524239       0.25059418837871217     
  0.74526730556172938      -0.48794131656326029       0.45441161390449647     
  -1.0545923233750643E-002 -0.50940839444397601       0.86046026705081680     
