  0.33360229814276482       0.57222581142856199       0.74917763408205595     
  0.30234480458007945       0.63174787266477694       0.71378024946545260     
  0.28288144008818050       0.65558019956195857       0.70013762418251801     
  0.30621325874240651       0.61197406218912320       0.72919214709026059     
  -4.9559370412626397E-002  0.68961671864319263       0.72247674714976484     
   6.8093299226836851E-002  0.66405174289078706       0.74457946880377290     
  0.26778611379501494       0.54929937069420964       0.79155593523989931     
  0.21160722068851590       0.59610716356868143       0.77451832366612772     
  0.31364255995030937       0.49481476776276229       0.81042377198086857     
  0.23627240264666508       0.61000083052871956       0.75635596018134532     
  0.24907695138843167       0.69493099764183464       0.67456028700447601     
  0.27728114453355990       0.74633126960326879       0.60506594921424728     
  0.31632095991051068       0.83820097472506805       0.44425237904961123     
  0.43875760788908946       0.77041926950534556       0.46254287443899478     
  0.34920548244390220       0.82187653585270515       0.45008275999628616     
  0.54692042278237918       0.72970180436674836       0.41038192924085859     
  0.71774261511512072       0.65582872112535207       0.23395347185880533     
  0.66005375426823110       0.74291212906236070       0.11140291723486656     
  0.77401693238672875       0.62997187464097415       -6.3507680952544499E-002
  0.59012819779799575       0.79928254179402713      -0.11356112251544212     
  0.46603455941659622       0.88041954963466507        8.7596838130524338E-002
  0.62140205057300157       0.78172016821577739        5.2659948237336343E-002
  0.52818598038367692       0.84865461187177149       -2.8371109863812555E-002
  0.48816418894055036       0.84621133581335783       0.21359330461645820     
  0.39968641645578740       0.87910859037552247       0.25965141021895244     
  0.17584039611963537       0.97679939322487730       0.12224197514768001     
   5.7497863413354569E-002  0.98747031196306068      -0.14695706411898971     
 -0.15411368588103175       0.98634964363817446       -5.7994416274410619E-002
 -0.20830680452117770       0.97712647640638983        4.2803321083858134E-002
  -3.2488790659341300E-002  0.98843447272954299       0.14812755179696607     
 -0.19455599030922807       0.97468375622606240       0.11017958968810951     
 -0.18824009295150920       0.98197393286799040        1.7113228023073253E-002
 -0.30799534313206456       0.89536183397218982      -0.32166139786258890     
 -0.41460557399221670       0.90263177748816859      -0.11557721351170558     
 -0.20672648156397785       0.95151504542760090      -0.22777901603327622     
 -0.10384048256682014       0.96781905472241891      -0.22922354045013665     
   6.6589422283398050E-002  0.96277248957922834      -0.26198278979617645     
  0.11480300908764920       0.94692472514510062      -0.30025628055597287     
   5.9986323582161369E-002  0.95228933085296996      -0.29924349838669589     
  -4.5516389365518273E-002  0.96538709235887465      -0.25681904175121206     
   1.4466314607894493E-002  0.97436782117535115      -0.22449515540355988     
   2.5394836357428840E-002  0.99314569104445372      -0.11409092271615157     
  -5.8804896175938606E-002  0.99816752161626587        1.4268250635209943E-002
   4.8854545283794598E-002  0.99681322111075454       -6.3060571072049543E-002
 -0.38392227706910642       0.91400344913604281      -0.13115403210541030     
 -0.49716458073968151       0.86732018015967993        2.4147147776539167E-002
 -0.31949130873975851       0.93654836095305050       0.14423061823319339     
 -0.27194211864830231       0.96215534106387157        1.7452328422250068E-002
 -0.48573782225592255       0.85189224509950967      -0.19580186610294584     
 -0.21268567138883504       0.95950902456218856      -0.18468144728047120     
 -0.38030916112831159       0.88679946487834582      -0.26258646395686558     
  -3.6656517011524017E-002  0.99866784736777037       -3.6315704514942301E-002
  -8.8918586854349460E-002  0.98617857781455898      -0.13980449767972120     
 -0.14383540270939738       0.96048714527015311      -0.23827677330831087     
  -4.8307762879153372E-002  0.96573284259972103      -0.25500281718027235     
 -0.20719023634940406       0.92279535562639137      -0.32483986454228109     
 -0.28679572966893840       0.84912598681248286      -0.44354624106557300     
 -0.22689530598452937       0.83449356257151441      -0.50213445823693359     
 -0.37605035288988359       0.68187358193580483      -0.62740302067285991     
 -0.43984112398270769       0.56096077186738424      -0.70132930787154668     
 -0.47530753163143019       0.52320596579622802      -0.70734593215036390     
 -0.33123264366971172       0.37259137583632124      -0.86686827281886869     
 -0.31333469514169643       0.14327833648151517      -0.93877190366752605     
 -0.52313930258769104        5.8393845000276716E-003 -0.85222718313647072     
 -0.53422725343762834       -6.1838171476485994E-002 -0.84307608330027828     
 -0.54403495025418425        8.1091584882286946E-002 -0.83513479616359398     
 -0.61395995663030734       -5.8593218925801820E-002 -0.78715945420888944     
 -0.58766909155445246       -7.6365497727913012E-002 -0.80548950929750562     
 -0.62905870006825770       0.25236889003772578      -0.73525172234382874     
 -0.65933109802929257       0.15831106889628246      -0.73499667253423784     
 -0.84118028491473762       0.23225272336737693      -0.48833840803197304     
 -0.82186574799382983        9.5434862087905761E-002 -0.56163055416600727     
 -0.83468810943207850        2.0298531229933900E-002 -0.55034873453350164     
 -0.80081356737191922        5.7409256963706939E-002 -0.59615585841954144     
 -0.78930328489292190       -4.5682806140603896E-002 -0.61230172764770296     
 -0.75642772963219518       -1.1461816732401060E-002 -0.65397684714420856     
 -0.68116037934740303       -9.9540215345862534E-002 -0.72533597948551209     
 -0.69534091609704163        1.0111180207808209E-002 -0.71860891619582434     
 -0.66677528594566360      -0.19362680329941995      -0.71966615808729506     
 -0.55759679326399969      -0.37687117470296905      -0.73963094433624244     
 -0.61199588848912700      -0.37411795331489417      -0.69677599663011103     
 -0.49808210482305509      -0.45179705690301725      -0.74013082372565364     
 -0.34246920842258161      -0.33244299424424067      -0.87874711769674752     
 -0.48740634902402896      -0.26485896869746545      -0.83203652421728758     
 -0.58664263229946700      -0.17659007366569282      -0.79035837937704401     
 -0.51548134138430768       -2.0344839095016762E-002 -0.85665925209900740     
 -0.50332912050077760      -0.10436680602617007      -0.85776883031257278     
 -0.61202834176981435       -2.1976039625265145E-002 -0.79053043113651345     
 -0.58806034709507071       0.18335208663068087      -0.78776077618944640     
 -0.65767569659064384       0.36189558723059428      -0.66067712390928179     
 -0.50198468233025628       0.38376798015011654      -0.77507000723631236     
 -0.63712691829078016       0.38149453899029867      -0.66972472457710031     
 -0.69860646527942249       0.51842063117555848      -0.49314202400660484     
 -0.67218306113476201       0.37090012265489697      -0.64078313908691564     
 -0.67254853670424219       0.48448490983230141      -0.55942187830095091     
 -0.76449614525032417       0.47829879765140820      -0.43217577912536559     
 -0.88200272133892876       0.27706473296388812      -0.38119067839912402     
 -0.89502356904039460       0.32904657344475191      -0.30109992256138080     
 -0.88302936167348434       0.37683346099920068      -0.27974218325788197     
 -0.81438227239592509       0.32092951334703435      -0.48351397277646069     
