  0.10273472620646534       0.61075027081129640       0.78513036034483208     
  -6.4039598355910554E-003  0.66819437843310547       0.74395918028398678     
   2.0247866274948262E-002  0.69955390720440458       0.71429290548511282     
   8.3929800284055445E-002  0.61753899560273107       0.78204947256184132     
 -0.18337707207184456       0.65988033202527696       0.72864998239523293     
 -0.13774032321694646       0.64249687133291544       0.75380725234472312     
   5.4017289030696858E-002  0.53824370678411337       0.84105638609612499     
  -1.0577797379689780E-002  0.58303346612885332       0.81237927569354840     
   8.7327483015564616E-002  0.51580924738957545       0.85224100524297941     
   7.3233478205071145E-002  0.61811234731583731       0.78267105719177688     
  0.15062261216905004       0.69117845852762261       0.70681338921298198     
  0.19127702217971632       0.72835302734716489       0.65796274084501538     
  0.28164695944948914       0.81846550915666061       0.50078857869742266     
  0.37240071883764314       0.75108809773402185       0.54514619511786688     
  0.30004563722062622       0.81762675498343218       0.49138488491214827     
  0.37957919957406538       0.78234763696048915       0.49381353382936266     
  0.60585964632184064       0.72057363365588467       0.33720576424302684     
  0.56938221722543059       0.80319728337130503       0.17515140505403246     
  0.71866995747823448       0.69181187863778171        7.0070084871434957E-002
  0.51750675611706809       0.85531004959338797       -2.5129194928278538E-002
  0.39032328931687077       0.91551105621626028        9.7402442282718910E-002
  0.55804023700191685       0.82587370601225019        8.0769521506743450E-002
  0.50091263948537279       0.86524974638440066        2.0722065184835194E-002
  0.52206529351677256       0.82537095150857442       0.21496655951814381     
  0.35714164543506927       0.88783272738522567       0.29017734797816064     
  0.16866256614381389       0.96576982181798143       0.19708269849850332     
   9.6301229977943076E-002  0.99154533333321071       -8.6970828729324087E-002
 -0.13888360467862154       0.98975408340047610       -3.3139081815219504E-002
 -0.22309471105011672       0.97447929921548604        2.4876601495349940E-002
 -0.23331102899911998       0.95229722918113446       0.19671286445300099     
 -0.33095957434608808       0.94140885613197134        6.4923999760798684E-002
 -0.26850781553723319       0.96326636542873612       -4.6327345192181844E-003
 -0.16710072055896794       0.92611916445742759      -0.33820207334276492     
 -0.38810275660060101       0.87526719834956301      -0.28858894956723130     
 -0.18404404288243595       0.96340782994954999      -0.19486698917822062     
 -0.12224914354744820       0.98666028175729970      -0.10750179209911412     
   3.9775990632853753E-002  0.99784848390920766       -5.2117883008420234E-002
   9.0458671208099695E-002  0.99530901823182605       -3.4310159277866265E-002
   6.9605889578220795E-002  0.98471514823955597      -0.15965931530475394     
  -4.6380027558002204E-002  0.98898051836836809      -0.14059312690014183     
  -6.1371388730327783E-004  0.98954154970508268      -0.14424681889917088     
   4.6550388534742967E-003  0.99946002401983147       -3.2526773580518940E-002
 -0.11342069759801650       0.99079586781034090        7.3887033276091418E-002
   4.5955479259395741E-004  0.99662393728347665        8.2100648249506261E-002
 -0.39458498972758949       0.91115857728956284      -0.11871281697168568     
 -0.53625521502684770       0.84275911523320735        4.6769841221383689E-002
 -0.38565378778060783       0.89646715015288281       0.21821504225706950     
 -0.34367242493864336       0.93495518318247717        8.8023120695834733E-002
 -0.50300809415798975       0.84211571659989937      -0.19448387353965829     
 -0.25366149525892101       0.96247124247987192       -9.6462185452484639E-002
 -0.32865783643856750       0.92554942531016271      -0.18799544636920210     
 -0.12759389452316866       0.96224606841032834       0.24042109289594960     
  -9.1802026977168244E-002  0.98892562475517398       0.11661259171062900     
  -6.5722510611116017E-002  0.93687839214738411       0.34342310627898281     
 -0.11655910833725244       0.93339981542613715       0.33937996232258438     
 -0.23232156873564880       0.95094785053195441       0.20426667439616381     
 -0.28834909205688058       0.95663459650584204        4.1292249612802617E-002
 -0.15926496928666067       0.98709537925412905        1.6654783495307513E-002
 -0.31117954052960722       0.91739437079811226      -0.24810252313049350     
 -0.27905976494473761       0.85074351484050836      -0.44537750228969791     
 -0.41252527613233453       0.84150374454778942      -0.34884716490747453     
 -0.22869377554155285       0.82156281669291720      -0.52223911693413483     
  -9.5586254391145167E-002  0.67974010681138397      -0.72719781020264251     
 -0.30242716810872117       0.52753137688200857      -0.79388188944874460     
 -0.30025527528983476       0.47136650916553419      -0.82925290695765863     
 -0.30415842566750512       0.61902251148557330      -0.72408478948915778     
 -0.33902136345604750       0.48824586107963902      -0.80416446965718069     
 -0.22630074616134388       0.44575316389855074      -0.86607856985452136     
 -0.33145492190680770       0.67161290629681558      -0.66262639461411688     
 -0.38303790841935342       0.60181603673293538      -0.70078485902934984     
 -0.63341346124619491       0.42744407568918191      -0.64504181978406683     
 -0.51476991023318941       0.40152593563683309      -0.75748852303483138     
 -0.56401985454138892       0.30122408864968470      -0.76885996911030052     
 -0.54596148144886059       0.32266855989859522      -0.77318242428752615     
 -0.52531826954220351       0.28275481699483274      -0.80255244635562728     
 -0.47195922603911833       0.34021592552840513      -0.81333118283600203     
 -0.41933157720487946       0.28689312066003420      -0.86130909996169214     
 -0.46577873929464014       0.34119885494311225      -0.81647627485837482     
 -0.33127582785118570       0.22026923386511135      -0.91746269160875882     
 -0.14928243002579186       0.14164085267243640      -0.97859727413263875     
 -0.17112994108680690       -6.1252260703309309E-002 -0.98334261771895393     
  -4.1663355329741220E-002  -5.7123480352668760E-002 -0.99749740491645988     
 -0.10839761936933864       0.15991652911161880      -0.98116087357372683     
 -0.30331951967698534       0.17643770557753516      -0.93641177108869145     
 -0.38216511252325353       0.16999272663123893      -0.90832389578969830     
 -0.32901397520693665       0.36987845526130664      -0.86887267908021837     
 -0.24858396534937194       0.34169735402203338      -0.90633819870151766     
 -0.36736625640598286       0.31572925323887746      -0.87484688506245156     
 -0.39394511800029564       0.48577430760287971      -0.78027595508042769     
 -0.63979410671235426       0.49758445681845598      -0.58572451660215574     
 -0.48552704883598213       0.60808758059555246      -0.62808676086514925     
 -0.61542109155628744       0.54747168131209856      -0.56703759860257064     
 -0.65617646726440193       0.68698460171927234      -0.31222524050599387     
 -0.44423206125962328       0.74528025254463215      -0.49720742242653110     
 -0.51807508824856763       0.75208910264888318      -0.40738211130710245     
 -0.65082669038337626       0.69902900347010999      -0.29628208078149243     
 -0.71187601809381662       0.55538054378644042      -0.42986624250617966     
 -0.75269000193710667       0.56344287090394940      -0.34057288825072896     
 -0.72592761552093710       0.61148383020358321      -0.31482792510139079     
 -0.67770747064867609       0.66831103656242929      -0.30671312758963598     
