  0.26578508069101969       0.64900532615405448       0.71284667180659433     
  0.91132687591058026      -0.13737749450327277       0.38808600753836647     
  -7.8317923537875922E-002   7.6095582667244074E-002  0.99402000238990917     
 -0.71944658447165744      -0.13006071667270067       0.68226154960590535     
 -0.45609541630768363       0.44095860095864775       0.77300225320739280     
 -0.60701564246744644       0.44090036455124582       0.66116478909452669     
 -0.73548855500359689       0.18903790284093724       0.65063142926562989     
  0.59626863934701591       0.30223691830177885       0.74371806146329522     
  0.28873494799626087       0.51871256497708107       0.80471697182332314     
  0.68032419253701493       0.16703202843765014       0.71362405685685892     
 -0.22967407262281975      -0.12309904442553732       0.96545142064547917     
 -0.24119069850211650      -0.65472116979899175       0.71635691995896678     
 -0.52534907025435640      -0.72210703544650889      -0.45007753081169510     
   1.5418394345858477E-002  -1.2560838893770507E-002 -0.99980222966449050     
  -8.1054992873436371E-002 -0.48891012833406589      -0.86856028837533528     
 -0.32338926898290621       -7.2083935151321138E-002 -0.94351644765728082     
 -0.36800649487741299       0.27343582030654767      -0.88870921673028014     
  0.35788260300846686       0.57682074818145135      -0.73430093758028525     
   5.1464630203831241E-002   3.4868409503675674E-002 -0.99806592260064797     
 -0.59243938895077319      -0.74582035183684126      -0.30457769650064603     
 -0.71787783568341290      -0.58461142667454669      -0.37799588997247080     
 -0.19333988868839777      -0.93843222982541985      -0.28629466894599975     
 -0.24584203936782090      -0.77102385789886208      -0.58743842420314352     
 -0.38033962321149589      -0.54450546913358000      -0.74756642855268074     
 -0.27465976837499084       0.15660813570685361      -0.94870222065022203     
  0.11523025845798951        9.6117739122548534E-002 -0.98867758534405548     
   9.4444325080289798E-002 -0.78666910325252837      -0.61010818011894530     
 -0.58727060589345959      -0.71765291314028790      -0.37428268957410615     
  0.68362790291284392      -0.42604977454446624       0.59256601317458790     
  0.44547708170477973       0.88099219333246137       0.15938295066625141     
  0.32326055380571839       0.93364227394347454       0.15432018227992234     
 -0.41036277182390796       0.59959084248361660       0.68709039951872042     
 -0.60941688313197706       0.79204517974993915       -3.5714083896898369E-002
  0.76095008947900578       0.61928545910213695      -0.19349543009220982     
   8.9079073159181732E-003  0.67709579175512258      -0.73584097329161435     
  0.58687764888065186       0.68882220131307403       0.42555681197991263     
  0.58077027278486471       -7.2273772036882136E-002  0.81085287945776585     
  0.58175677065877685      -0.50141909030393339       0.64042013996394553     
  -1.0349170534953364E-002 -0.90915607968529888       0.41632693576141450     
  0.32786262903015262      -0.12478405926450417       0.93644809521878325     
   7.6352041449632840E-002   4.3483498457248901E-002  0.99613229599706055     
  0.17836274670238444      -0.78007074315630154       0.59973024457696256     
   4.1648645389553263E-002 -0.99901772315243909        1.5132057511505911E-002
  0.89964196727000301      -0.33824445727103125      -0.27610689569801189     
  0.13966935436146807      -0.56161676200475241      -0.81552380963866544     
  0.65452975910763800       0.58090795190943378      -0.48387678788187982     
  0.65034118528419371       0.45194219375142952      -0.61057726475058527     
 -0.36326038520590442       0.78611324597695631      -0.50006785243570051     
 -0.38707463541144949       0.78754622550760345      -0.47952494128027062     
 -0.20536651417786830       0.89580744282051505       0.39414923600307233     
