  0.51282199485093805       0.70648774214919818       0.48773832306887249     
 -0.50949776936761404        1.0940211284743304E-002  0.86040242606961292     
 -0.32750308848362264       0.24287835336295477       0.91310012183844202     
 -0.30339360213432243       0.87597859317301419       0.37498510168617538     
  0.35381494372905742       0.63853265705622786       0.68344058371354699     
  0.58529551325131546       0.80135756004666536      -0.12351203635248451     
  0.93088020149365192       0.28066427050109533       0.23385811452938984     
  0.86472346072933259      -0.42996634841898806       0.25958096172783512     
  0.62309658285942870      -0.76931887272779476       0.14106424243494098     
  0.59590742642481098      -0.30455975535534768       0.74305968437914105     
  0.35167358005026944      -0.76437681456053441       0.54042000190308315     
 -0.65127983156008551       0.29636458438535529       0.69857183891505270     
 -0.84835548426553486       0.19136080874855599      -0.49363348062272117     
   5.2425434086379001E-002 -0.23030341678880720      -0.97170567049712353     
 -0.46375348918352460      -0.28958468233626639      -0.83730126778018299     
 -0.98868272898428700       -7.6092987023108849E-002 -0.12929160349417462     
 -0.72662277903488681       0.44677664543086532      -0.52192908147101824     
 -0.50177809658040218      -0.20423670909754035      -0.84053917722445592     
 -0.27541766310358157      -0.70598714525567197      -0.65247778627653374     
 -0.94919733212517854      -0.30633739962327661        7.1984875345657617E-002
 -0.91316784080686431      -0.37623269446501445       0.15675922343440749     
 -0.74131922144131102      -0.59111437330029071      -0.31785155277189459     
 -0.27485915997654392      -0.69718312521304537      -0.66210885214986026     
 -0.32985466731932844       0.26209985267326569      -0.90691761791044767     
 -0.67508103112326268       0.40625750851607595      -0.61580876755037017     
  0.29953439194174447       0.72767923120155631      -0.61705922286444836     
 -0.62911528646026915       0.64985850274479617      -0.42649488010099829     
 -0.10743233120694554       0.46714751374801367      -0.87762833512286498     
  0.38646900246928889      -0.81369920451564270      -0.43420653461346387     
  0.67755581691450184       -1.8479604148428093E-002  0.73523915782272320     
  0.51723845036593108        8.3605211012489980E-003  0.85580049494610244     
  0.63075201956574389       0.46092274697599966       0.62426125230855212     
  0.83691480400352813        4.1788612495222900E-002  0.54573557947550289     
  0.86210619725354443      -0.33816480639464874       0.37738239012058111     
  0.75561736636918786        3.5105035096178940E-002  0.65407188607383560     
  0.73271337575230933      -0.17217253314959124      -0.65839784919339461     
   9.8410098955379680E-002 -0.58148229031152499      -0.80758516484495424     
 -0.50139477625363693      -0.63791680369215509      -0.58452153930607442     
 -0.81325963535745815      -0.51556327240010236       0.26982082508647154     
 -0.42359640199270243       0.41888246246126865       0.80318339802388850     
 -0.18265934576584747       0.27786853237640985       0.94309312483940733     
 -0.63320723438372550      -0.18735959304228211       0.75096270294810974     
 -0.92234766172603444      -0.38580284192620468       -2.0759529623319534E-002
 -0.56169165901115770      -0.82247504078301337       -8.9650920164189435E-002
  0.32032035970055978      -0.65953075129684646      -0.68001033466789307     
  0.71387476455626475        1.2141385502418271E-002 -0.70016812787203009     
  0.88786102476416395       0.39473071024777417       0.23641164753884403     
  0.40039922990444143       0.91044577912162283      -0.10377350322493656     
  0.55922367376769200       0.81669847532040274       0.14238147037843357     
   1.0148785352403655E-002  0.64410654031750170       0.76486846377406337     
