  -9.6948953248998535E-002  0.85190313621419955       0.51464740062719594     
  -8.8985086930043020E-002  0.88626769763212609       0.45454507195426175     
  -5.2176928546797480E-002  0.90668906690275430       0.41856003641824074     
  -7.5554124854073562E-002  0.87539032273018902       0.47747602776252279     
 -0.32875139563705108       0.87493498611374010       0.35554365405790583     
 -0.25933171740614669       0.87746261592953823       0.40349277316113924     
 -0.29262572490959732       0.77460559683980945       0.56067490978781820     
 -0.31783658292639588       0.86557376345588788       0.38699091277507891     
 -0.36711485479396389       0.83988678044009235       0.39977103375755446     
 -0.27646484270052157       0.90610668225893631       0.32021535115650052     
 -0.32845084878313524       0.93564424714868122       0.12918932893705645     
 -0.27769114318959348       0.94617359129682110       0.16626233526129713     
 -0.13804383219943819       0.98130721707937130       0.13408969423350739     
 -0.12377544962514948       0.95741150004841824       0.26085025904745202     
  -2.1983250420130912E-002  0.97581790689613346       0.21747677871858118     
   2.4415073186997250E-002  0.93876013655444790       0.34370526649666316     
  0.14752175274728796       0.90842641393770551       0.39115058855464580     
  0.34395662391191645       0.85732527183291063       0.38299767511531591     
  0.53099524543982957       0.75537547355763068       0.38399471776038546     
  0.44082613235748025       0.87491474795422397       0.20049066023868276     
  0.28433683929377990       0.95798900362261530       -3.7545049721190854E-002
  0.43522171052962877       0.89310173156266615       0.11380404106808603     
  0.30095069518969869       0.94870568437236891        9.6882421028745183E-002
  0.17648443781408180       0.92735366123869378       0.32995216349742290     
   6.7719649986136790E-002  0.95214174322218248       0.29806064788827019     
  -4.4127125844517855E-002  0.96111647226607644       0.27259479727889369     
  -8.6698413395527474E-002  0.99337906425048828       -7.5375193688137915E-002
 -0.18049645940782119       0.98302825515652204       -3.2809719675221186E-002
 -0.30462281362816435       0.94946094246413293        7.5689234058635299E-002
 -0.29121544993376541       0.94107479427347218       0.17196451175466215     
 -0.25346719071576812       0.96470354491830224        7.1424461164987449E-002
  -2.9750002946125828E-002  0.99655062173570441       -7.7471256882008371E-002
  0.15639566382293960       0.89614929777913366      -0.41527922224371583     
   5.8946453532269349E-002  0.90341672521616179      -0.42469228414897708     
  0.27796673752359902       0.89233917997069068      -0.35561957302674035     
  0.28572111540996170       0.95083668200982752      -0.11946986378762321     
  0.55602530488296364       0.81984149912304061      -0.13673250032637621     
  0.42158038442984280       0.88814885830295442      -0.18292508018082301     
  0.47964008220563337       0.83814831138842094      -0.25971676815047251     
  0.41302677476633443       0.86586144842540624      -0.28229919492763134     
  0.28742120694329831       0.95010627390683045      -0.12119042075240609     
  0.18959222035353668       0.98149182343237273       -2.6992415913066052E-002
  0.12579250678673126       0.99124194610767891       -4.0195142902925911E-002
  0.24628863899633363       0.96913276921819214        1.1116740926677780E-002
  -9.3254230269610910E-002  0.93545390345237545      -0.34092468824148642     
 -0.14340252759744654       0.93609783848146977      -0.32117993690299290     
  -6.7922541254704927E-002  0.98965906271667048      -0.12633870338214589     
  -8.7093111693536691E-003  0.96980012801492532      -0.24374548119137127     
 -0.19046893540986870       0.89877604693604662      -0.39487112087091242     
  -2.0162634735316300E-002  0.96533621387525981      -0.26022963386502068     
 -0.10263059880946936       0.96790632370580632      -0.22939988822650528     
  -3.4446139563877716E-002  0.98420116951613790       0.17367072692951024     
  0.16925591250692396       0.98149754601360772        8.9526550535122068E-002
  0.10015214722555477       0.96208184622066151       0.25370862929502619     
   9.2327771326305083E-002  0.96739150764977411       0.23585854567732589     
 -0.31606198696735310       0.94679548122140578        6.0688855097023313E-002
 -0.37480253459644597       0.92702913682666788       -1.1833830085654404E-002
 -0.48785837186539877       0.86869476009177982       -8.5811553941996979E-002
 -0.66441572097558932       0.69266269460628760      -0.28066018816577371     
 -0.61456895798743294       0.68797889787637745      -0.38599226929441577     
 -0.56755622056213184       0.69772113307794215      -0.43711000555656054     
 -0.54642797847289204       0.59354557717193912      -0.59086386939942237     
 -0.65250418709065861       0.31767492488276117      -0.68798323230286063     
 -0.74331942880491542       0.10216197857257911      -0.66108937133739309     
 -0.84292119132949084       0.15017707970715710      -0.51665337503814557     
 -0.81317797957767546       0.35316281732811761      -0.46262036054073008     
 -0.77253506027718177       0.26206595536350602      -0.57836927276779992     
 -0.58636664365644586       0.32340028643811208      -0.74268863862242041     
 -0.73312480939469560       0.37679403771097941      -0.56617512043135176     
 -0.57526653612500445       0.53181809570713068      -0.62148043049896506     
 -0.58356257567836467       0.54683004590909245      -0.60035957655283312     
 -0.50709868328981289       0.46060268988194325      -0.72848890690199752     
 -0.43165212042991052       0.51313862681148614      -0.74186602335084684     
 -0.43471503673108602       0.33407191256242241      -0.83631261743248908     
 -0.39575779419052970       0.42423348749931561      -0.81449476144516308     
 -0.42024721673563387       0.45519254954217764      -0.78497899313755326     
 -0.34276880574665192       0.57087763791667334      -0.74606183948363070     
 -0.27350830624679634       0.55192451369228146      -0.78776426524662235     
 -0.45132302471336444       0.35761913849210442      -0.81756717103106924     
 -0.37728127238397052       0.30552201459618461      -0.87425118822077186     
 -0.50112868125374688       0.29099299804346995      -0.81498044143068737     
 -0.37256844262563454       0.18114265848549513      -0.91015388415164200     
 -0.29188893733178073       0.42758581320655881      -0.85555316644134538     
 -0.44394461344980402       0.49945339517366499      -0.74394857768423828     
 -0.50482654059061050       0.59188105516831324      -0.62835259245758324     
 -0.51352601357183836       0.66659892321896386      -0.54031186267592479     
 -0.66282814527051592       0.54922112414845148      -0.50893516937459049     
 -0.74118389951966113       0.47745042283434458      -0.47189778642003583     
 -0.77689019676224313       0.49571163401113444      -0.38821591683074025     
 -0.77720315192184897       0.52916897251710138      -0.34049296493164843     
 -0.82656045313222748       0.52164711452399137      -0.21138142119553940     
 -0.90385224016281085       0.34904913262912168      -0.24741833190676166     
 -0.97604069820378814       0.18162711036760140      -0.11981714497258242     
 -0.94448655033517293       0.17730085501895593      -0.27660362081055845     
 -0.78869161698023582       0.37017256223811779      -0.49085416110201824     
 -0.84771596652959669       0.21742456489516301      -0.48384315503161451     
 -0.82890939799809604        5.8940540769967201E-002 -0.55626901995724376     
 -0.87339861120366025        9.8253893958591236E-003 -0.48690689836019657     
 -0.86204005559221786        7.4532168053088044E-002 -0.50133012923609299     
 -0.87367486531577720       0.15960397806163776      -0.45958546528621902     
