 -0.37022139416144573       0.44682347524436250       0.81442304809951915     
 -0.31213619828304900       0.26636258964641957       0.91193309215000151     
   5.3205060418955646E-002  0.49258494376165318       0.86863645717016358     
  0.13682832918980212        5.3994607770084767E-002  0.98912213131791427     
  0.59009689612804206       0.19651695749482603       0.78304963993161325     
  0.56374687174553084       0.16348807636119178       0.80960552955427134     
  0.76314228478319990       0.64045164274732014        8.6229614855653530E-002
  0.92746150016968920        8.2742566221952835E-002 -0.36464891805409472     
  0.77105359973979293      -0.60487810181462176      -0.19899454332584007     
  0.19632445207687216      -0.88932995099044032       0.41297572300081120     
 -0.14944773617004720      -0.98608419155821903        7.2824043506519692E-002
 -0.78209557626247417      -0.16314386438595338      -0.60142380157746367     
 -0.57680671857125865       0.14866089190501802      -0.80323965827708199     
 -0.48802062816717368       0.84873605475239777      -0.20367369944757621     
 -0.92063350035638480       0.39041751526486113       -2.8498764806555443E-003
 -0.91722152639721233       0.32418588043259283      -0.23153441740209391     
  0.14621487024458249       0.97641348466625733      -0.15886446638967741     
 -0.69133616792756869       0.62235198148790172      -0.36705900622831289     
 -0.96466192220967995       0.17712136093734129       0.19507793144906468     
 -0.89023028536259385       0.44516205667026149        9.6544198812641244E-002
 -0.73248809390661773      -0.28429517159336104      -0.61857695373638300     
 -0.89423965495751379      -0.44685977008519390       -2.5530087757834892E-002
 -0.75705362938133369      -0.65252349292393930       -3.2907346032961610E-002
 -0.40361357956089339      -0.44115627036830118      -0.80154676938331093     
  0.17187013802310830      -0.47210144116309138      -0.86462759897408348     
 -0.30200234905886708       0.39069721578813860      -0.86956901206194859     
 -0.27769047128809149        5.7662639135709570E-002 -0.95893848718453123     
 -0.45544402465683004      -0.22496905302278367      -0.86137080609134908     
  0.79761970352856881       0.19606517995316119      -0.57040446505349551     
  0.89205790258751916       0.43890345840678413      -0.10768682663050447     
  0.89169304861803578      -0.41826616000070432       0.17302290728274231     
  0.94552682689193679      -0.22190757831428104      -0.23819329611549941     
  0.90348831564170162       -5.0943133256201964E-002  0.42557450660602636     
  0.86615139988874756        9.7727297697501672E-002 -0.49013378556831749     
  0.79779114327906575       0.32969710822424109      -0.50480601079428988     
  0.98655486110880364       -2.4598761863040174E-002  0.16156858276712210     
  0.91691765360498423      -0.37122935502881721       0.14646085645119417     
  0.67831474400773850      -0.73449270363187313        2.0237993310859299E-002
 -0.53963593470680948      -0.71116282247770224      -0.45060015301667650     
 -0.98171840736493110       0.18999270526211209        1.1477830284041651E-002
 -0.94167083392744610       -2.4919299124971830E-002  0.33561148529437190     
 -0.69104134707386544      -0.43056780874094963       0.58058007088630448     
 -0.98845573889476357       0.14725076829362221        3.5671606116767035E-002
  -5.1366104603735065E-002   6.8604503655643495E-002 -0.99632070407877060     
  0.85643650221989420      -0.21146400416984684      -0.47095593488758147     
  0.96208432175243752       -2.3122104982641341E-002  0.27177035544616085     
  0.84255311297543722      -0.30869586594167403       0.44137412040800755     
  0.19338441982847554      -0.22797841819404421       0.95426846694490219     
 -0.37067677289204359       0.16976044397335965       0.91311561245022377     
  0.39814172809848336       0.36139364955739417       0.84313569157423029     
