 -0.35493499842639520       0.71428955320042042       0.60316795428868064     
 -0.31998977573078585       0.75128289241727064       0.57721794756305100     
 -0.22663845706638455       0.75220925872180244       0.61872145661175171     
 -0.32549571118775039       0.73534987675396146       0.59440146429523555     
 -0.48245414966523731       0.83088479166343254       0.27725161217423555     
 -0.46742434248439274       0.81472712786503398       0.34312416291164943     
 -0.55555852767980163       0.71440951226453109       0.42541012106931314     
 -0.52853322071605691       0.80353170968744436       0.27384197290826312     
 -0.57515824891257539       0.80211418697432790       0.16064189914942245     
 -0.47953294182963779       0.82393714350040859       0.30195321038300404     
 -0.37348290619355512       0.91491473300371540       0.15310633596930839     
 -0.35075147309526666       0.91822606281293806       0.18394102775769422     
 -0.21458353160888177       0.96242286743158134       0.16642154970746831     
 -0.29470673838359340       0.92817265307111196       0.22725198446268949     
 -0.21904712737741341       0.92652463462189438       0.30589288554404881     
 -0.16837244492707065       0.90725931014809891       0.38539754013079808     
  -6.9421229382916949E-002  0.82335779225970263       0.56326072012540529     
  0.15419433373126581       0.80503306667211627       0.57284017754488337     
  0.32960684101058391       0.70629559645024087       0.62650288171246382     
  0.35455440559755680       0.79341626804650867       0.49475428150801853     
  0.34162073897526968       0.90024856420889199       0.26990330368821974     
  0.38895549190905393       0.77165621137961293       0.50324975584002485     
  0.36300871575471116       0.85985669858075631       0.35898625348600499     
  0.27463750579727336       0.86173284872551370       0.42660372459327917     
  0.20536532956223374       0.90763272424571928       0.36609823721521445     
   1.4757525886944796E-002  0.98905465405271387       0.14680976372969901     
  0.14802046352895856       0.98494885162607604       -8.9250781829340486E-002
   1.9729551898153119E-002  0.99970062539061999       -1.4470811155698539E-002
 -0.12630903237936175       0.99197903616864846       -4.8600556900567186E-003
 -0.15569264053649032       0.98741903457193103        2.7630632417900890E-002
 -0.13793653486232180       0.97767218052099913      -0.15852640091001663     
   5.3874242779517120E-002  0.96288777367793910      -0.26447060567569386     
  0.26024894583806574       0.84923737159133217      -0.45941960437362889     
  0.15828915464770257       0.87055732692065935      -0.46591252834161423     
  0.24891766875240479       0.74813642347027465      -0.61508689309720599     
  0.36751074856795013       0.83204313696205323      -0.41549978089208978     
  0.67109509125209899       0.67860087030695859      -0.29855022578451768     
  0.50701374442719149       0.79166137330855502      -0.34089490018647589     
  0.45671482733984231       0.68469703454319564      -0.56798022621892974     
  0.34415602039882931       0.69202741855927830      -0.63455077463149945     
  0.24560647992213838       0.84049537556194875      -0.48295442919518433     
  0.22207454515009681       0.88683147089243686      -0.40523183319076500     
  0.21624675900583770       0.90327645362143083      -0.37057925947437892     
  0.30755131136019742       0.86948413086414578      -0.38653529859000585     
 -0.12282787475285765       0.85969666410509260      -0.49581746531389298     
 -0.15538271513986457       0.86669712780473263      -0.47401719429870864     
   2.0368361663220896E-002  0.92707886025737607      -0.37431259223683849     
   5.4220776188491110E-002  0.90656289026533388      -0.41857356990534950     
 -0.22536043151806384       0.88977735266521663      -0.39687395806487424     
  -6.2019494053789238E-002  0.87664879622617842      -0.47711683100947222     
 -0.17844890863738708       0.90183714080453692      -0.39350445800732431     
   4.4480052975489320E-002  0.97448865756772085      -0.21998495666561940     
  0.13187623584805386       0.90563749909532376      -0.40302528289292500     
  0.35629030146477003       0.86988449600531315      -0.34111315526044189     
  0.49508490943486694       0.83645625750151031      -0.23501459898578442     
  0.15433020893738664       0.98178686415418315      -0.11080045118884711     
   6.0970267767781194E-002  0.99645591082080720       -5.7950360124985986E-002
  -6.7844287050004587E-002  0.99658728220528525       -4.7020651435038974E-002
 -0.47223494119280940       0.88059918732462683       -3.9233042194493459E-002
 -0.57425482404696215       0.81181360319529883      -0.10578313062992939     
 -0.54989000868270355       0.81980895261720743      -0.15979442906313049     
 -0.61936340342810003       0.73983798766737563      -0.26273318499620713     
 -0.73115550675456553       0.64218151191979245      -0.23024884514561061     
 -0.83165351881000027       0.54960620657297876       -7.9280781702781120E-002
 -0.65204793846700126       0.73840160090647422       0.17203651275149701     
 -0.45905195217333111       0.86802306497181947       0.18922807371735823     
 -0.53568198060228600       0.84428352952312347        1.5170281276212901E-002
 -0.40419922054877455       0.91426788912559798        2.7151740673283506E-002
 -0.25370094512616392       0.95869508193674580       0.12860626078227005     
 -0.11780941141627688       0.99110613852414731       -6.1883477290012708E-002
 -0.28792495255586248       0.95670990927412858       -4.2489659829186469E-002
 -0.12275566154412854       0.97568515574202597      -0.18157512060724854     
  -9.3406575713152418E-002  0.95501500210177681      -0.28146324338020129     
 -0.25442648216496511       0.92632081054506032      -0.27784333917571002     
 -0.26935642193183434       0.87844134721249767      -0.39469978144353191     
 -0.17153878995749286       0.90006111182060544      -0.40058012747536137     
  -2.0921428109301060E-002  0.88485207993277215      -0.46540207400109540     
  -4.7345226131709536E-002  0.89759524373951394      -0.43827070171155857     
 -0.29538005192628203       0.86891278705740171      -0.39716645554750502     
   3.8668695538937592E-005  0.84992070399968145      -0.52691061425770203     
   1.1582762192447887E-002  0.90920952359071805      -0.41617770463101122     
   5.6239061198123094E-002  0.81219495851220147      -0.58066902566171164     
  0.24359823602490757       0.86082617402959327      -0.44680890491476144     
  0.24190786694841940       0.96542305917102611       -9.7154005215026915E-002
   4.2933511406695088E-002  0.99906067718746849       -5.8717029909329419E-003
   1.7037824658661230E-002  0.99551671812630715        9.3038575128386758E-002
 -0.15275820871114323       0.97756599723938853      -0.14501603605362220     
 -0.26510117738045330       0.93919040245894425      -0.21827220088801588     
 -0.38727717265412281       0.85819803196040423      -0.33691620542846490     
 -0.43850230224153369       0.84759738172071808      -0.29882170173711725     
 -0.53598029993601815       0.80366115510060532      -0.25856114530776464     
 -0.58793111079177085       0.66754820155683836      -0.45685490865414130     
 -0.72987741543925533       0.46542994767262835      -0.50065349518521263     
 -0.67136056963290192       0.43654062678964756      -0.59892175340714338     
 -0.62439261097615184       0.59502571965726248      -0.50604175747139735     
 -0.58657335606647443       0.40805550756004183      -0.69958730741976538     
 -0.51792092264297429       0.32462006227976825      -0.79144155378280823     
 -0.58098673578372151       0.36268774989354391      -0.72863708999785626     
 -0.46298247121396779       0.51860853477351843      -0.71881320174902164     
 -0.50442075488611704       0.57292660675185569      -0.64599907532125644     
