  0.19925141990120332       0.96172467489093805      -0.18810773873840561     
  0.18702647717123569       0.95968461019500695      -0.20982503614148801     
  0.13385581643803965       0.97261026581314858      -0.19003129016187006     
  0.13168227819829351       0.97583203522943551      -0.17438926752666650     
  0.31381357639636903       0.94375405362402587      -0.10416009570628593     
  0.34538179176177691       0.93005730426250532      -0.12531890802025825     
  0.28202710866718150       0.94887744478791436      -0.14174732713385779     
  0.21719871428953258       0.96661746396661463      -0.13592423207703436     
  0.13044764358205399       0.99080423342826429       -3.5921905636036693E-002
  0.18535607206393806       0.97922918495662692       -8.2178646120596568E-002
  0.26692409121482341       0.96264042965441488       -4.5551429438672096E-002
  0.18128400894959176       0.98211972186540675       -5.0763766824268017E-002
  0.13183762107932767       0.99125370743878072       -5.9100894257786574E-003
  0.13142029605607827       0.99085991607982904       -3.0419278275633992E-002
   6.7343569599987343E-002  0.99713495482669756        3.4448882366474247E-002
   5.5854410527349366E-002  0.99815078425793435        2.3985343648136686E-002
   4.8916010478346317E-002  0.99859680239355031        2.0289163813902562E-002
   4.0725329023179692E-002  0.99360712767518899       0.10529161129465117     
  0.14698061863191936       0.98053369527516621       0.13019358730987443     
  0.21640718196959058       0.96506862246242531       0.14768373482027503     
  0.30046866886603135       0.95312396198586424        3.5683219000688493E-002
  0.19936450884986359       0.97934614771857831       -3.3688507830394496E-002
  0.15876855440666149       0.98717795694203880       -1.6499316936411455E-002
  0.19565293780098142       0.98049906561801348        1.8479995997207281E-002
  0.19678635785534104       0.98038460247485970        1.1007297227338933E-002
  0.15856041633927762       0.98734871592584927       -1.0523924654508941E-003
  0.19503934635555636       0.98079065185751535       -3.0578754256997678E-003
  0.15450654561233446       0.98777604479279280       -2.0644919386077216E-002
  0.23478216137901622       0.96806253518675600       -8.7933296685601847E-002
  0.21680823104169888       0.97516080567094221       -4.5338659395456865E-002
   8.7570977900200912E-003  0.99986450055107878       -1.3938930233080848E-002
   5.7651719194054984E-002  0.99828482421175213        1.0182780685177374E-002
   5.3240758765318086E-002  0.99849930500420581        1.2828075156388730E-002
   7.1346826585444298E-003  0.99913426204056610       -4.0985640412474406E-002
   3.8916408470387617E-002  0.99905260368808690       -1.9478403831608010E-002
   3.0480924771079474E-002  0.99917247133958631       -2.6931129613355385E-002
  0.10198386151999374       0.99477395917892253       -4.9053163982552567E-003
   7.6991428753953539E-002  0.99655282076305174       -3.0899762582177605E-002
   4.8453152210855950E-002  0.99678496212241807       -6.3812469999569937E-002
   6.0767948593091925E-002  0.99516534584242877       -7.7156923591552573E-002
   2.9503197105311803E-002  0.99873000916807819       -4.0840300533918926E-002
   1.1645575204134310E-002  0.99474238049732511       0.10174466580949418     
  -3.2252236455849917E-002  0.99497215421113638        9.4816694669520626E-002
  -9.5849636337795030E-002  0.98836799161232958       0.11807438490260529     
  -9.1654263687941218E-002  0.98974447994248271       0.10956897540459455     
 -0.10081480500265143       0.99371637768845611        4.8622379682816720E-002
 -0.10100666995844867       0.99136909792830308        8.3576098836583096E-002
  -9.4219761610833452E-002  0.99383826989841806        5.8379189848153802E-002
  -6.0534794835608328E-002  0.99739123426322485        3.9322568953472366E-002
 -0.24008929089332071       0.96521946570915695      -0.10348195695132970     
  -2.7139612213501772E-002  0.96957814157822930      -0.24327282795785579     
 -0.13951782239220317       0.97341747745471030      -0.18164028138233268     
 -0.10816100119382582       0.95986019169641312      -0.25878487246607024     
  -3.3625908224504106E-002  0.97593786489912449      -0.21544043759754122     
  -5.3199027322201907E-002  0.94184427758473954      -0.33181202550970934     
  -9.8510591127921696E-002  0.85981628930983867      -0.50101059077937182     
 -0.12420820929850211       0.82198362719333529      -0.55580143699792095     
 -0.27861894603656906       0.84539224716111550      -0.45572297654316335     
 -0.34541045226479528       0.87559478401382285      -0.33767646301455551     
 -0.17467339012069596       0.89235216483000313      -0.41616922123933547     
 -0.16778769211270389       0.86606090895415710      -0.47094138951359255     
 -0.32915872833851717       0.65220150309959568      -0.68285264216608232     
 -0.33609842415277968       0.66151391885314914      -0.67040076405503135     
 -0.38057208607140297       0.53589784497968429      -0.75364340841633404     
 -0.27695843499242945       0.49932237767032711      -0.82095748272623581     
 -0.36801327084936386       0.54466374181083543      -0.75359647082200054     
 -0.24790808262887515       0.56441418797159859      -0.78738694870034354     
 -0.15902041700379901       0.60929028521305362      -0.77683837142673096     
  -7.0553996113064649E-002  0.64446682590230453      -0.76137024104169582     
 -0.19959911105230571       0.49699538966374796      -0.84448551054479892     
 -0.21636577544284311       0.38723456103485770      -0.89623392368129084     
 -0.16721493548715338       0.42336619120804830      -0.89039330269944417     
   2.8537842775552460E-002  0.58372215982720010      -0.81145180488824498     
  -8.5872597413922988E-002  0.58824655463032860      -0.80410937563178297     
 -0.18470366648584990       0.53556379873100968      -0.82404852592277300     
   6.3210299932829062E-002  0.64770923647702661      -0.75926095840939534     
  0.12322185687447304       0.58982458801664484      -0.79807476426673618     
   6.1395419066350210E-002  0.62392586583868348      -0.77906810771274615     
 -0.15240558500950083       0.63088527307711373      -0.76076034982925500     
 -0.21874011746904071       0.61164469339753758      -0.76029174008946632     
 -0.20552524501679406       0.48646124612204983      -0.84918480302120936     
 -0.14795401111941522       0.32817496080121900      -0.93295809428762455     
 -0.10962574204314679       0.47918878925847103      -0.87083884900163444     
 -0.29117646479820736       0.44038279688394072      -0.84928161322161067     
 -0.21694472995027539       0.32185790634140282      -0.92159778226313882     
 -0.25133958178893556       0.40282249699503042      -0.88009229660351751     
 -0.26981408278729963       0.32220739073136728      -0.90740440713484127     
 -0.32893846669447785       0.10550893102396956      -0.93843878362036182     
 -0.31394550497615914        8.4946450588824052E-002 -0.94563329067753610     
  -9.0734192672942748E-002  0.27140535503145713      -0.95817870960496820     
 -0.25017467566102869       0.34570611922808248      -0.90437819013184895     
  -4.6161445129330479E-002  0.46832052408592761      -0.88235197495299733     
 -0.13794589294398329       0.24173726689744274      -0.96048634785344067     
  -5.7235872289543806E-002  0.17641404298476990      -0.98265056879901380     
 -0.13673693554778979       0.14972376307806820      -0.97922714690042134     
 -0.31476996598120099        7.8285546455447344E-002 -0.94593405781394846     
 -0.22409299864877766       -2.1890609117914753E-003 -0.97456530615907044     
 -0.36268767229065935        9.1601255785356550E-002 -0.92739789858880273     
 -0.33693438549723531       -1.2568091282742359E-002 -0.94144424314513198     
 -0.26321330643365975       0.13889351648809101      -0.95468704107358238     
