   3.1268689089534681E-002  0.78764198017047837       0.61533923989596417     
   1.0970046526684693E-002  0.83477885371400695       0.55047608801030601     
  0.10782824329498007       0.77916393764545955       0.61747601428779619     
   2.4896944338533601E-002  0.78000362553416658       0.62527952654486019     
 -0.13663848222706049       0.93661505883113749       0.32261766341202608     
 -0.13694595955983904       0.83790235508869493       0.52836109574517964     
 -0.20535530408445754       0.79811310562988913       0.56643152252164941     
 -0.16438685916231696       0.88806891220065354       0.42931406652647736     
 -0.23420362075742340       0.92551933579338075       0.29759472961847105     
 -0.11687468296396288       0.89954207654231100       0.42090896998284749     
   1.8638316977432029E-004  0.96838060596759201       0.24947738824819762     
   2.5805536255934267E-002  0.96050935898952572       0.27704845350963314     
  0.19308061153192385       0.93808281730368015       0.28761172669077772     
   8.8112990091949409E-002  0.95751161325958956       0.27460446363827695     
  0.17563353047809530       0.89916898713680138       0.40080917597177484     
  0.20422102732312805       0.84596245357578170       0.49258633673613234     
  0.34338190483605308       0.68436872433299323       0.64321716129623918     
  0.59037466131600413       0.56921068897071325       0.57223854364896920     
  0.69210981711484776       0.40601802653051960       0.59676910374575631     
  0.73384959154885165       0.54841385224515826       0.40088280537984072     
  0.68860109963767013       0.70455446795479948       0.17155619272622569     
  0.77779231901773982       0.53083465794395468       0.33653183267341752     
  0.73277432157528233       0.63924190892127475       0.23326288928710853     
  0.69992327930577558       0.63660585081595844       0.32379066353546049     
  0.60715451926449393       0.71335659603540191       0.34997965173633150     
  0.37377312728862699       0.89889157062399250       0.22866480616399995     
  0.42585944873695164       0.90380001815317457       -4.2299611201337933E-002
  0.36811532550205217       0.92894227505289029        3.9463359589407804E-002
  0.27177885242640304       0.95455265126128264       0.12233352502010997     
  0.25949522558112381       0.94899661432692539       0.17907443674806389     
  0.15271347860599424       0.98817902578858541        1.3446428654918269E-002
  0.27608592145644778       0.94644996456795449      -0.16735898106422142     
  0.30385021601960871       0.83444513292145228      -0.45975685570585884     
  0.25095557921719119       0.88510575862511398      -0.39192995969743072     
  0.23854125200629972       0.79836224513131049      -0.55291572290916113     
  0.43564051067963261       0.78052138292351181      -0.44833437995982639     
  0.70107915343004112       0.55979148344756857      -0.44172561130796700     
  0.57602094298447715       0.71435691662761358      -0.39735886665529258     
  0.42071021757654042       0.66663108058485288      -0.61530960924154809     
  0.32886282871379469       0.73334874917827964      -0.59502004333385894     
  0.23284158131344124       0.87962854907036481      -0.41477513627486240     
  0.26003866726482849       0.92283062721367515      -0.28418924153380304     
  0.23195568397540409       0.89314493141917983      -0.38534230516742746     
  0.27793528798099787       0.87621898762876638      -0.39369056556356569     
 -0.15688804299225181       0.86280192413013246      -0.48058191984657872     
 -0.12356157584168626       0.88536912716574523      -0.44816743036204071     
  -3.8386118240991286E-002  0.91518198056926092      -0.40120873416182556     
  -4.0501033497496799E-002  0.90727727933113023      -0.41857807479031101     
 -0.29452942765254675       0.86573992738876138      -0.40465639049887053     
 -0.13177294434183295       0.86334294760500641      -0.48710865929502895     
  -8.2947967136322159E-002  0.87797542537215612      -0.47146451318264432     
  0.14740973543182770       0.92167980267847494      -0.35885472162771137     
  0.25101994335655470       0.84304987223640204      -0.47566364267144229     
  0.45972780788944839       0.78396393902627370      -0.41719406151044530     
  0.39692022836406066       0.84999699674971607      -0.34635161011881932     
   4.9561412158548313E-002  0.96607725694182012      -0.25345295430243792     
  -5.1435055969591675E-003  0.99656220069508605       -8.2688115808480456E-002
 -0.14126698145119074       0.98314168394003254      -0.11608647316221135     
 -0.54322776116160632       0.83254904088365955      -0.10846978393567856     
 -0.65919502018605725       0.74344926795740385      -0.11289424846074209     
 -0.60104580121728923       0.76971593566092489      -0.21513094437735747     
 -0.68319224242293697       0.66113901020547805      -0.31007026474275745     
 -0.78592281101763850       0.55850087279595606      -0.26533395977200902     
 -0.79675631550432735       0.57480744375748394      -0.18648264344156867     
 -0.69209685572375912       0.71964809993325696        5.5754412917235562E-002
 -0.51938085008742085       0.84522860872790229       0.12582579842926536     
 -0.50315318847356894       0.86404495724429975        1.6222847764403782E-002
 -0.48343993276084812       0.87519403863937917       -1.7922782771731885E-002
 -0.33708668862921443       0.93808916963658129        7.9757596249823676E-002
 -0.25204652045640791       0.95875766129412898      -0.13136323091196001     
 -0.34111521809673573       0.93353059696464902      -0.11027707156816413     
 -0.19091248750486575       0.97259430744859454      -0.13271298065112958     
  -7.6648048504366947E-002  0.96254862824936627      -0.26004848570170802     
 -0.23441542822506589       0.92981700672590717      -0.28370713951774001     
 -0.23307246895741132       0.88517350302421605      -0.40267243977944944     
 -0.17858395885942108       0.89672497784887506      -0.40495936060305243     
   6.2993501301312940E-002  0.90386507845747288      -0.42315450929757942     
   3.5484281286097701E-002  0.92376898157512577      -0.38130268089965663     
 -0.23062303894964817       0.94018785967296248      -0.25071857216649396     
   6.0756624400592998E-002  0.93615726207320182      -0.34629209240042047     
   6.3184248483841882E-002  0.97536752011590566      -0.21134320771315443     
  0.17671142727043532       0.92010542379750404      -0.34954124301785472     
  0.42123974590854024       0.87701210327522949      -0.23109921500444247     
  0.27846819711235443       0.95649467959286982        8.7025232591049481E-002
   9.3181085033198080E-002  0.98852372638287933       0.11890385935767493     
   2.3431915387632563E-002  0.98339430494435254       0.17996273598796611     
 -0.11284635894476530       0.99339681935216340        2.0699240901501239E-002
 -0.18230107036222107       0.97339743210039253      -0.13879394412274210     
 -0.29617886112210923       0.92571489800220319      -0.23522331908460783     
 -0.33930166124405370       0.90149127909343929      -0.26867797899252849     
 -0.39463012953771665       0.88975366184530613      -0.22935885004490497     
 -0.52633459016985684       0.76244121704323875      -0.37637121269347001     
 -0.71570002152867673       0.45400295430381249      -0.53071159462297901     
 -0.75632341752574050       0.51806080806991450      -0.39948452691453595     
 -0.79877522761352648       0.51406805147728130      -0.31255747343698348     
 -0.59023300598840134       0.56478271096004640      -0.57675427006873992     
 -0.41829031830600644       0.57497751025867971      -0.70316006165609712     
 -0.52768288682092268       0.55809278823608999      -0.64037739706770958     
 -0.48060760958659871       0.67045135559118629      -0.56525331082038344     
 -0.53001610120551279       0.68906636388639120      -0.49423726956117897     
