  -9.8484207646920729E-002  0.78792554804195691       0.60784388751301377     
 -0.14761154691276018       0.80147760325468531       0.57952090790509636     
  -8.9551746073382718E-002  0.78704829334116533       0.61035683720588307     
  -3.9450239714546025E-002  0.78526459463908482       0.61790225359095674     
 -0.17404636116296185       0.92855931928786062       0.32784974413533224     
 -0.17245076736588869       0.82324652075923677       0.54085663432440323     
 -0.24913389278901979       0.75478111077177079       0.60682598682482425     
 -0.21156733591415500       0.85819844977307347       0.46769079869213337     
 -0.23135202962140794       0.86668591478382528       0.44196353187268544     
 -0.14754480819408067       0.86796787636123696       0.47419647318378233     
  -8.7185997062833392E-002  0.95513495585392250       0.28304737769863553     
  -8.0223509096415083E-002  0.94893106848305808       0.30511311977013444     
   3.7790882272836737E-002  0.94939236107153180       0.31181083040212931     
  -5.2581955759085613E-002  0.96111694814622095       0.27108919180711843     
  -1.4174134341971557E-002  0.90937772845951570       0.41572976907777698     
  -1.9301269292290721E-003  0.85661884757680273       0.51594614504444181     
   9.3835319015481117E-002  0.70348678343438720       0.70448653531377015     
  0.35255341984696470       0.64568472672022692       0.67734579044564147     
  0.43979310546406269       0.45347948770924862       0.77520215338531728     
  0.54514039751398624       0.59728424148324510       0.58828010494498328     
  0.58298340980721486       0.74254003867684304       0.32979483751469518     
  0.60699600052066216       0.60133680431870007       0.51956703429268170     
  0.61349328974481332       0.67990025832878664       0.40169842190695343     
  0.55946366140382164       0.67489283512999976       0.48116532778122861     
  0.52441541014254489       0.73728810920699828       0.42590459216471821     
  0.46354654699462744       0.87165618631275299       0.15918571428389328     
  0.37088109370027622       0.91309321836546808      -0.16943432034473474     
  0.36094987831215714       0.93191676385981348       -3.5303407533787919E-002
  0.35198093849438894       0.93600140797051434       -3.2837804171761470E-003
  0.40435624124778347       0.90928077057487999        9.8511473579071765E-002
  0.23614275008756891       0.97161992743431835        1.3831782011150876E-002
  0.20646145849812508       0.94400202075555639      -0.25735938095248595     
  -3.7537850154336999E-002  0.89176408933150630      -0.45094092604746039     
   8.2671225782393151E-002  0.92514255009091428      -0.37050874542839157     
  -5.3445882949058235E-002  0.87438921508513479      -0.48227278394970380     
   6.9550594695467843E-002  0.82709138334398091      -0.55774775515070663     
  0.24728006523623564       0.62089751443225638      -0.74386749217089632     
  0.20953906271521852       0.76340580119606061      -0.61098687702490384     
  -5.3042733810761342E-002  0.76542898593839104      -0.64133059795648428     
  -6.9173583057658777E-002  0.80788019403107303      -0.58527310505378183     
  -1.3240358919996045E-002  0.91438152510250137      -0.40463702184415085     
  0.10333897442012586       0.93556204192380799      -0.33770508150924172     
  -4.4940181942658829E-002  0.94086655332624469      -0.33578342555726343     
  -2.4123892248035420E-002  0.89315049150040338      -0.44911049570836381     
 -0.43654048064914741       0.85754342214072854      -0.27212439783635806     
 -0.33536982616198791       0.90741143583477590      -0.25324210909005007     
 -0.29751130875361664       0.92494749130207199      -0.23655688427465871     
 -0.31099955841911697       0.91781428084521122      -0.24677159589330261     
 -0.39463927605426641       0.90895546731719801      -0.13438675615382098     
 -0.32097848504236687       0.90324973224554750      -0.28480297283959544     
 -0.27303082348262908       0.90657216797671136      -0.32184013683569113     
 -0.11894245239954995       0.90721468033935060      -0.40350243715988299     
  0.18280113684252419       0.83741836877918907      -0.51508661407601097     
  0.32930403332915986       0.69128223412208956      -0.64318560806374481     
  0.37551208499577438       0.78393778821636240      -0.49440086794885135     
  0.25740922517106102       0.93897258463204192      -0.22819065735974167     
  0.33880001631396339       0.93907023539894030       -5.7979668276492188E-002
  0.26550224615269591       0.95787273161216502      -0.10949149428944654     
   6.6084556874039455E-003  0.96881769556287545       0.24768649756834221     
 -0.10476299846944076       0.93521217574259341       0.33823497822446980     
 -0.13657715797441367       0.95197180925305946       0.27403714037897825     
 -0.21023580970839312       0.89852069098546461       0.38530698434788574     
 -0.21582220604768562       0.83606911759449609       0.50438993445693892     
 -0.17727524807196998       0.86795127658936255       0.46393325801015423     
   1.1374566041133238E-002  0.87547793464235535       0.48312421301539044     
   8.6919813953384370E-002  0.88638823224781915       0.45470963006615117     
  0.12824771027615300       0.93658471890422335       0.32613124524343384     
   6.8091631785984291E-002  0.94889291868852021       0.30816514816492097     
  0.21747000008936684       0.92118490074849591       0.32268433134275998     
  0.13367765677546159       0.98085028713895683       0.14164391373598689     
   5.8929466798314692E-002  0.97890390510760539       0.19563860178388418     
  0.16520393994576396       0.98408089052403169        6.5516861431540105E-002
  0.11998814683574310       0.98663640895989690      -0.11023357534644222     
  -4.2070946344964472E-002  0.99860028061857831       -3.2054875169636454E-002
  -6.2133552332352800E-002  0.98144618664566630      -0.18139130186765384     
  -4.5829226295881993E-002  0.97670785541861693      -0.20962215336335055     
  0.17410664795079611       0.91933059103645953      -0.35287127897279874     
  0.18876296187370734       0.90124198316106252      -0.39004029537033713     
  -3.7336909542505466E-002  0.96955583938708845      -0.24200708563225012     
  0.19803003647967723       0.90057710146993430      -0.38696897674087283     
  0.31369961785892231       0.91694206771290543      -0.24659641970951562     
  0.24146731777501335       0.90815935973255801      -0.34196507391354458     
  0.50458324825557099       0.82311165933420427      -0.26054355077021418     
  0.47490903867604850       0.87910524839873583        4.0439673856071043E-002
  0.30810536615812978       0.94557088168725012       0.10472244768800636     
  0.27372413638587451       0.94912530051359856       0.15567999577585956     
  0.13751544254602616       0.98502374443921037       0.10400829751664303     
   1.7750248514864037E-002  0.99571100768729237       -9.0799327354414067E-002
  -7.6929608953370254E-003  0.96002627486021153      -0.27980416353350712     
 -0.21897675170612060       0.95314144100510445      -0.20873565974926014     
 -0.21909908989931190       0.95115820025070308      -0.21747107141213992     
 -0.41042530125003557       0.82646142594343341      -0.38537330411091342     
 -0.61131637971673147       0.59378874953238014      -0.52317034015586494     
 -0.63314890985846051       0.68582145866687727      -0.35884730008330656     
 -0.71924694460736172       0.61986573787463117      -0.31376790734890941     
 -0.46595568233295553       0.75460474958457313      -0.46201404091871617     
 -0.26884172723693006       0.75729575684298633      -0.59516994410326896     
 -0.31535817545393069       0.69328532703953061      -0.64800052197977998     
 -0.19977492243221501       0.62050493717757416      -0.75832948202312711     
 -0.27553124689369562       0.65792962063020866      -0.70086457057165263     
