  0.47006765538334555      -0.44183598952537351      -0.76407941846547733     
 -0.31861398733901736       0.39339125328197228      -0.86239692074657592     
 -0.12064607682098441       0.57096449131127658      -0.81206161946576016     
  0.35705791400739390       0.92349397229787833      -0.14024453349127391     
 -0.45215123826775777       0.88192968827586515       0.13326395863309243     
 -0.81690582001075362      -0.33117087732369177       0.47221894418290250     
 -0.88557424766723492      -0.38607762769845383       0.25826791759597123     
 -0.46261506384086148       0.21054145390833093       0.86119660873328185     
  -6.3662146764877997E-002 -0.13237320006784747       0.98915340922078077     
  0.74374831993298784       0.18166187840817494       0.64330194973282195     
  0.10059544394687654      -0.90548310711642288       0.41228739901182498     
 -0.37726268266167273      -0.74520992312337586       0.54985001477618001     
  0.54215264780700800      -0.53859074710922228       0.64497326580580427     
  0.58740374615098523      -0.49673224312182607      -0.63891620550034078     
 -0.27652361459846453      -0.82114486325658009       0.49925524946335759     
 -0.74041846789883659      -0.60560440171318419      -0.29158841029775229     
  -7.7142138510030475E-002 -0.28032988848999446      -0.95679895698381323     
 -0.52491664118460235      -0.19317246419332684      -0.82894325432141058     
 -0.13767822290148424        2.6051200743750343E-002 -0.99013435546824824     
   1.6235311717089727E-002 -0.30496510179279945      -0.95222513164797173     
 -0.89600944073377098       0.23390429458648215      -0.37743325647059167     
 -0.85348568060561236       -9.8838429416235371E-002 -0.51165726602068040     
 -0.95494796884392286       0.27083734653617564       0.12133222375837402     
 -0.30435774340232652       0.10951827141040643      -0.94624104342306903     
 -0.34590578956306339       0.12315959289162876      -0.93015100893648772     
 -0.82124097153373854       0.51996246314088290       0.23495170482221331     
 -0.83242645951098482       0.48929850774664008       0.26010221033852060     
  -7.5418285566249951E-002  0.99700924794207291        1.6871328349424564E-002
 -0.20118517891032955       0.74618852824619020      -0.63460791367634695     
  0.51833083629567378       -8.0263257940417387E-002 -0.85140528161965845     
  0.33483753433850494       0.87866785558934868      -0.34033310910365533     
  0.84639250803007038       0.42186339324425137       0.32503999721730664     
   1.2848349420151872E-002  0.89671067393382276       0.44243065803617188     
  -8.4711230694654874E-002  0.95745058240445913       0.27588473978743394     
  0.67746091473560921       0.52076805994633590       0.51946832121441233     
  0.97922871028313851       0.15044155871214904       0.13593553755168664     
  0.49040074447924803      -0.49914198357513434       0.71439792136237323     
 -0.52639008246819585       0.38271293782066756       0.75923928264006235     
 -0.34791922381155910      -0.34525033826301937       0.87163892617966388     
 -0.44617174579920194      -0.73850756433266485       0.50550702336754427     
 -0.78128462240977536      -0.58807894126634253       0.20918292861767182     
  -8.1762479880718109E-002 -0.20993804923056994       0.97428995292418641     
  0.30806541840135543      -0.94098472967209812       0.14015504453688915     
  0.74616517282264094      -0.58190394732900597       0.32345839137283172     
  0.90646055148686266      -0.40956849821389874       0.10287329035747467     
  0.65657709615683846      -0.12955011276618814       0.74304998828109314     
  0.54246591858490900       0.39912572301248983       0.73920862035260981     
  0.92728856387128300       0.17576904085573489       0.33051651031411611     
  0.97674360716683539       0.16466467706056676      -0.13732250357206693     
  0.19548271441658441      -0.87510929853862263      -0.44268524255454755     
