 -0.39733052337309305       0.60148990117625123       0.69306446596189064     
 -0.33003895151177448       0.65995768518646203       0.67492973282285895     
 -0.20084034592056033       0.72591588371102855       0.65780641926523276     
 -0.18619988653199593       0.75156012792605642       0.63284040355151627     
 -0.38940642472539400       0.83750422046440498       0.38333968890124315     
 -0.33083705836988903       0.75609763089776161       0.56467974406732913     
 -0.38407253132166425       0.65345570523731733       0.65229129380743045     
 -0.37235238490357686       0.76985862331562527       0.51833522122579478     
 -0.51136671931079880       0.76124704526703146       0.39875683624676017     
 -0.50289671834439376       0.77289094483699206       0.38695539544942925     
 -0.40823018388312549       0.88101860797477505       0.23906971654504749     
 -0.41132674550355791       0.89085627144999857       0.19283519401723509     
 -0.38040781673004670       0.89417027670948779       0.23611312801274320     
 -0.37007715729133994       0.90516451625578065       0.20909351057025582     
 -0.32957444495814453       0.89199341265920806       0.30940012443938308     
 -0.39760495954377800       0.85350207348919671       0.33681524118695350     
 -0.38574561972734683       0.71381039813847613       0.58452975319529576     
 -0.15616232184840331       0.70813646736933777       0.68858991629023059     
 -0.17690387068793700       0.55343742202793367       0.81388699487994076     
  -3.6100859569582297E-002  0.75861701756158129       0.65053589340198037     
  0.19174966618240688       0.86065955335455835       0.47169608726219819     
   3.5247593644841597E-002  0.78891848157367972       0.61348613397022078     
   8.2218488894132830E-002  0.86387545846242886       0.49695000991074950     
   3.2576688371981390E-002  0.86845595111594942       0.49469487600540551     
  -3.6437309741514441E-002  0.94978911939539457       0.31076188816668010     
  0.14954104687874858       0.98331106772336174       0.10361862473106674     
  0.42192426928114546       0.90214610316317745       -9.0068415879647173E-002
  0.26481667338113513       0.95787584478007903      -0.11111253523434245     
  0.15616956884338615       0.98770682181626124        6.8044033460541026E-003
  0.18426314164742552       0.98273133765350873        1.6917819716801796E-002
  0.12434710757761167       0.97789802462996078      -0.16808703180762627     
  0.20432617323346347       0.89266612150489522      -0.40174371239531809     
  0.17706958905454961       0.75210520657691216      -0.63481030148537743     
   7.8472041936831383E-002  0.79996348354683722      -0.59489542242807514     
  0.18473821999712137       0.70757634711747697      -0.68206121651372631     
  0.28577440020153788       0.69926801283783557      -0.65525356802636459     
  0.49874259640570251       0.55910236850845529      -0.66231439970662231     
  0.44640451556100863       0.65201469932334555      -0.61286200759473286     
  0.25783614074508837       0.58255926065992303      -0.77080816831755017     
  0.10164189394912497       0.61492916130937514      -0.78200450891653817     
   9.6137605605100401E-002  0.78762053070373017      -0.60861437742013891     
  0.21516599929180547       0.79483248784750571      -0.56740189373222472     
  0.16125001970555330       0.75701091354390460      -0.63319263097449163     
  0.13237675077234315       0.75533192384859427      -0.64183337453747180     
 -0.21065218928970841       0.73755872328056482      -0.64158614765299982     
 -0.21794951463822976       0.85410043346571018      -0.47223983167737571     
 -0.16574810942659152       0.88147269710115861      -0.44219164226242563     
 -0.15188712175952546       0.88718293838963314      -0.43570257753881891     
 -0.27986383410562848       0.89398261406876689      -0.34995902631948211     
 -0.26674261310968084       0.83081776625709780      -0.48845697622513717     
 -0.19920157536440677       0.84134197946760103      -0.50245637219353789     
  -6.7042996181479173E-002  0.80334239333179658      -0.59173155715997183     
  0.20984779544753762       0.83077022805782508      -0.51554314166572346     
  0.42832688679253950       0.60217661518894217      -0.67373540961582823     
  0.40583645831492193       0.75229009500862454      -0.51899555109300188     
  0.26738634266693223       0.91561305254650438      -0.30026202184373563     
  0.18696949339080060       0.98219169479903234        1.8490084072445664E-002
  0.19371509339483006       0.98102394822448946       -8.1532570840609775E-003
 -0.13217060752644039       0.96530700278053938       0.22519618311363229     
 -0.27862472787684983       0.89100291270129794       0.35844395736762757     
 -0.26295608757254618       0.88027522116861845       0.39492990644553583     
 -0.18641811979565165       0.86382532377094134       0.46803215127155756     
 -0.40538338098201748       0.75200544572992978       0.51976160306059760     
 -0.13201919542984705       0.78929211242920672       0.59965731321738691     
  -6.9427904949271813E-002  0.81548715053839627       0.57459592177558072     
   2.0650223865090210E-002  0.90380924949608288       0.42743702317376436     
  -3.8577112516321163E-002  0.92437287912573118       0.37953469765848696     
  0.10606617968682699       0.96269224862380331       0.24894497377189773     
  0.19486092745451042       0.93187663226848738       0.30599862938176575     
  0.35787074954362569       0.88669401751172328       0.29274945931632684     
  0.31914002207358982       0.93524994552254181       0.15315738869201220     
  0.52816015150335227       0.76699726644616795       0.36436526676959047     
  0.47298547699904181       0.81997266172822780       0.32238109833910911     
  0.29612490435155259       0.91852428527832208       0.26196026106402853     
  0.36021533907161601       0.91678107564591915       0.17250324296960029     
  0.49467141119009478       0.83591086876060294       0.23780919754940821     
  0.63823224149608082       0.72069650796137041       0.27065873222044384     
  0.72174973578155832       0.56883002350824430       0.39434721154695623     
  0.71363186925127942       0.63170658968985793       0.30278100952889192     
  0.79980475103999327       0.57748361116609548       0.16378351274907896     
  0.66525628914838097       0.61378471617173391       0.42509103959329964     
  0.75982177095548298       0.59136160464555898       0.27011539928909595     
  0.76753519077843158       0.44053823000507142       0.46563483420026869     
  0.68238674713746894       0.46515025464019771       0.56390031737825586     
  0.66024234022182460       0.38434715412287968       0.64525755888331482     
  0.75648122882647240       0.36952800900321642       0.53961579016491001     
  0.69625839939922096       0.51334072858009239       0.50170263866844034     
  0.69127164568486255       0.51557751208239033       0.50628385408490773     
  0.77081466106730490       0.56546864189986756       0.29341092909366623     
  0.63278136017899378       0.72235233264266863       0.27891729551199407     
  0.69147968272955218       0.64721024571540253       0.32089678436103419     
  0.72057759238326236       0.69014985220425629        6.6791577744365088E-002
  0.68395360856503273       0.72840423318117575       -4.0431849013027571E-002
  0.59126409485321252       0.80632153527267159        1.5885587585284300E-002
  0.45779458769947862       0.87254733576387555      -0.17054401872955044     
  0.52818341739715413       0.84788465258721724       -4.5977097491262248E-002
  0.72209072701721799       0.68901549009835972       -6.1989001930003271E-002
  0.69186188814401084       0.71708425231415518        8.4364108582146491E-002
  0.91672567753328560       0.39394315098507710        6.6504330258186417E-002
  0.88234107796018746       0.36387903345670197       0.29843972784242273     
