 -0.82872143824667721       0.33134515184374169       0.45103344459141992     
 -0.76577851202934977       0.37010954408049390       0.52592983932711523     
 -0.61556770399031069       0.46165794206620475       0.63870834214944727     
 -0.61878435538277188       0.48452052026719322       0.61834115743135043     
 -0.76681556250094940       0.55658037868728993       0.31970638899883230     
 -0.78940875272549305       0.44804238262700125       0.41963298784806613     
 -0.84967711978319493       0.35412784605599285       0.39069458758047837     
 -0.78978421049426095       0.56505407778197514       0.23865202709368449     
 -0.83453269272149144       0.51413620655605952       0.19803824349645821     
 -0.77610347621334785       0.53468794087811899       0.33432349616663060     
 -0.72776630939460085       0.67332587065337701       0.13033982821464857     
 -0.72376322135445825       0.68047270230413315       0.11455872220627222     
 -0.68305309068253017       0.70927160561400426       0.17427640339065020     
 -0.67604633912713408       0.73561275542533622        4.2839484221201721E-002
 -0.66084317297184980       0.73978093648247867       0.12653247311895532     
 -0.69973484653500828       0.70206891458110532       0.13217557914959388     
 -0.67739091458487510       0.61306980465246963       0.40655499438728632     
 -0.60341878091095136       0.65916910662573058       0.44875590660644638     
 -0.61973871960876692       0.52577590864319967       0.58265222329285116     
 -0.42849311635207588       0.74992624524307883       0.50398836884843545     
 -0.18784580949621071       0.90358802021387319       0.38502291046207249     
 -0.17064338036013285       0.83252121526604883       0.52705717229841953     
 -0.21883808239814861       0.89263660781745158       0.39409361841630125     
 -0.19550908257762820       0.91557084668602229       0.35143452210659759     
 -0.34221835472891560       0.90785613212285099       0.24224747894161364     
  -4.0958746556946694E-002  0.99395482781311295       0.10186354277903521     
  0.18679792535589271       0.98193206590404747        3.0264715960123284E-002
   1.3158342306943484E-002  0.99418116725008487      -0.10691428675811560     
  -1.2295823174739597E-002  0.99990036604544719       -6.9333047415546245E-003
   5.5150273286484072E-002  0.99838633365324625        1.3534257676676001E-002
  -3.0776346255162769E-002  0.98220791984601030      -0.18525770888940774     
  -1.8745185572691773E-003  0.93344642066995520      -0.35871195396672051     
  -4.1990232978437216E-002  0.84820753955942885      -0.52799696037852206     
  -5.1798258631510177E-002  0.89195528149094605      -0.44914665335851434     
  0.10878112657382262       0.84164261629859127      -0.52896537970966706     
  0.22380897485381163       0.82202260255953197      -0.52363000645125879     
  0.48436597603258047       0.68487871985159399      -0.54436269192189912     
  0.40177008830496358       0.78356503781423448      -0.47392681677513937     
  0.23399680424332039       0.71762923054626038      -0.65593733166325385     
  -4.8023910634631468E-002  0.74509397948437384      -0.66522828092580999     
  -9.0042026875880643E-002  0.87614996007397883      -0.47355430613442684     
  -2.0642340902323222E-002  0.88036240419777978      -0.47385222489420525     
 -0.12030196204241028       0.85604831413028537      -0.50270142411123164     
  -3.7980053916744062E-002  0.78539820497140955      -0.61782455044469498     
 -0.38332835271592630       0.76559122533185475      -0.51665215541888754     
 -0.38790284159296373       0.85529708632770518      -0.34350877660326379     
 -0.33455839527424264       0.87329035309113434      -0.35416753006099577     
 -0.30967765248571005       0.87642554700902731      -0.36875196555529854     
 -0.43761385937105690       0.89902354953083163       -1.5835639404871288E-002
 -0.52091112001420659       0.84278065623947584      -0.13554471776547330     
 -0.39961157480395459       0.91599111594779814        3.5649190557784718E-002
 -0.28017112456103638       0.93948544614194918      -0.19715789979019838     
  -1.9500171428123193E-002  0.98298763920438581      -0.18263363459579490     
   5.8317651179489179E-002  0.92060928286382893      -0.38610568484012808     
  0.13279279485445117       0.94892884906589670      -0.28618195793101736     
  0.13954525609247195       0.99005785929922563       -1.7679274361153935E-002
  0.29552171504397101       0.94607574311089970       0.13269364805689066     
  0.32768625618992281       0.93857258807192867       0.10818139592466117     
  0.27079308805996521       0.81089743877231213       0.51876434655001014     
  0.27755357069578784       0.74815217547268809       0.60268759546676820     
  0.34714360012388934       0.70676119654132252       0.61642512274931316     
  0.24723644831157843       0.69739327680172314       0.67269365694796979     
   9.1106345197552507E-002  0.52647894128513573       0.84529258736134294     
  0.49123246604808246       0.41353411749541957       0.76660302501856004     
  0.45330822775612406       0.42488486808474540       0.78357163011509079     
  0.49216270231021503       0.43835053804809437       0.75208023524598400     
  0.46426124653817158       0.48925646200458078       0.73830184162684764     
  0.51582693606825336       0.54032444187109629       0.66480979952399433     
  0.57586438339068302       0.53412168684750305       0.61894606839470145     
  0.68189545823233733       0.40519703956617242       0.60896136426617520     
  0.55986611281038812       0.36937838789156896       0.74169369842625621     
  0.71788983583149579       0.36285531099246277       0.59411295802600206     
  0.81502950552759112       0.18520307124953667       0.54902343075610927     
  0.82349302447144201       0.26166255828094098       0.50338051634996306     
  0.84446064565545242       0.15324896487362005       0.51322604445248077     
  0.85356807620401909       0.18006537200604231       0.48887421806605635     
  0.88586389917023534       0.22297198647600303       0.40685211735206217     
  0.89019196541404522       0.27482345391375712       0.36335978573748900     
  0.83998502565025079       0.35503429714425339       0.41033620914396107     
  0.78505597416385597       0.52188086083522234       0.33365773559672607     
  0.86409905358453143       0.31186954424431279       0.39505722745846183     
  0.80708145069601200       0.46363624230921574       0.36559672695446455     
  0.82442477685699211       0.52595485155597410       0.20903416330597127     
  0.91147820076537345       0.41087660925997299        1.9695214965533975E-002
  0.93591038095265344       0.34554337468160340       -6.8348628652747420E-002
  0.96591776966933351       0.25427370114747411        4.8453556544162113E-002
  0.87515090292108766       0.35049894394104347       0.33355867161955388     
  0.96355445145808827       0.12710570063374912       0.23538683043386574     
  0.92447013509402687       0.32564047874231566       0.19827568666808576     
  0.86945382668609983       0.21747304058768607       0.44357132445465075     
  0.93907375667310855       0.18324412807367421       0.29079557949594398     
  0.86242261536478737       0.44644313686712395       0.23857023714537925     
  0.83108456278422194       0.52398452477529733       0.18638311966957416     
  0.77624515799169347       0.53508838585064977       0.33335247715022881     
  0.64412485823831533       0.67738188558617773       0.35532653725718777     
  0.45589379992965468       0.74172556633015951       0.49193904849880393     
  0.58814362045200508       0.65303417304413269       0.47710947439575119     
  0.59300208045444491       0.53973177693115493       0.59752668689142729     
  0.85724588327712170       0.40579812378808994       0.31695011963161784     
  0.89520945292821341       0.19485722000361133       0.40078759861106455     
