 -0.84847414320682235       0.27385611024306095       0.45287355762065068     
 -0.78824059149385828       0.31357758539901043       0.52947697575696395     
 -0.61759644227592192       0.43736329623752768       0.65367268689487878     
 -0.68567978981167532       0.44462962322783495       0.57632258674469494     
 -0.79070251711991391       0.50788859414134147       0.34181677162095347     
 -0.80480690135802391       0.39725065322705194       0.44099633789541975     
 -0.85775880425582973       0.30344589819189105       0.41493423646660960     
 -0.84655507054964263       0.48210629917204351       0.22565023559777725     
 -0.90164489622588784       0.40834003208229819       0.14246016744633283     
 -0.82529725496662476       0.43605101536469465       0.35880907589410005     
 -0.78306493073609185       0.59455580344064896       0.18251770009046903     
 -0.77252477561259114       0.61493223872431158       0.15831554832747186     
 -0.74062395419288052       0.62552657119210986       0.24534193935882695     
 -0.68833008570678622       0.71025429275782914       0.14744671149252325     
 -0.56096117612174579       0.79095933533362028       0.24434788464953214     
 -0.71325704659198508       0.66146687537941395       0.23178860684397015     
 -0.72302265612872318       0.54582459533891958       0.42345454283508449     
 -0.66403968862423579       0.57285143073508205       0.48051277843216067     
 -0.69635277111647953       0.41717697678717008       0.58400016112764663     
 -0.49884345858621187       0.64933444318313516       0.57403831293895247     
 -0.24632629668926884       0.81901931766121738       0.51819949137094379     
 -0.22816973400117851       0.71720215214864114       0.65845246255078227     
 -0.25863313063010329       0.80034505734074624       0.54088510141314738     
 -0.20057095440170153       0.83843479447822733       0.50675278751936159     
 -0.36954056483775299       0.86113065394569632       0.34913287982436003     
 -0.12114254360029390       0.97673545397717154       0.17695292332727666     
  0.14893087403984653       0.98294789538130933       0.10785652378594260     
  -6.2705855265316850E-003  0.99932796731832785       -3.6115003704563609E-002
  -3.5300606041610193E-002  0.99592705962735384        8.2964806485115838E-002
   3.4740633429886689E-002  0.99524822211460184        9.0961886340488143E-002
  -8.8258770901760514E-002  0.99224989135510155       -8.7467379431983738E-002
  -4.6945911913103315E-002  0.96158333207282665      -0.27046917908398577     
  -9.4343556588517008E-002  0.88947362963075294      -0.44714198586324611     
 -0.10197247017253462       0.92567264146210171      -0.36432372442031924     
   4.0440937080526346E-002  0.89189333763838985      -0.45043401834708741     
  0.17209950290237813       0.87291365582966485      -0.45651233342249642     
  0.44924050521158732       0.73033471772353975      -0.51458154705054027     
  0.35744815919250333       0.84426196946282106      -0.39931508913221603     
   7.1827117320676120E-002  0.82744242580201288      -0.55693796530699879     
 -0.21588684384228604       0.82691268609840118      -0.51923817292776020     
 -0.15947671284428852       0.91028119195833856      -0.38204100516475936     
   8.6843698827081262E-003  0.86865490051854521      -0.49534154431550642     
 -0.10424882433670959       0.86114919525846290      -0.49754823497841499     
  -2.6704323134911882E-002  0.78187231309136729      -0.62286641035384516     
 -0.37416737736911260       0.76999720643519776      -0.51682015807699866     
 -0.34798136504625632       0.86570968253675840      -0.35979954855819535     
 -0.35620508808232165       0.87738678812471227      -0.32141928885567872     
 -0.32609017256096279       0.87885058897178858      -0.34826260439951506     
 -0.43224461449373447       0.90167930737737623        1.1790669558105059E-002
 -0.54979308778648472       0.83275466639615647       -6.5170746640265328E-002
 -0.39666587160259204       0.91796306367551772        5.7646343170902892E-006
 -0.34563097305750146       0.92793286678655063      -0.13957014437420409     
 -0.17616107324823832       0.96451738873855342      -0.19665574767344618     
  -1.4616929298614627E-003  0.92765646851204286      -0.37343184101192584     
  -3.1912291646840688E-002  0.97045125209216454      -0.23917770162499799     
   1.7873822329231631E-003  0.99958173508164461        2.8864513783246754E-002
  0.17935644729492609       0.97110343599595916       0.15744643981559409     
  0.20061915993789664       0.97252317548760414       0.11811276732570972     
  0.18098645159346183       0.84955356926807912       0.49548222701070199     
  0.21674076623022176       0.73282224295241916       0.64497674414519646     
  0.32189710242056546       0.72076023952335300       0.61391117645428750     
  0.24135585016535124       0.75158351670826351       0.61389703615785862     
  0.11817903497719379       0.69191251180121527       0.71224349186552849     
  0.48774852103827881       0.49817661829203108       0.71688314055506497     
  0.42968616923952024       0.63823717576618688       0.63876686156553253     
  0.34726907574695964       0.63579081164019224       0.68932882782004923     
  0.28970493546537091       0.67245175499336018       0.68108713654962649     
  0.35470280984468439       0.71551220122312420       0.60185397447315681     
  0.22552849511183651       0.78142884384302658       0.58181256423590222     
  0.43964964536241269       0.65476260804238418       0.61481226113525200     
  0.28196338345012201       0.64646324280667333       0.70893012779345821     
  0.46213921188682466       0.60895208234195730       0.64467411166265653     
  0.52790787874649525       0.42473895068513057       0.73546590357969055     
  0.56542190519091562       0.49980994268174567       0.65611591226455601     
  0.51096424931361262       0.47984628626724529       0.71320619562571841     
  0.55114688006196355       0.45603316531155647       0.69876381469985216     
  0.65979678387372420       0.50478645421513613       0.55664965609511141     
  0.70614742712604162       0.49682542063298829       0.50450006201796238     
  0.67621952087131731       0.54496613553946260       0.49572075880252786     
  0.73078134045803378       0.57955431485681630       0.36065971298332355     
  0.82774228528171667       0.35545149610322513       0.43416234644955987     
  0.75753308672646491       0.51850894477938336       0.39660067662379578     
  0.76794045843033398       0.51901912883470058       0.37534863288611220     
  0.77081022008288991       0.46230292002243994       0.43832364156464010     
  0.74208026748032319       0.46843950093567810       0.47945939408824956     
  0.71043411237923759       0.43821264222839690       0.55068416734016123     
  0.46239494673876463       0.60002785703737638       0.65280738660769733     
  0.51460614844388963       0.37843074750517758       0.76939630966518979     
  0.51186184009099267       0.54107605964725825       0.66725868621941031     
  0.32990746650720260       0.64942170484046358       0.68513685700370330     
  0.41251185715358762       0.62051945032598887       0.66692546770597838     
  0.34097599043126875       0.84386539318152520       0.41427837517785876     
  0.33170372960525207       0.78595542938522800       0.52177265047705013     
  0.20658787607519169       0.80547598637009554       0.55545466497263207     
  0.10960061156617321       0.84885028423890663       0.51714688521912944     
  -4.1224197142134170E-002  0.88426042175613906       0.46517101380636988     
   2.3583911497782294E-002  0.81957271747064919       0.57248961553573663     
  0.13145867556823637       0.78266584967607822       0.60840182804514553     
  0.50923298945406181       0.64509358178810761       0.56968064140136598     
  0.58677842770857602       0.51403627865035240       0.62566587009931862     
