 -0.98656387239375731       0.15854005975152838        3.9455989930695469E-002
 -0.97750703036904585       0.15390748770356763       0.14419601522881040     
 -0.90699263328813773       0.19044693112806077       0.37562525152731058     
 -0.95686603258181646       0.17295055096685841       0.23344271805177605     
 -0.92930423461853662       0.36319013588994198        6.6981823745760394E-002
 -0.96210710988426118       0.24665426223032308       0.11623933944136043     
 -0.95496415033395321       0.18505003641679438       0.23194817438190105     
 -0.88066476141881511       0.45141867506044264       0.14370371533757631     
 -0.91857845144630768       0.35783544330385975       0.16783153474253595     
 -0.83951718951782628       0.35851661382983707       0.40826061053214840     
 -0.80715977557687857       0.53997612705606746       0.23857677778904329     
 -0.77971504136218761       0.56808068410252921       0.26330360921030110     
 -0.74734605478380745       0.55874932340804817       0.35954564103898373     
 -0.74799376718249200       0.59277080268487670       0.29854329625778803     
 -0.60820675639558019       0.72120609088347709       0.33158153740420593     
 -0.74222119879187620       0.57317013995743071       0.34725161299139240     
 -0.74901133203476911       0.45562095179656092       0.48103177937377134     
 -0.69966392555123946       0.48430528737070633       0.52527971587241484     
 -0.73079547000919731       0.30191401261866901       0.61219760698530190     
 -0.54017369206172039       0.58559201853716814       0.60439587211527135     
 -0.48958857778711840       0.75024702445302727       0.44433368857173799     
 -0.42449660205105183       0.69413034411517760       0.58136537584006176     
 -0.46107762248655199       0.76128802785693472       0.45590345982877600     
 -0.44316616778807161       0.79333204531527046       0.41740629320114941     
 -0.50773038921792268       0.84758484469697326       0.15430418952388400     
 -0.35144427146030510       0.93090778030606103        9.9486826381118887E-002
   1.1834828485309888E-002  0.99748195457434297        6.9926297866232529E-002
 -0.15333902583073342       0.98343232012091086       -9.6685132770715915E-002
 -0.15826108953867371       0.98709916370138717        2.4262492824482330E-002
  -8.8321826487533242E-002  0.99583305685202106        2.2710742979250857E-002
 -0.18093228756488494       0.97744547354019873      -0.10892131826374661     
 -0.17985303450725451       0.93558009266847042      -0.30387954222189101     
 -0.13511448050381158       0.85116618411666878      -0.50720824537309939     
 -0.13280884330627354       0.89230744360133385      -0.43145015614008880     
   1.4040414413724618E-002  0.85986919476525592      -0.51032130531346809     
  0.19261563779127916       0.84838519808556823      -0.49309408001676341     
  0.46315248831785299       0.69377344070119884      -0.55151444726553733     
  0.37372806345132475       0.81277950128725274      -0.44689687499040126     
  0.21114065586799893       0.76575039101074749      -0.60749153253896038     
 -0.18248930158658500       0.77373948095630030      -0.60665053401108093     
 -0.11748502537196967       0.87591928266683650      -0.46793448159520629     
   4.1958072106514789E-002  0.81276287980592976      -0.58108176825184388     
  -6.7246116961584584E-002  0.81525068973971870      -0.57519064025114419     
  -3.4148956550417789E-003  0.71594058804547578      -0.69815285781609848     
 -0.20864159823846035       0.79004256309738152      -0.57645592370886667     
 -0.29318256981338991       0.84140068419263370      -0.45397011949886718     
 -0.41330586890189047       0.84827050108884716      -0.33108218875945611     
 -0.37552147263665953       0.85922643087621164      -0.34743857597070366     
 -0.42940699024856749       0.90267757364238566       -2.7979184562324243E-002
 -0.53203484799691825       0.83084235429495013      -0.16321734842393507     
 -0.56914617087035413       0.81123645467603722      -0.13404495808602526     
 -0.50323547777701239       0.82096479474147432      -0.26976074529413574     
 -0.35567288651959111       0.87310309167848843      -0.33344833047459993     
 -0.11923242070227941       0.90869996118605867      -0.40006000849115259     
 -0.23522046017939471       0.92952288744882960      -0.28400446620045011     
 -0.22774336534290410       0.97287722556455059        4.0532252838091004E-002
   2.0544387977228198E-002  0.98414676409763413       0.17616206980737004     
  0.10622850054709505       0.99368022602415551        3.6264501652678291E-002
  0.15469951429062223       0.93606554294084166       0.31598949285873884     
  0.22122615277529808       0.85914321318914377       0.46144547734189567     
  0.29925724647546620       0.84150146318269525       0.44980038671983102     
  0.16698572634989411       0.87652563147027074       0.45146271670099680     
   9.5077383822636655E-002  0.83006115440605410       0.54950775338619162     
  0.37689948842601562       0.80613704405321440       0.45616865502723725     
  0.32256832661898982       0.93862948572098137       0.12216531094137227     
  0.20661146175736750       0.96527857699376896       0.15984046004492131     
  0.17842734900595847       0.97295753841215871       0.14668779626701223     
  0.23788234581293258       0.96985704224464009        5.2813891723899713E-002
  0.10092608580078201       0.99486539678271491        7.5344203040508262E-003
  0.39681405389680730       0.91260335060034081        9.8456747371690939E-002
  0.26293009026458397       0.95226516976856557       0.15510903932108733     
  0.43581758541090287       0.88679882567514479       0.15378840992678960     
  0.57464353993076511       0.81330843703208600        9.1182170780720218E-002
  0.64260598769761834       0.76180993261483265       -8.1872896275608245E-002
  0.61549329643532513       0.77932661223886146      -0.11755013185648136     
  0.64669309832355293       0.76208271308272713        3.1905720508329294E-002
  0.72943281572485419       0.68140125756585779       -6.0167213093027846E-002
  0.78116437252851956       0.58187200298047781      -0.22629006880464175     
  0.83782357862886647       0.51349709234612428      -0.18539791596885835     
  0.88086899900339288       0.38951416596165622      -0.26897680403700464     
  0.93567042631356778       0.34070923681293952       -9.1858964029292306E-002
  0.88445694427550736       0.46073002045849815       -7.3917264364618873E-002
  0.93869250015493344       0.34374048131912660        2.6436180801493431E-002
  0.92650920005797543       0.36927215304278360        7.2241118451131417E-002
  0.84276818517627083       0.46010679784479813       0.27936270443941719     
  0.86567207139713798       0.38489324266493741       0.32010788267996571     
  0.81798607290390357       0.51377991124030653       0.25870637282667319     
  0.71931782147245715       0.47073957574674902       0.51086800989872294     
  0.80182758272449894       0.54171885331453118       0.25221659649152234     
  0.69579075261661771       0.70046399987595565       0.15882510334007072     
  0.74664689364472669       0.64911253632557764       0.14550371608883472     
  0.75283176504681459       0.62835954798144267      -0.19598115214748160     
  0.75996106614178482       0.64782870677834126       -5.2698620689161868E-002
  0.71711914764825513       0.69307947100440193       -7.3355128985588908E-002
  0.71840142695963805       0.69228467088880863        6.8127264694307840E-002
  0.64578752186662514       0.76323503149223837        2.0754838096442546E-002
  0.69716040414064717       0.71132843717910610       -8.9326509832158063E-002
  0.76131838691649423       0.64829167175489588       -1.0593492158693207E-002
  0.93176570050998520       0.32626085745101463       0.15926874222039339     
  0.92661211650551212       0.22445652952596246       0.30167739706236618     
