  0.29950233522145819      -0.94306836207159161       0.14463891473767526     
  0.55630815608361950      -0.23374278193611017      -0.79742432077759584     
  0.77111179615141323      -0.41338666730360557      -0.48424999858724910     
  0.55618789205163377      -0.71790590284503475      -0.41864799461531466     
 -0.28996925357737519      -0.32053887170351392      -0.90176086836079494     
   6.7494788705484698E-002 -0.61746750549524265      -0.78369530632452256     
  0.56072235274395232      -0.61994706313696690      -0.54886800056220797     
 -0.92650759419161399        2.8721646669487740E-002 -0.37517828417685151     
 -0.69637301312525124      -0.71702471795304346        3.0662361866456350E-002
 -0.28398718222019143      -0.92499659303867798       0.25245313070241349     
 -0.76025213058687924       0.34160610715474615       0.55255946783374554     
 -0.96579683732871646      -0.10871572146785087      -0.23540892275267089     
 -0.73072022092937083      -0.48474310739320126       0.48069957204032104     
 -0.67183833206761845      -0.59419099393132901       0.44223333014994570     
 -0.59802639688123227      -0.71345281522909143       0.36517052054474719     
 -0.83767544848020692       0.51961824214353558       0.16821630552705613     
 -0.96984814926305707       0.22525806797102368        9.3023492651111400E-002
 -0.90594843508878498       -4.7856804084886032E-002  0.42067464775402935     
 -0.63006039549345338      -0.22031954343445420      -0.74463628491464706     
 -0.45548585205966419       0.31131598579229197      -0.83403536829303715     
  0.19311416879896623      -0.66942365706462070      -0.71734154011276441     
  0.35577103953031186      -0.86485858975424101      -0.35418439711522820     
  0.10083052048921597      -0.41795877867158188      -0.90285306970141166     
  0.39154753799888403       0.19647951095745836      -0.89893621979592697     
 -0.42480568882809666       0.15464471746160399      -0.89197821615808126     
 -0.84969791950607632       0.15776089438541019      -0.50311524106294903     
 -0.80476014820480979       0.11549620806719484      -0.58225572541927573     
 -0.70586194632398669      -0.13318347293192909      -0.69571623185716880     
 -0.80955439546353491       0.56911258435601542      -0.14398801031100616     
  0.37355220518853988       0.68801515050610074      -0.62216870917209199     
  0.21002848395033930       0.95431491216172393      -0.21253490149927168     
  0.84353058100900302       0.43171204286052900      -0.31950097175410341     
  0.77198981531500155       0.63219424055553919       -6.6046705128268157E-002
  0.37308826157832986       0.86125066833329489       0.34503975911179918     
   6.4845847155878947E-002  0.35880997678030729       0.93115542025461262     
  0.47554713168293017       0.32865077260805176       0.81599239899171638     
  -6.7931335709305513E-002 -0.43090281381224571       0.89983781798579632     
   8.1036951382779054E-002 -0.77407942720486567       0.62788060400746082     
  0.57365533667002966      -0.13737087139184800       0.80749538599489856     
  0.37817699144215400       0.35956321961165305       0.85305126120664720     
 -0.23670771025878307       0.36576425706026106       0.90010330971572128     
   1.0825327941571516E-002  0.96168454199752329       0.27394461841396922     
  0.57006677003408746       0.76345898027366232       0.30356920651215025     
  0.20160440918924100       0.89015534607482660       0.40863078940515768     
  0.38482649902007193       0.83543954151222677       0.39236378289774138     
  0.84335093679803130      -0.49323965452568086       0.21324596269398083     
  0.80835747506790123       0.48822411882512456      -0.32893069528291707     
  0.83216004416587230       0.24766238266177079      -0.49615824603465541     
  0.78906639748982454      -0.19044063118030083       0.58404330862370413     
  -5.4251904434625013E-002 -0.89086517181252878       0.45101660337138283     
