  0.51043230545331220      -0.36911151091459538      -0.77666952692889313     
  0.79718696999687322       0.50207543721731240      -0.33528076325706968     
  0.98621641607960919      -0.14305075320782784       -8.3148437518427182E-002
  0.58008207589492411      -0.66433827049635563       0.47133793352472053     
  0.78427517249841694      -0.53159085498741143       0.31988062882320112     
 -0.35087936610904025      -0.74055226988258760       0.57311953902363644     
 -0.34438065335767143      -0.66305920902527815       0.66464610953479175     
 -0.73866810813287287      -0.22945403905852493      -0.63381406578518962     
 -0.31234165460929947      -0.85832716240661455      -0.40708374208625114     
 -0.18242617531310151      -0.45874373912467975      -0.86964065703859295     
 -0.61088447093719289      -0.22812891705763599      -0.75814072596709625     
 -0.72794782318099416      -0.40414504211152702      -0.55385806093503920     
 -0.68727888940809245      -0.38592307338900311      -0.61539508415325694     
 -0.35001502131131429      -0.29528095285371581      -0.88898742608557202     
 -0.36679102848017797      -0.44898096037922613      -0.81478858524367304     
 -0.15738524691199118      -0.98239901696667842       0.10060842667183745     
  -7.9119446901101745E-002 -0.99525981740176450       -5.6550941526189502E-002
 -0.90205793305311821      -0.29190699475835430      -0.31793362802178338     
 -0.74132814359155808       0.46729790018741224      -0.48173151858639013     
 -0.95139817934585691      -0.26747304738618055       0.15264230494651135     
 -0.97876139389555250       -3.8075057052679058E-002 -0.20143590506687339     
 -0.84477270503125024       0.46659725016035908      -0.26200397511684442     
   5.9404295420187117E-002  0.77715901298828038      -0.62649421243674919     
  0.66811985655053441       0.73934964919905755        8.3534145785936292E-002
  0.43654677486928423       0.83186151665438857       0.34268546870378619     
  0.25035413724903233       0.94228306347462609      -0.22231831739925639     
 -0.54695158450371550       0.74666675547332606      -0.37859308033807204     
 -0.15541224239719817       0.19108394890620611      -0.96919242639608105     
 -0.58008246115792816      -0.25801008426416178      -0.77261577428564032     
 -0.82248413526903841      -0.51222594553005263      -0.24727399369243219     
 -0.97368399604889178       -4.2562214433030925E-002 -0.22389268353575287     
  -3.6392570588231074E-002  0.99881937807754106       -3.2178110304825244E-002
  0.35956108960415717       0.60729687104538144       0.70845347995556152     
  0.17250051745562678       0.98413970736745460        4.1383666587892547E-002
  0.49615531801516244       0.73349897599673652       0.46455263707894712     
  0.85031572130415789       -6.6816979858834183E-002  0.52201404703850607     
 -0.15574404664166630       0.36209103377682939       0.91903964832541585     
  -5.7301027716770189E-002   3.9534508437716095E-002  0.99757386436553797     
  0.19824992562939367       0.43770015161446285       0.87699232850956377     
  0.16731608730821879       0.29391868059267273       0.94107233310012750     
  0.48562607764252846       0.44568196674636512       0.75202054309082444     
   6.9161207388085386E-002  0.88483787208641451       0.46073709153291853     
  0.71340261148495576        9.9467558179053922E-002  0.69365907966114937     
  0.34291865545587813        2.8076202352210720E-002  0.93894543110972462     
  0.80283812180456637      -0.12200720906147361       0.58357963562342907     
  0.40507389308343072      -0.35934874221207852       0.84070424205712246     
  0.43803266972284655      -0.87967026575831953      -0.18522311895707447     
  0.88272698620131829       0.18896743045988013       0.43021433966961331     
  0.96012575584068205        6.7811631678250009E-002 -0.27121968140335112     
  0.61063345954203885      -0.53281373659148046      -0.58586372151478383     
