 -0.10097455482393405       0.95833985268364508      -0.26718694959971340     
 -0.12580644679528491       0.95581660874735153      -0.26568279655908927     
 -0.13153014254189960       0.96896749205510291      -0.20928884572129852     
 -0.10236096724546084       0.96840285936040094      -0.22741621394961026     
   3.3063573066095336E-002  0.94246140392470912      -0.33267597185305076     
   2.7177108073305679E-002  0.92842796865666688      -0.37051708707268816     
   4.3927069515369149E-002  0.97135391050856301      -0.23354227262642913     
  -3.8049440555298374E-002  0.96012362493674186      -0.27697448422511056     
  -2.5025053166119013E-002  0.98894357377121078      -0.14616550417476407     
   4.8764497171329101E-002  0.96589209583125923      -0.25431178310556107     
  0.13660913191266347       0.95214910734332669      -0.27340450337069372     
   8.8673710104071352E-002  0.97180865890826718      -0.21846030213130710     
   6.1250550589686634E-002  0.98546594504451013      -0.15844633542621117     
   6.4268555166488855E-002  0.98555489356634918      -0.15668792099021780     
   4.4720870973191237E-003  0.99607729275086820       -8.8374358855396046E-002
  -3.5878428886808519E-002  0.99202396052958897      -0.12083542558293137     
  -2.3205919234382061E-002  0.99393276021145971      -0.10751350376080308     
  -9.2044074696669871E-003  0.99976794944330727       -1.9476297108667807E-002
  0.10020285818652443       0.99491565556113537       -1.0110664202427851E-002
  0.15306337610221638       0.98530249535558567        7.5832681228181598E-002
  0.19261352556256198       0.97793213847624039        8.0924423418728963E-002
  0.13410816986022189       0.99023357761407149       -3.8111160338971044E-002
   8.8211121244483021E-002  0.99518593646935294       -4.2705385402942289E-002
  0.11242515542891858       0.99365583464907448       -2.9439250402123612E-003
  0.10711822296131991       0.99424325775734379        2.4557511440627122E-003
   8.7568953571716207E-002  0.99615845078626131        1.3891537029656759E-004
  0.11583595715246253       0.99231666748137526        4.3470248092719321E-002
   8.5763717514095922E-002  0.99630089727067828        5.3950769976802704E-003
  0.18304098120663870       0.98309560273054786       -4.3629222754637837E-003
  0.13984851498558742       0.99016340911725764       -4.3377530618377534E-003
  -3.7184717181324003E-002  0.99439737255217442       -9.8950302018145725E-002
  -1.5313208769091320E-002  0.99868011106301713       -4.9025925838849863E-002
  -2.0384336691462862E-002  0.99854612446219049       -4.9901063507664781E-002
  -3.3846561600430633E-002  0.99388449318581951      -0.10510958316252848     
   2.7273924334447981E-002  0.99173736914488930      -0.12535199915829284     
   9.0130935741598358E-003  0.99209803138751740      -0.12514096156433094     
   7.2936080997867775E-002  0.99486636909346848       -7.0151519837117440E-002
   6.5445636708140270E-002  0.99555172469441822       -6.7776338746223977E-002
   6.1190683699877582E-002  0.98479730410275446      -0.16257296841816909     
   7.1129546703246241E-002  0.98411808549162372      -0.16264126596316153     
  -2.8301253988946118E-002  0.98939637635935718      -0.14245648272238529     
   1.6691126884905289E-002  0.99870714975667263       -4.8014948799533906E-002
  -3.4704265218763977E-002  0.99928727619202973       -1.4851047651517065E-002
  -9.3884991974136786E-002  0.99555915552802143        6.8975449513583231E-003
  -9.1499555453173065E-002  0.99580227100913621       -2.3808412224509867E-003
 -0.17171094598709100       0.98425301252486908       -4.1968540169377212E-002
 -0.17739896875297986       0.97998222552810688       -9.0357310353799430E-002
 -0.18902790156428981       0.98190409460500550       -1.1523950196713442E-002
 -0.12337494980072101       0.98595794462961417      -0.11254133988639582     
 -0.27771846173803394       0.90905545319474879      -0.31062942395522664     
 -0.18536601798320365       0.96068636025837040      -0.20669096881717125     
 -0.27397729511505647       0.93469730563545628      -0.22644511167005438     
 -0.22962919493113298       0.93451952426910101      -0.27192589357238406     
 -0.29615841036670537       0.94372792003427164      -0.14719989441863865     
 -0.35364912825329542       0.92105635402167463      -0.16305669812058787     
 -0.47486395351051564       0.84577901137818623      -0.24323258327886504     
 -0.56016132390850804       0.78409151654810350      -0.26724480326915540     
 -0.71302452104111325       0.66749174500684016      -0.21459450771588923     
 -0.78882773418342134       0.60329131761290877      -0.11743249923226179     
 -0.67052089849137952       0.73063621085772246      -0.12873403617454413     
 -0.79748870072742617       0.58272878346717305      -0.15632957855426091     
 -0.81054475815163951       0.40950113023841139      -0.41871949962518640     
 -0.82706842263235125       0.36430582352250762      -0.42806435407777776     
 -0.75706708648008558       0.28161648161069286      -0.58952657603687975     
 -0.72603781188957794       0.33704615060671284      -0.59939051382866659     
 -0.79456244062867798       0.27726760927564098      -0.54017885999802984     
 -0.78446604007158760       0.50992996306320593      -0.35296524580298350     
 -0.81894327568244019       0.50262885643864885      -0.27694068659135773     
 -0.79454817226723540       0.56916923908896400      -0.21151732605554757     
 -0.77522946716567187       0.48416896528494113      -0.40570886888622276     
 -0.77887687865225141       0.44887927340697709      -0.43801621637395272     
 -0.77911179353810733       0.51666909535313910      -0.35501811091380675     
 -0.72594059172736547       0.67190050241505039      -0.14683314386380464     
 -0.78803248163991424       0.59198412242704723      -0.16899587768557187     
 -0.82814216346315106       0.50872553383569152      -0.23532719417475262     
 -0.70859713446269934       0.70391323176212617       -4.8951641253917232E-002
 -0.67105560435004419       0.71281492705061356      -0.20390992041641690     
 -0.73995816670454539       0.65340371713531131      -0.15976699897353142     
 -0.83637897625860202       0.54296127736841215       -7.5254630097275871E-002
 -0.85243663342232245       0.51762353273554318       -7.3604784885220306E-002
 -0.88533443958325075       0.42363897159985231      -0.19160624162492809     
 -0.93297980169535943       0.25481105190195624      -0.25420467630849819     
 -0.88507375676279110       0.41136796738292586      -0.21776326710683103     
 -0.94513412396153174       0.32022772660079896       -6.4619585572461807E-002
 -0.95397124747301754       0.20412780086904883      -0.21970593962645940     
 -0.98444731701561106       0.17203204658055912       -3.5615375472841881E-002
 -0.98412513490147679       0.13735848294537487      -0.11238490120161404     
 -0.90604525234252098       0.25750406905521633      -0.33581788982658833     
 -0.89494218673215742       0.26587877836633200      -0.35831125801667352     
 -0.89291971739639864       0.32196661047774205      -0.31469331105413290     
 -0.90909978385859191       -7.3751133307053615E-004 -0.41657777072870189     
 -0.93194893348722685       0.22997160247220763      -0.28032882018869465     
 -0.80902187862658936        7.1615995756743697E-002 -0.58339930498353509     
 -0.87835875466810642       0.12120312542299241      -0.46238047156599621     
 -0.85926575630705682       -6.3376781867950302E-003 -0.51149016986962625     
 -0.81875979284426548      -0.17575005652235806      -0.54657508107669905     
 -0.77925430907797189      -0.12353717866006894      -0.61441133393852898     
 -0.82467690335627308      -0.18274221787554235      -0.53526935917968699     
 -0.75872790639550469      -0.21098364284359178      -0.61629365282237258     
 -0.82961411058261803       -7.0902975380700672E-002 -0.55381693329508552     
