  -2.7117109655760252E-002   8.1672202935209187E-002 -0.99629027578894869     
  0.31658675438094280       0.38393716377559645      -0.86738980926829246     
  0.99932568736594951       -2.2378640544500592E-002   2.9109569181681123E-002
  0.44250209620317815      -0.40829457750348358       0.79842810123207131     
  0.32466562920498176        7.5709271596861832E-002  0.94279389869005892     
 -0.13825673800684501      -0.91668535174506049       0.37493071398825256     
  -7.6336348360403206E-003 -0.99158230625800947      -0.12925268869641821     
 -0.45207513775640701      -0.89192037030578664        1.0301594834506884E-002
 -0.66613249632784655      -0.57693681000221231      -0.47266416682514933     
 -0.60463894933588747      -0.59470225546940969      -0.52984994883982162     
 -0.67613617345770338      -0.65766599568329531      -0.33213749120490621     
 -0.98140421650162835      -0.18869547737404158       -3.5210519044751101E-002
 -0.58908793675899473      -0.50872829902757954      -0.62783032782238202     
 -0.95876400338535595       0.18452240170283132       0.21615519675064471     
 -0.77302503541750522      -0.24930997564356683      -0.58333252151954806     
 -0.89272769910109340      -0.22375005169286144      -0.39111784621151718     
 -0.73548006099003693      -0.57313382931311530      -0.36136780927886147     
 -0.28743578949758131      -0.60082494933311181      -0.74591557643930628     
  -9.2913708686486490E-002 -0.78522560793957707      -0.61219914029184008     
 -0.90202760425264528      -0.43167397833749260       -1.9436029847491668E-003
 -0.91910899434704318       0.23002434648773684      -0.31988663075110857     
 -0.47498298124363186       0.61720476725001783      -0.62725548448205293     
 -0.52577402987196675       0.81643202314019403      -0.23874760962872887     
  -5.1071550647744893E-002  0.90919628643113570      -0.41322367968732326     
  0.62237792554501870       0.62618006650199709      -0.46962138165747974     
  0.19569365650352583       0.98048881507997110        1.8592372291473480E-002
 -0.16188565249999898       0.63531607033578275      -0.75509372020154353     
  0.40083021320381024      -0.16519109014621475      -0.90113652901174301     
 -0.36563004572363228       0.63559990746981343      -0.67994663561822055     
  0.26731466590174380        5.5635622817968938E-002 -0.96200184348446638     
  0.94400788840520722      -0.11898277002719741      -0.30772098899070466     
  0.62822729767971019       0.50976454214750566       0.58776744892789756     
  0.51986073695186497        8.8630292015157250E-002  0.84964079793354641     
  0.71258294599219418       0.27336292797421197       0.64614104860352983     
  0.12144802556124382       0.98055135958337325      -0.15417330607620952     
 -0.66722658046863625       0.74370362408859680        4.1395770721237013E-002
 -0.75311875087318447       0.53510460373791258       0.38272079920185254     
  0.32080000712212153       0.65228613443847405       0.68673878167012326     
 -0.49219166372144801       0.65367649909170478       0.57485163363979264     
  0.45966140362119734       0.72716688284160413       0.50984283707766564     
  0.18107397300464062       0.59332686469873586       0.78433121060370692     
   8.6698475438928280E-002  0.52244192571849324       0.84825574481292143     
  0.59632847642674602      -0.56831860124995026       0.56692708144510817     
  0.25265077927742130      -0.41453493048970819       0.87425875753945015     
  0.63695544541149784      -0.49887251282246670       0.58771930078130508     
  0.45538897196837980      -0.32485730527366896       0.82890808623147372     
  0.54466946397694926      -0.62832580912589120      -0.55546543780633517     
  0.96680335491849467      -0.18257761976009643       0.17876433000214545     
  0.95544240175933037        7.6492849368400201E-002 -0.28509412641425902     
  0.98804331902437759        4.6397194500279348E-002 -0.14702958910981384     
