 -0.93874136336887970      -0.33311663818886028       -8.8306047709567528E-002
 -0.93012584807400756      -0.34363738573028968      -0.12953475932374778     
 -0.91396061673834494      -0.36296345233674865      -0.18147595796428168     
 -0.94349572872535536      -0.23586284258150078      -0.23277570613444926     
 -0.99405106495142770       -9.4309075343171428E-002  -5.4481910547037535E-002
 -0.98361962123631452      -0.12436104730506284      -0.13048666840758669     
 -0.94709080448944616       -8.0806617263611075E-002 -0.31062726644315658     
 -0.99916401844290226       -3.2630952827999063E-002  -2.4626919551084175E-002
 -0.99427452550214868      -0.10539638638622917       -1.7600274833183438E-002
 -0.94011151822351668      -0.31818311251974069      -0.12226953917771638     
 -0.98410285123489627      -0.17704423847973180       -1.4032669470542852E-002
 -0.96678033776640460      -0.25436848525721117       -2.5148602669654185E-002
 -0.97818338515886394      -0.20618759975587386       -2.5375947392428794E-002
 -0.98052122263947505      -0.18885779191102420       -5.3952445617201986E-002
 -0.98955795282585357       -9.2519191805415707E-002  0.11052265445045877     
 -0.98275527295500875      -0.12388663611447477      -0.13727408667101079     
 -0.94133341951948768      -0.30857143346532517      -0.13665673691735605     
 -0.95122925807344438      -0.29648792109933153        8.5192788587043863E-002
 -0.88863598474686656      -0.44832543704112954        9.6593939327707184E-002
 -0.95701329328814422      -0.17841074313411781       0.22868135736022602     
 -0.99634603601178018        8.5226821618238843E-002  -5.5646563652772332E-003
 -0.96671248339688132        3.0598276307693541E-002  0.25402897459075724     
 -0.96274289040709959       0.18222530002896348       0.19980006756739147     
 -0.93699400820775292       0.23977787243186643       0.25406455965918029     
 -0.84348989200821367       0.49961156953339009       0.19726398979121956     
 -0.82288189435587278       0.53827779409707677       0.18199561621996077     
 -0.68456930478521860       0.70332166085609338       0.19158159701942495     
 -0.67401941119057962       0.73749571302039674        4.2401728913404907E-002
 -0.70393774748819760       0.68118141846355629       0.20115546923019884     
 -0.73105155947303591       0.66445077849810286       0.15514116264006295     
 -0.66103950686394852       0.74971975601158214       -3.0774304395033602E-002
 -0.52141520938945352       0.83600603912410931      -0.17093882521348841     
 -0.40685986474148367       0.90129267703578708      -0.14878360388231215     
 -0.36130166724303547       0.92428278743018732      -0.12313583600110604     
 -0.29733641031627062       0.93993476097087059      -0.16767141741771474     
   3.5032254522164789E-002  0.98720273327037711      -0.15557475555692446     
  0.26345747220402249       0.93997615246912758      -0.21687552450474987     
  0.19171308120122407       0.97990025610535880       -5.5150544702691595E-002
  0.15792886839792977       0.97244727576970869      -0.17147818629387096     
 -0.14786436055905133       0.91386148261718347      -0.37814457746370028     
  -8.9693562615866806E-002  0.97151312094023001      -0.21935660616051103     
   5.8938068144376465E-002  0.96777061208684967      -0.24483943004439740     
  -7.0178718855599759E-002  0.93987178825994144      -0.33423938884108756     
   9.5339572887949975E-002  0.86643664859512615      -0.49009988758702105     
  -6.3581995818225212E-002  0.92271349386806001      -0.38020670436170206     
  -7.2792415936910743E-002  0.96740804968301120      -0.24253438847019246     
 -0.15093824895795391       0.97041256674856702      -0.18845979756432216     
  -7.2873738331964671E-002  0.96712786077541812      -0.24362495597437206     
  -4.9547418453587032E-002  0.99872915675530638        9.2263086566045233E-003
 -0.36356575884419084       0.92535477255106502      -0.10741733525380878     
 -0.27525454048373871       0.95859888338125321       -7.2959706162472257E-002
 -0.34689445295503013       0.91890759685067580      -0.18781125354770875     
 -0.14163615637629021       0.94049299426852562      -0.30888853481277739     
 -0.16343906976111572       0.84881000477941204      -0.50280139842884841     
  -2.8666750372961722E-002  0.83328920019677943      -0.55209358469237824     
   1.0643884338321433E-002  0.86331197806329363      -0.50455835763432733     
   5.3054671645240040E-002  0.93325912845429781      -0.35526412846410299     
  -1.5018913961477240E-002  0.90621017805514059      -0.42256070027003956     
 -0.17500063709322666       0.92680519390934524      -0.33227535201942937     
  -2.4599442819183463E-002  0.97106643698952899      -0.23753913859712311     
   4.1659511830286072E-003  0.96276892120747970      -0.27029363515948984     
 -0.19284384457897469       0.93520269761797792      -0.29699691240156434     
 -0.10116510282193365       0.92776055861799434      -0.35920184833024810     
   5.6937134319089117E-002  0.98114673636581540      -0.18468688219320814     
   5.3433922698965942E-002  0.87201309226322465      -0.48655727599794990     
  -9.5145506726312196E-002  0.88503789919586762      -0.45569205559979303     
 -0.12460111509278968       0.85610850700975327      -0.50155038265679819     
   2.7695008529548440E-002  0.82613550205084807      -0.56279047500268820     
  -4.7089549503503220E-002  0.71570720166773194      -0.69681114787904963     
   6.6636121240779847E-002  0.89683078921144643      -0.43732615159439087     
   5.9304704142955099E-002  0.85707978713028810      -0.51175891839735155     
  0.29081744267692200       0.80584587679986441      -0.51578836539760320     
  0.58990359029602779       0.63638058561381761      -0.49702465171226073     
  0.74578456438660146       0.36900423109925318      -0.55465418140814915     
  0.73449882157222679       0.45109028701167209      -0.50698030935406124     
  0.83282696221199926       0.48655225837597688      -0.26394346152533138     
  0.83371108182460918       0.48785595024260991      -0.25869364865748967     
  0.90432573070707500       0.38334662162213079      -0.18772410732778541     
  0.89918524512467735       0.40532163921722969      -0.16486437981666316     
  0.95568922066432160        5.1728763627024311E-002 -0.28979690909264300     
  0.94179754489411183        9.3368191637946199E-003 -0.33605090126249160     
  0.93370792730123986        4.6590253766177724E-002 -0.35499134461114956     
  0.91299302358505030       0.10701886398219577      -0.39368858459064682     
  0.85407340154440303       0.15355501835365531      -0.49697030204306702     
  0.85657836729041792       0.32651329513985022      -0.39957798836648600     
  0.71330015127806423       0.58672161542803358      -0.38335445761879827     
  0.66344820948935712       0.54817121215430253      -0.50925906520221442     
  0.65783872364482665       0.65523703704453462      -0.37136590979576667     
  0.58374269231616005       0.61264524080173977      -0.53283231704772815     
  0.58786874607237594       0.55161806515215506      -0.59171601937846119     
  0.47676518449008842       0.65890339698031852      -0.58184299626783698     
  0.64593706201808898       0.44597606522770050      -0.61957296677264495     
  0.50662767788170626       0.49614877044111172      -0.70509913742250596     
  0.49745391422474983       0.34092222388351345      -0.79769144440992279     
  0.53772120018622560       0.40916009248341006      -0.73718649579957185     
  0.34206534250156684       0.49406336494704139      -0.79930763344065292     
  0.48019012410918122       0.38485755738359745      -0.78822719138123731     
  0.63513110746964085       0.41477522301611203      -0.65159035497491247     
  0.73587221668014702       0.57983217833606204      -0.34969518967853630     
  0.74700625678469379       0.61652812199134943      -0.24874631076325737     
