  0.18616778443242704       0.17336132208900118      -0.96710258403287652     
 -0.76717481152422218      -0.10975124905882652      -0.63197901222492847     
  0.13323389264130067      -0.70227293505143307      -0.69932928906623415     
  0.29932264128887920       0.26323776743440425      -0.91712149370081164     
 -0.14827019918993256      -0.57060783293657713      -0.80772684059872624     
  0.89525868193630731      -0.44549286275940037       -6.9283221707123754E-003
  0.77576803174980813       0.23827398521486509       0.58430254910009904     
  0.23987961788768894       0.83083030788779866       0.50217404195870619     
 -0.75274622499879762      -0.44009421588407766       0.48958166008894616     
 -0.77422961086326947        9.1745334572241752E-002  0.62621985216592480     
 -0.60222213194929208      -0.54871656322412454       0.57986087730935409     
 -0.99925246221571840       -5.8156333597119666E-003   3.8219041909083359E-002
 -0.90872350884267894        7.0066682434084135E-002 -0.41147569124961780     
 -0.72536060011881820      -0.27168249358589514       0.63248764610403918     
 -0.45399713001480085      -0.88186814028421467       0.12726032017078401     
 -0.36071791455306890      -0.87852203460409450      -0.31317985381501767     
  0.12576190500536150      -0.98170717277909636      -0.14295093621073590     
 -0.29643781094059668      -0.36453946462152836      -0.88274322595997035     
  0.17312298171985596       0.23766384612053623      -0.95579512943289435     
  -8.7247648745192988E-002  0.15318378765490664      -0.98433864852914155     
 -0.16952101274656486       0.95858592170660484       0.22885728509993475     
 -0.80432313975273761       0.56233294841384618      -0.19195296816287549     
 -0.71245495972222816      -0.41468429498384335      -0.56607849796735898     
 -0.80866813616277100       0.32195817017053885       0.49234010827428137     
  -8.5954749036612627E-002  0.72000817840425246       0.68862181504007447     
  0.95957732267717633       0.23974938258852585       0.14741640123200433     
  0.83317241301576217      -0.24524730560288585       0.49565864189386888     
  0.52207735900419983      -0.73155548031131123      -0.43847669315680304     
  0.37266581070606170      -0.37179534081453464      -0.85022845052340679     
  0.33190902877799239      -0.19728108121872995      -0.92245139254533881     
  0.49397626462068195       0.81982654732542959      -0.28960642653760504     
  0.44495453314190003       0.82578265152982167       0.34655227003853523     
 -0.15233326182421456       0.96437015376084867       0.21629790539265104     
   8.0475080253697651E-002  0.47643829177084251       0.87551717035855736     
  0.47809952742513728        9.8657838531924003E-002  0.87274708408109936     
  0.54681148399422552       0.30964557151329336       0.77789255107259125     
  0.90847966215100151       0.35906782744585358       0.21385742622438217     
  0.46321976207169147       0.83470683522301636       0.29781193941517037     
  0.35763324342120772       0.80699017832669306       0.46996309991774016     
 -0.13666185011132101       0.98225312604439641       0.12846141483011655     
 -0.43117459229365779       0.87690415608617600       0.21243251163414598     
 -0.42343260115975467       0.88773603990205141       0.18063652934586932     
 -0.52492294243468984        1.1926986163725676E-002  0.85106618515058596     
  0.13863803955371698       -9.3943886734513038E-002  0.98587729466396312     
  0.69458648775466347      -0.45235280561332264       0.55939838244530593     
  0.75304171153893318       0.18386165483806396       0.63176187963720687     
  0.73356924138284574      -0.16460906620616189       0.65937851301036321     
  0.39278126805920122      -0.90481268785033986      -0.16442893713358547     
 -0.13448500260446314      -0.97166657373753917      -0.19436525809842820     
  0.14597859545288011      -0.40237991835969439      -0.90375917753041579     
