 -0.98802270389059810      -0.14373545065536833       -5.6136056341744095E-002
 -0.97474068532152291      -0.17980062370861338      -0.13248521462005244     
 -0.92017965513746292      -0.24207946596654947      -0.30767992204309774     
 -0.90471101183404257      -0.16366022624903839      -0.39333613539864321     
 -0.97391985423942518        9.7138721137496220E-002 -0.20504679069429926     
 -0.95979360435689476       0.11361601332310603      -0.25668587524863273     
 -0.90943372896670038       -4.0092894860185788E-002 -0.41391164805964370     
 -0.95408309942382385        7.1585091075554039E-002 -0.29086253476434021     
 -0.96726246506258606       -6.6189852169605282E-002 -0.24499434105875489     
 -0.91520516018833808      -0.31198632543482580      -0.25507655224719228     
 -0.93877248807692115      -0.15271976812123758      -0.30884120200330611     
 -0.93314642409341919      -0.26871268481480448      -0.23881215258291957     
 -0.93968327448816746      -0.18875378622511571      -0.28524963073224163     
 -0.91649830454662085      -0.16818656027179904      -0.36296575417951316     
 -0.97281650335437420       -3.2516956683304437E-003 -0.23155448014806776     
 -0.94826404713739443        2.2658266306105110E-002 -0.31667317517371457     
 -0.83400052807470926      -0.30297101398588966      -0.46114171775654922     
 -0.91909573605469697      -0.29327064122474056      -0.26316412932179051     
 -0.87751046854751180      -0.44197817536156919      -0.18609317583828683     
 -0.97329385458674955      -0.16593645546007330      -0.15863217004446123     
 -0.92486783596465272       0.13294515603649681      -0.35629351872365994     
 -0.99480634781912647        7.1422326194355248E-002  -7.2520215524735782E-002
 -0.94296579369955769       0.27841002679982402      -0.18249210637689756     
 -0.96566444973371568       0.24888153047714151       -7.4499357767899940E-002
 -0.86882094976849600       0.49194853717048193       -5.6007089008296033E-002
 -0.83190913170227321       0.55218341455710529       -5.4960652092480806E-002
 -0.63007984259457683       0.75815169485821143       0.16794463236321155     
 -0.61278738629001539       0.78872249289126917        4.9075945342243812E-002
 -0.71700929463773444       0.66572394568685689       0.20666228379222562     
 -0.67211847717368733       0.69080686283224646       0.26653823535393995     
 -0.60298266906943310       0.79288677044829425        8.7991306672698125E-002
 -0.47550785083984365       0.87884900808131117       -3.8944894198870358E-002
 -0.34180613636260115       0.93748297784444856        6.5530385293958257E-002
 -0.32267664890703612       0.94303034374280548        8.1077438479845637E-002
 -0.23253033872223855       0.97028386888287066        6.6924250906561636E-002
  0.12528519287894763       0.99204334231779634        1.2394652404262227E-002
  0.28776185987769887       0.95513481071004513       -7.0075711695405954E-002
  0.25772358829286185       0.96002758363453589       0.10920435292743468     
   5.7460452638662736E-002  0.99725135708025692       -4.6776352830843582E-002
 -0.28392065365633534       0.94733537351874342      -0.14813761341223383     
 -0.17682285880434670       0.98419792467505385       -9.3873142901422998E-003
 -0.10587435566914917       0.99423676744643097        1.6848473798030845E-002
 -0.20616081344089066       0.97461682659850424       -8.7291238463356013E-002
  -4.9083458742154806E-002  0.93753229706220831      -0.34441835903909984     
 -0.12130072653815746       0.96563135823186874      -0.22987434337178284     
 -0.11699691787019675       0.99045358526608307       -7.2893186529787213E-002
 -0.26556944950182360       0.96279132388702371       -5.0057308549207126E-002
 -0.20184664656157711       0.97567609212243722       -8.5522479691378217E-002
 -0.10258229260201160       0.98884832563484748       0.10796231811923958     
 -0.30855430789855648       0.94517785606077842       0.10692548568796328     
 -0.23657530100431576       0.94666703625951865       0.21875477003793434     
 -0.31180519522582700       0.94519332620975716        9.6887028640235892E-002
 -0.12188064452271902       0.98533617832194775      -0.11940571251257742     
 -0.16017577737730826       0.91319514152248671      -0.37472437049291468     
   3.9700254576472908E-002  0.94065624090214006      -0.33703074969271291     
  -5.7999551419701444E-002  0.89755278111325076      -0.43707557372952988     
   6.6151644854736097E-002  0.96265691389446328      -0.26251785846722797     
   2.3423140704747804E-002  0.96997952048366121      -0.24205595700546051     
 -0.18702568668624761       0.93283336600167266      -0.30796640042955442     
   1.4226283840668621E-002  0.98497181700240111      -0.17212824451289438     
  -1.1287107769649272E-002  0.96003036676967424      -0.27966818924984393     
 -0.10957761497291922       0.91871403704708632      -0.37941700598351774     
   6.2314898279915015E-002  0.85807042735856642      -0.50973718242351507     
  0.28761543051977456       0.86501171201156113      -0.41113513862203749     
  0.17786936836478676       0.78280528066508004      -0.59630393287349148     
  0.19787797967290380       0.81391270514324798      -0.54625123667317854     
  0.16986642801369858       0.71796272547018769      -0.67503697785328987     
   6.0745203904586556E-002  0.68550793332918736      -0.72552663186498167     
  -6.2197507666738400E-002  0.56924416823318857      -0.81981250720672072     
   1.8216980238930792E-002  0.69418074250451289      -0.71957017612381613     
  0.10713699887613203       0.63819736848929687      -0.76238165135656555     
  0.33725203251753794       0.52873889602725532      -0.77890708456830005     
  0.59342946608851577       0.35633902905000764      -0.72170905852262945     
  0.63943766318918815       0.19777527629268965      -0.74296999601767832     
  0.69938895039006344       0.15342173646612747      -0.69808084549857530     
  0.84549832573101025       0.18130312654648115      -0.50225666495382060     
  0.82686237425162434       0.19570498406501030      -0.52725532074990566     
  0.85362994538996095       0.22474050507328167      -0.46990171494998850     
  0.92646729702340680       0.10573977769171745      -0.36121662054763082     
  0.80873356332893653      -0.21028650516032119      -0.54929919833616159     
  0.76442258867551882      -0.20422850745672766      -0.61151355067947832     
  0.70097396550694924      -0.21061084721192683      -0.68137990190358799     
  0.62404785422485454      -0.10221154085042043      -0.77467223814613240     
  0.54103764420476141       -8.5808169963930966E-002 -0.83660936255865603     
  0.61534619450254302        9.3679282786273424E-002 -0.78267059027914043     
  0.54564384188288639       0.21759844996721389      -0.80927357079491158     
  0.45960872606212955       0.14440828444976844      -0.87630249703501772     
  0.53951787316191069       0.11329961639521045      -0.83431628382978384     
  0.32060532117325580       -5.9180942779006436E-002 -0.94536228190423055     
  0.27542833744187173       -8.7892350852564277E-002 -0.95729523429066743     
   3.0874463400145512E-002 -0.17197374341436111      -0.98461759027848483     
   9.7679610250487880E-002 -0.35690778135390244      -0.92901858396393178     
  -9.9415953232222326E-002 -0.38703055286829424      -0.91669177992899586     
 -0.11473153986559087      -0.56984448196075699      -0.81370384055806244     
  -3.0232928379767071E-002 -0.55400626186180879      -0.83196335968568258     
 -0.22229152081944903      -0.42315587431182039      -0.87836529178194422     
 -0.33617014634995895      -0.40700099285651831      -0.84931726964478371     
 -0.29509272108425394      -0.45368133188649912      -0.84088853902333227     
  -4.5240332830701932E-002 -0.26998901619150800      -0.96180000177859915     
   5.3670236936285837E-003 -0.24197015140528033      -0.97026884979657468     
