  0.94698406046849937       0.27640661158679336      -0.16376988212027954     
  0.91245825811098413      -0.40912000318774616       -6.3835880757358993E-003
  0.71222879682571760      -0.28911939172492190       0.63964061651899218     
  0.45873957863192938       0.54268374755408211       0.70359956590184614     
  0.60986085690978276       0.73040614603744691       0.30753308283823394     
  0.37032350087073274       0.86273057760022342       0.34432027993778086     
  0.64598206641592237       0.76315970452090554        1.7159116078528630E-002
 -0.23606332266519436       0.35505781126901875      -0.90454853841524008     
 -0.10916989084939230      -0.39388646612586009      -0.91265293881892828     
 -0.78744446053396433      -0.53063216535473778       0.31362513717062290     
 -0.58896202619751681      -0.80682033249115392        4.6526151530038529E-002
 -0.36697436947577894      -0.92915688756786619        4.4691055403121509E-002
 -0.53278980968879963      -0.84482611548493258        4.9029106522836118E-002
  -2.9067309335511472E-002 -0.95800710313255233      -0.28526738663151890     
 -0.54323951403627113      -0.75210571993967434      -0.37313243818199981     
 -0.95042099277516190      -0.21223820508545921      -0.22727710134196571     
 -0.84567043429821565      -0.46829775685101760      -0.25600532705825296     
 -0.95496022105521639      -0.29250715699012192        4.9905303443110782E-002
 -0.55121098058849738      -0.60917191663176895       0.57015439213065233     
 -0.40223365829431434      -0.11994278420475671       0.90764630371771671     
  0.56311361702967555       0.40229229246910858       0.72184760561751915     
  0.21075821777085788       0.79057184664787639       0.57495837147559603     
  0.45867398975322138       0.85287789205698772       0.24943430470632938     
  0.50711592550638551       0.83986033842477359       0.19356665528673583     
  0.74690141984956104        1.4488123882508471E-003 -0.66493320714897786     
  0.20564699639212855      -0.40950384370680115      -0.88882839449712070     
  0.41524321616516274      -0.23479001622907580      -0.87888948094059105     
 -0.58229848695566921      -0.42105785019240793      -0.69544141297490314     
  0.31960882586444106      -0.46848525319632550      -0.82363327152754551     
  0.86990550337132500       -2.4656565977429479E-004 -0.49321836382040413     
  0.36553089573978848       0.88242014521501000      -0.29617874937004401     
  0.50455823669973821       0.79228433732685910      -0.34308383028787875     
 -0.49646338666356310       0.60489750029335865      -0.62259386428181795     
 -0.54475030526527379       0.83812938402457871       -2.8039981240737588E-002
 -0.63856848988992776       0.76894759250639311        3.0820183294577495E-002
 -0.37270560652006263       0.44608241781174152       0.81369589367756456     
  0.86059275412084602      -0.33203144787447603       0.38618030656298247     
  0.35750828458893108       0.63441981219754084       0.68534613761333718     
  0.59969871584578449       0.19270586593095057       0.77667618699734320     
   6.4965915406610036E-002  0.92909581434696953      -0.36408844749362995     
 -0.34095685034328499       0.91524676666289440      -0.21464338405155861     
 -0.38800679762688861       0.85810678898680726       0.33630858402677510     
 -0.10655234283067093       0.62226348160584055       0.77552224835725325     
  -7.4166316387924869E-002 -0.46024875245272784       0.88468663569603845     
   5.5398677604312635E-002 -0.93985621946030573       0.33704787977601647     
 -0.24774204031295879      -0.93871045681252452       0.23968011960196711     
 -0.84837876070369533      -0.51506259215777117       0.12232744805075516     
  0.68814312303189673      -0.30451792091931329       0.65858019865687234     
  0.94221705847948978      -0.31118507592754602      -0.12405991790366105     
  0.73954355170325137       0.11136816576668923      -0.66383165545784872     
