  0.79501853886846086      -0.58004997105677925      -0.17744732720578776     
  0.68224939280066688      -0.69947262836212831      -0.21277642772472147     
  0.94792349484779659      -0.11694462617573750      -0.29625158619685843     
  0.65670642975756821       0.35860636692646874       0.66342907587388567     
  0.80489841408373597       0.58271650432267341       0.11216068203898678     
  0.24285165099911632       0.91028436711603600      -0.33526921509611540     
  0.13086788491918605       0.35684410291052415      -0.92495182734820358     
  0.31538966963801973      -0.79181898381496074      -0.52302203888162480     
  -5.9634479867877586E-002 -0.36708159490024939      -0.92827519168422945     
  -6.8875007465608984E-002 -0.99704095354739353        3.4140449556090448E-002
 -0.29771034591692658      -0.86596034204936578       0.40184727936342546     
 -0.52465239947626741      -0.75901985393808247      -0.38552395652099863     
 -0.45868656496077698      -0.70849358352755210      -0.53632404125191491     
 -0.92820849478438405      -0.37118747293277832        2.5472537131098962E-002
 -0.69666923956773141      -0.68187694457471337      -0.22292555505719247     
 -0.99919773565220760       -2.8031955528476211E-002  -2.8602351944850148E-002
 -0.99853330273339047        4.5772141825871457E-002   2.8916333879802587E-002
 -0.96894274075300668        5.7637754285480805E-002 -0.24047422818879813     
 -0.87563223902555698      -0.43079094075190594      -0.21837432849400973     
 -0.66219221560047226       0.53105055359665054      -0.52866509164392783     
 -0.47891771814662809       0.86043200424080069       0.17405339790831539     
   7.6880834446604110E-002  0.93950392784255898      -0.33379890183050787     
 -0.26647138981871288       0.74195215612194332       0.61522353371285154     
   9.1879053265852856E-002  0.69709246079599341       0.71106985639417186     
  0.55187233813124259       0.83002974212870628        8.0545326291263791E-002
  0.79370652367385042      -0.53990487011460775      -0.28023683823541440     
  0.89198531568270512      -0.45038641122940237       -3.8913714631025900E-002
  0.61121167833092127      -0.53037414589825738       0.58747216924262669     
  0.45887364035554368      -0.87600665199787942      -0.14848342615376756     
  0.86184734668817542      -0.21375136616115581      -0.45992336804169104     
   7.0738529116337157E-002  0.31744305300053166      -0.94563521962761898     
  0.44444437589540225       0.57773272656491803      -0.68461236724939656     
 -0.10390792624913581       0.52400718837948279      -0.84535176665646705     
 -0.91145071007505674       0.34337591540062284      -0.22660667206962268     
 -0.72616907467860481       0.68406027700551686       -6.8847747991851282E-002
   3.3099011545894515E-002  0.86630092306733419       0.49842468450845934     
 -0.25222839655054502       0.17685837791227790       0.95136846181476031     
   4.9049626546125921E-002  0.20511586195856513       0.97750786048434590     
  -7.4079848713059504E-002  0.80619652773835027       0.58699176712905365     
  0.56070576845071640       0.57527838533774012      -0.59553658207476246     
  0.45454956054433571       0.40433012426727916      -0.79366356072265010     
 -0.48874913119984864       0.86921686169188428       -7.4741782838761345E-002
 -0.86247466251878668      -0.45101457919642196       0.22961556102623290     
  -7.2422629226424784E-002 -0.22672401704512030       0.97126267449690395     
  0.40013870606861368      -0.64354851352906139       0.65248320027438300     
  0.54382546626775374      -0.31061502897789295       0.77959743843328466     
 -0.37429588609936654      -0.26722017865688596       0.88797295328613546     
  0.68179976642384033        6.7398575277766604E-002  0.72842742298389773     
  0.76326773725346886      -0.26300225016288331       0.59012895004165733     
  0.59401720771208999      -0.76632940356734780      -0.24470962827410542     
