 -0.92437549789603546       -6.8446952008893155E-002 -0.37529315694553073     
 -0.89529705460361009       -9.4280575137834721E-002 -0.43537840687128526     
 -0.78152646287725691      -0.15284602927648780      -0.60485905726621148     
 -0.77221555330077896       -3.9189007441788229E-002 -0.63415089760726651     
 -0.84686746973051319       0.18052908561748421      -0.50022468747389492     
 -0.85382224899852921       0.14120563701655470      -0.50104743806333707     
 -0.85932239332727911        3.7989415680712138E-002 -0.51002140016131925     
 -0.89588164810909798       0.10414450617988763      -0.43191433689317910     
 -0.92886438349446909        4.6866380864801493E-003 -0.37039032452115123     
 -0.88855076503501296      -0.14193645502937058      -0.43627007769200810     
 -0.86687008721871850        2.9697813024664579E-002 -0.49764876347374487     
 -0.89633268312554082      -0.11099292633028905      -0.42926482672775651     
 -0.90891015352412441      -0.10307658946794308      -0.40405141940650185     
 -0.82687492417872277       -8.3958244169137081E-002 -0.55608351261340028     
 -0.90438934449320396       -4.2413497056720463E-002 -0.42459511164704200     
 -0.90048163558490457        4.4799244708328120E-002 -0.43258045684922908     
 -0.70972743092410007      -0.11574601863114357      -0.69490275072481034     
 -0.71602065791751734      -0.25136010585533269      -0.65125456974961171     
 -0.69190705309468248      -0.44691197987040582      -0.56703995637533322     
 -0.87048272405426619      -0.21621460843102280      -0.44216633773285291     
 -0.91427230979781904        1.0645508593058763E-002 -0.40496026556163384     
 -0.95283115771048210        3.3274330503992360E-002 -0.30167135068747525     
 -0.89994299396521571       0.22379306687744746      -0.37419148952174025     
 -0.88872397776657441       0.24358833331668667      -0.38837406609446301     
 -0.78408932674337717       0.40884300058084228      -0.46695966481395462     
 -0.67320078082720047       0.54600322241586319      -0.49867944594212371     
 -0.81496516300135358       0.56564641087376422      -0.12599968634802428     
 -0.73091582406521360       0.68221422319346758       -1.8596015799089823E-002
 -0.83519378554832957       0.54946651071659947        2.3192545836290025E-002
 -0.82725101066118489       0.55722312384487938        7.1820300838946624E-002
 -0.69533052745604951       0.71836040265120549        2.1766706008904620E-002
 -0.56792271686270046       0.82287379684993767        1.8506813044024361E-002
 -0.58912821996011988       0.79508302288461807       0.14412122386128021     
 -0.51369498945782721       0.84641160225863632       0.14037399106633225     
 -0.46379519406445396       0.86626969188409897       0.18566324053440161     
 -0.11627928500779000       0.96049168960048015       0.25285340038546061     
   8.4505298387184402E-002  0.96468055489567284       0.24950006322779081     
  -6.6378600730741616E-002  0.94319147271491688       0.32555142015188443     
 -0.13255099816533072       0.99014700571197933        4.5156837411226051E-002
 -0.20502300497981241       0.95538270537638548      -0.21262514831683199     
 -0.27319281089225089       0.96139711179092169       -3.2882845328063882E-002
 -0.23666567674871078       0.96740814904320416        9.0060149977024578E-002
 -0.17794180510248972       0.98078284282966111       -8.0010806819129185E-002
   8.8516587629047114E-002  0.97979091892169135      -0.17937270949928641     
  -4.3694880844326441E-002  0.98546231145699037      -0.16417914022755908     
 -0.15986148617290705       0.98450614516657675       -7.2055224431436402E-002
 -0.25587157449548459       0.95937243853782017      -0.11888760044351109     
 -0.21647208047359673       0.97513916105652076       -4.7365123766769782E-002
 -0.17760009212699931       0.98031990696568183        8.6203754461640844E-002
 -0.36603055835521003       0.92886324704601475        5.6874411094277155E-002
 -0.32293361783863328       0.93854064960311179       0.12188243315684480     
 -0.47904668011268681       0.87374827755041506        8.4132192118753335E-002
 -0.33293196827917043       0.94293204635340289        5.9548683907382875E-003
 -0.26641226474140556       0.91343388499958256      -0.30767359803846139     
  -2.0721167020133279E-002  0.99555159908782787       -9.1911080893447794E-002
 -0.24519894045328716       0.94417781309764504      -0.22001303791990634     
 -0.29325665972724296       0.95589592541888413       -1.6233030931163940E-002
 -0.28354033165559689       0.95891767430252295        9.0429107531293240E-003
 -0.43790572114753945       0.88508065143876424       0.15770485038511423     
 -0.36295611014103263       0.92927237765323534        6.8671029131706543E-002
 -0.37434507890478813       0.92077145363015056       0.10975286820667317     
 -0.32335732357237862       0.94607319561161851       -1.9635423023996408E-002
 -0.19990625873828399       0.92095323384247352      -0.33448860786634549     
   3.9939278049931345E-002  0.91336635064368088      -0.40517497896674726     
  -9.3094804491866648E-002  0.92249484031489859      -0.37461530530535864     
  -4.0064862691987481E-002  0.94370746298318908      -0.32834590158445875     
  -1.2880851948914303E-002  0.94696067631420100      -0.32109120381541695     
 -0.11106501848400442       0.96298826031678231      -0.24559758174952315     
 -0.26153846662564351       0.93635877897125785      -0.23415778338244447     
 -0.25425009525927283       0.96643553980738028       -3.6867824154279277E-002
 -0.15181196208139247       0.97279105982774061      -0.17501623378483749     
   2.5362450093163617E-002  0.94709946183173099      -0.31993648670218322     
  0.23804875156682001       0.86132044011069386      -0.44884283588470364     
  0.19921296032121469       0.83413647384401857      -0.51432532452051638     
  0.23589473234482505       0.79555179265626486      -0.55807796986923397     
  0.36290900957436034       0.82538387995988594      -0.43247948098392658     
  0.39148070008203839       0.82140504359566813      -0.41477296900699817     
  0.36327822630086937       0.81606912968721257      -0.44951096301119248     
  0.46370815486494926       0.77454098084419010      -0.43018718728556343     
  0.58549237415105804       0.51523549485797582      -0.62588422623470952     
  0.49823067822907402       0.57610007301881017      -0.64797754369972238     
  0.55967355055893209       0.52596858329163731      -0.64040812471029063     
  0.48967657425672639       0.56312005130076093      -0.66566707928755531     
  0.54483012808912668       0.50694850097602706      -0.66795460091576642     
  0.57784725633432277       0.45253112084467634      -0.67919668212820861     
  0.44603238745575419       0.56520911653672457      -0.69396956988350067     
  0.46559850095922417       0.51141703392358329      -0.72226771582102023     
  0.49179143032983813       0.57208180030043965      -0.65640201311325397     
  0.74126979770824308       0.39174167215473477      -0.54502986092780570     
  0.72994888650708745       0.32621286780176201      -0.60063282291897713     
  0.75338044530153858       0.11121927268095433      -0.64811123892552480     
  0.88101205421522699        6.0494986169124937E-002 -0.46921009897045413     
  0.77182913313142421      -0.21921337942516100      -0.59684611377690411     
  0.86889161212495691       -8.5663819924821735E-002 -0.48753366687314170     
  0.93333196968928178        1.3857295520371175E-002 -0.35874699959272688     
  0.93459349864877339       -3.2794803030144967E-002 -0.35420261599494623     
  0.83088523728607122      -0.20593389024596689      -0.51693418856586093     
  0.85520782188385980      -0.22738432359942720      -0.46574236522986046     
  0.82166316762412761        5.0009900345201738E-002 -0.56777517455182136     
  0.86206454718809766       0.12920822696846690      -0.49005096731364012     
