  0.34420787794796481       0.17194646226307497      -0.92301427446912154     
  0.18681337925545588       -5.8070553335467637E-002 -0.98067760868007270     
  -8.8525684659003429E-002  0.92583307680308091      -0.36741844952723451     
 -0.84366446079976198       0.31835005304481384      -0.43230026753382789     
 -0.99928126598014355       -3.6027109768631604E-002   1.1789776199828961E-002
 -0.61870340434886639      -0.68798117371543099      -0.37932572027252232     
 -0.20970369161513730      -0.64422329497224962      -0.73552750318265003     
  0.48082755554225831      -0.59033931370122594      -0.64830884347666762     
  0.40642730233418761      -0.80033283498995478      -0.44077681558166998     
  0.82399412356763557      -0.34334504820580519      -0.45071927205139339     
  0.85631613195580858      -0.48450346014053386       0.17882695340499827     
  0.59013493722255761      -0.47889984599753399       0.64991975918021072     
  0.25846688289313519      -0.90300154000006572      -0.34319540965028933     
 -0.52502210858016451      -0.73438548526197012      -0.43015083928616160     
 -0.85881635431866388      -0.36315637074009871      -0.36131969216423948     
 -0.90739494038922752      -0.32301424842137622       0.26887955941802022     
 -0.71256423207966513      -0.70127532574505691        2.1566934457895429E-002
 -0.84739612917002560      -0.47275255378725983      -0.24171227348915794     
 -0.57900272576026857      -0.81135128732675188        8.0404801569503456E-002
 -0.94391273987204616       0.23019174356773572       0.23672874920580583     
 -0.42541366745908532       0.62669227879023814      -0.65290121706407744     
  0.70924414258577251      -0.43433123986642241      -0.55527391464386444     
  0.13996391740534250       0.12584896497136802      -0.98212633598749932     
  0.95041095393911834       0.24391707042122823      -0.19293387828406083     
  0.90631650195316293       0.30828299067463510       0.28905362123339656     
  0.37077205899342719       0.20261759276638333       0.90635213431172001     
  0.94833375085388050       0.11436356937133044       0.29594606095049969     
  0.97275716202023199       0.22932013879125535       -3.3996730477282307E-002
  0.89510983679642220       0.27322299703155556      -0.35231743352184197     
  0.47925111254502201        1.9158623751344629E-003 -0.87767573772762975     
  0.79392920880620144       0.35696882056332568      -0.49218865544626234     
  0.99092239334627197       0.10732470913819168       -8.0958119872638817E-002
 -0.11158472426263770       0.99236531398934091       -5.2535063548486555E-002
 -0.13958802048788904       0.86285103848476707      -0.48580167756198650     
 -0.56631489653921319       0.69553694929084753       0.44217167495097881     
 -0.77993282098922290       0.59328502840935460       0.19929292463379192     
 -0.44132641574373310       0.62231900216632008       0.64649056784264802     
 -0.62069923513580139       0.11095430281728647       0.77615823270011508     
 -0.98798128575935440      -0.14390894611570354       -5.6419803413116837E-002
 -0.92885970011597696       -1.5142718115216156E-002  0.37012208200611108     
 -0.66492135573923006      -0.34049563362692559       0.66478742028027427     
 -0.80910281926344096       0.45292968136438555       0.37444269467987201     
 -0.97691926465433332       0.10385550352553233       0.18666222096263901     
  0.11388233969875150       0.66177582913336574       0.74100173055102048     
  0.44927404596902104       0.11936051147415544       0.88538460564846422     
  -6.2653237276617230E-002 -0.54360281133784405       0.83700092912993096     
  0.31360877221703198       0.58633523639873109       0.74690061490522197     
  0.79405025806292040       -7.5242460119483712E-003  0.60780553912595958     
  0.74030630920405505      -0.60986895541102926       0.28285407152552478     
  0.80371893323205845       0.55719850334953791       0.20872399054578894     
