  0.41018309192912417      -0.91176424769955389        2.0875529030805584E-002
  0.17015747233273032      -0.32284121803172600       0.93103167644775864     
  0.10054044250517076      -0.96868946697528568       0.22700734788108429     
 -0.79012339063846027      -0.49760738380220138      -0.35789931426523069     
 -0.26801953519161370      -0.23552327936281428      -0.93418109252642001     
 -0.21822828744105979       -3.5512296585295929E-002 -0.97525139905143676     
 -0.29558667190818255      -0.33320294078672541      -0.89532358376250776     
  0.28847112495691185      -0.92695288282520116      -0.23988072679599221     
  0.23731357041732382      -0.96357835957507287       0.12328428226830429     
  0.89783163382443865      -0.21966992085507209       0.38163265475538649     
  0.12513662287481511       0.66201195521768463       0.73897293371568318     
 -0.46982558544812381       0.12782100726379828       0.87345618628548982     
 -0.93521706338039812      -0.34964230146558006        5.5850742054229185E-002
 -0.43331562597130396      -0.58248466260147946      -0.68771301145401553     
 -0.42344882029652403       -6.7241061152917947E-002 -0.90342112897833626     
 -0.64613466015400378      -0.34005236860756283      -0.68328207026972487     
 -0.91268140361711880      -0.40755564301817554        3.0183660075533428E-002
 -0.70281361169426482       -7.5078454256752900E-002 -0.70740105521811070     
 -0.64467817410199479      -0.26338150081457673      -0.71764910427395456     
 -0.13655608130304223      -0.10704365860655667      -0.98483201197530812     
  0.72563203858739533      -0.20971945325214764      -0.65534410465278825     
  0.43057869438233543      -0.88705318170995151      -0.16654921423503316     
  0.96739747174258284       0.24861248292748772        4.8311127069568860E-002
  0.86103645055777289      -0.20546183035307394       0.46518992581407592     
  0.98361775783367300      -0.13895535790867736       0.11483690601362480     
  0.58330964649099937      -0.57545407954378580      -0.57323857044605453     
  0.87146686408038965      -0.41715963386960825      -0.25792119858538537     
  0.67347956028068801       0.46045073743910908      -0.57828228424874861     
  0.47076234914904708       0.70543710232456602      -0.52985026685623737     
  0.79605001020991417       0.15718692878804250      -0.58446270254225241     
  0.95864957059326861        3.6297571375246640E-002 -0.28226492363311456     
  0.64185254472061404       0.64484235019029301      -0.41497428141602144     
  0.48365235125307138       0.85199001695698584       0.20048295222532644     
 -0.14075030558028301       0.83892544237862898       0.52573135117556635     
 -0.34969623647856829       0.62566148901631258       0.69732362885148791     
 -0.83256967892513534        8.0705312763379597E-002  0.54800947275229606     
 -0.65017427326231247       0.28636599381216821       0.70375274917814590     
 -0.88399858293913314       -6.9008632006655113E-003  0.46743864137306257     
 -0.92381659643278924      -0.19801201953429051       0.32764941061338709     
 -0.41720648641978575      -0.22009598087625604       0.88175762366501553     
  -3.4808448354643834E-002 -0.19284978996738902       0.98061069259552547     
 -0.72850181701673267      -0.32188273028570857       0.60471200628659227     
 -0.75662875968089138       0.46509802062601385       0.45956147709912681     
 -0.36235403981263825       0.60613457621631750       0.70802572364748895     
  -6.6893684040781221E-002  0.97157083853632786       0.22710204917900262     
  0.72957528363271384       0.47706784878192560       0.49002670658939906     
  0.30182411244722146       0.94963865414672899       -8.4194012232859800E-002
  0.72658031934372735       0.68570948226420381        4.3399832665158899E-002
  0.92634960881169792       0.14752079010717625      -0.34657469431654109     
  0.84535436227919947       0.47804220079881538      -0.23843585391244110     
