 -0.58551272379705921       0.16143315180892864      -0.79442695559049326     
 -0.55188892261608657        3.9608926818975945E-002 -0.83297644024900475     
 -0.61846003351549028      -0.11130421856487263      -0.77789366745955579     
 -0.47980869296540479        8.5049393624233027E-003 -0.87733191219815665     
 -0.46470883059350482       0.35212781922432318      -0.81243566003514511     
 -0.46363336066183941       0.24495498539516361      -0.85149348911865153     
 -0.50669635040090455       0.24751067971891505      -0.82583126116385430     
 -0.57897047897323040       0.35461864937097043      -0.73419261641330946     
 -0.65964258118945784       0.38015893633741832      -0.64834469860137856     
 -0.73628901805223523       0.23778966653386902      -0.63350971293689806     
 -0.63878032793759609       0.40342391302441027      -0.65514032011470436     
 -0.64726546050110700       0.31006132372882383      -0.69635436321590360     
 -0.69687198119953297       0.26431636786833784      -0.66671305634127875     
 -0.59516586184139086       0.29935904306213784      -0.74576253609007992     
 -0.67675854802009860       0.36829160390023585      -0.63746306730532520     
 -0.67193691828136060       0.40722397607358257      -0.61860278948721426     
 -0.47303057460225151       0.19031717611981103      -0.86024499299050816     
 -0.52570994480925048        4.7638638861688030E-002 -0.84932891980436753     
 -0.65390039739692485      -0.13764265613082358      -0.74395481683862474     
 -0.86540278862822928       -8.3532837626832911E-003 -0.50100722158953781     
 -0.86335481779424983       0.28582525134432457      -0.41583937317840203     
 -0.89365712632225347       0.40182828847622998      -0.19977729388924922     
 -0.81643209118190374       0.51352422442145051      -0.26406724791363989     
 -0.82525113803634953       0.49833792898229679      -0.26574398903331597     
 -0.74314277555946673       0.57636245263459474      -0.33991931149435817     
 -0.71607778766190489       0.55504380686908528      -0.42327175014819124     
 -0.63488695131134809       0.75530105478990395      -0.16260035574327503     
 -0.41887314983471075       0.88448887309411373      -0.20548653902446384     
 -0.44601281060899411       0.89263591482798021       -6.5373513993632226E-002
 -0.44178595104998453       0.89669173651773082        2.7732708408565593E-002
 -0.36736124160637901       0.91541061249014455      -0.16452698473451222     
 -0.35442941582903742       0.91633804261170526      -0.18629111856883673     
 -0.25321233868237053       0.95964420587287058      -0.12233768705361688     
 -0.20315003094969852       0.97346776778021016      -0.10531177530625091     
 -0.16729839325275983       0.98503284117367673       -4.1491558471000646E-002
  0.15539120687405347       0.93060491397455258      -0.33140317879079101     
  0.35749326432291018       0.87582290817658581      -0.32424188421125233     
  0.25956829422434197       0.95249304448542305      -0.15931509922280440     
  0.10705274980848875       0.93894285387735288      -0.32699545243184064     
  -5.2578982400760615E-002  0.82450395278190247      -0.56340809583882501     
  -8.5003842133196283E-002  0.93238532080601044      -0.35132884932506669     
  -8.5692038893769792E-002  0.97208346274315638      -0.21842759883200893     
   1.7797327142169347E-002  0.92468653301735348      -0.38031312204939532     
  0.23831064339172434       0.85312538879444344      -0.46409601187747390     
  0.12727434510056265       0.87706359893379005      -0.46320695645094850     
   6.0008885997906297E-002  0.93708709706936943      -0.34389926738425303     
  -3.8418901107012529E-002  0.94397424985181710      -0.32777523343665338     
   1.9300350359746955E-003  0.95833640833700440      -0.28563543796335611     
   1.0428764183879074E-002  0.98983742138009245      -0.14182073231095438     
   5.3669052352374189E-003  0.99986312560227675       -1.5650124250622698E-002
  -2.2383366371691180E-002  0.99439384268046505       0.10334345914988530     
 -0.34318502020627645       0.93583808251927159        8.0194296634382378E-002
 -0.14975620193209238       0.98727113868798066        5.3560981102142392E-002
   2.3958771770604171E-002  0.97577445843211319      -0.21746306244227370     
   8.0552423038256118E-002  0.99472483913977017        6.3512215683561635E-002
 -0.17449736204248970       0.97966455570240063       -9.9035493337733635E-002
 -0.28142875766686726       0.94926147981056364       0.14035846004414110     
 -0.25116081959086678       0.96788374269699917        1.0922606159066347E-002
 -0.48771784061418560       0.85559594357446223       0.17345572716277752     
 -0.34522596517612153       0.93821821615045131       -2.3782595562603884E-002
 -0.38440760432263704       0.91253100500624140      -0.13970668789014143     
 -0.17987382742678856       0.97239679848597416      -0.14862662110493827     
 -0.29821342288532537       0.89255142517814934      -0.33826130110239766     
   8.0850361013716440E-003  0.91538002727276835      -0.40250967424567036     
 -0.10995282157279257       0.88012853089678944      -0.46182696557223402     
 -0.23627265450348622       0.84160932190646376      -0.48566344521080118     
 -0.20617207130717172       0.80988911633489702      -0.54915634955375126     
  -8.3294620234873273E-002  0.83599550476181050      -0.54237765648852265     
 -0.13252514138360064       0.87828430360884047      -0.45940588691875528     
 -0.20390074014787249       0.94617644952060842      -0.25134560775897363     
  -6.3085650220488898E-002  0.98483848611091729      -0.16159627783777664     
   8.0390672051386461E-003  0.91991982002465800      -0.39202410400929688     
  -4.6200461141450405E-002  0.90079290819271851      -0.43178426782369805     
  0.13292690783226505       0.94644495782258309      -0.29423184563600352     
  0.13130038725420426       0.91142551979646258      -0.38995349744635055     
  0.15093719018187610       0.96457040165377839      -0.21638369826184714     
  0.11147854674997551       0.94018909153444763      -0.32189595488938488     
  0.16063680488077223       0.93675497762922511      -0.31094361032921336     
  0.35376709369124792       0.87846819224351635      -0.32115802751551437     
  0.49295141004240883       0.80959426132491974      -0.31867858316329356     
  0.40354667261163085       0.76499344421790105      -0.50193138308709195     
  0.37342770686388277       0.70384369621620713      -0.60428122512874238     
  0.28225569523779703       0.71873656000176112      -0.63541284203473680     
  0.35096493114017141       0.65329115328339282      -0.67084594815160425     
  0.33629634946250753       0.65741766695694781      -0.67431949142159964     
  0.14036527946922522       0.72493945044219277      -0.67435923773022621     
  0.21988242425318019       0.60306877427647687      -0.76678535001472181     
  0.27236691828258919       0.62767485062659700      -0.72927398398415044     
  0.45507159665230135       0.70380607254439032      -0.54549688740629465     
  0.37937676477896609       0.64170091481055380      -0.66655322839001341     
  0.61882017919104160       0.54939124078611346      -0.56145422820873347     
  0.74661606662321567       0.44538353300943750      -0.49416389749161671     
  0.71677513071006982       0.21389479264815553      -0.66368850349660358     
  0.80177051758149842       0.29338408353681145      -0.52066286276663987     
  0.83274740210668485       0.36862201113613058      -0.41309753955999268     
  0.82111598530403984       0.39406441748911725      -0.41289438546333240     
  0.70132487003584076       0.10905298432156355      -0.70445076001079443     
  0.71414349551907730       0.13155284856478636      -0.68752666554999364     
  0.61114725925747149       0.29371422298758476      -0.73500406986416245     
  0.64603758333746741       0.47383224801455154      -0.59842998057997798     
