  0.82851593394899647      -0.43502092431958711      -0.35258777998782043     
  0.67826472368735213      -0.27968312722985167      -0.67951034793021847     
  0.40567633612515258      -0.22429745866270046      -0.88606848513279701     
  0.36141512395813802       0.15804047124509940      -0.91891366168044819     
  0.43865450471676476       0.62961146856199313      -0.64122665582998295     
  0.73103525945570114       0.40601437335140755      -0.54839746358331221     
  0.94199340935489928       0.28469523757426857       0.17775555809730656     
  0.42832949491526429      -0.74799320920818235      -0.50699112690865966     
 -0.47987547790082341      -0.57804939537336120      -0.65998365299298523     
 -0.42161852778446046      -0.85835542592883096      -0.29234188856094012     
 -0.28113437663048346      -0.61539361210187871      -0.73637909018440251     
 -0.86831407940363570      -0.37197223667507201      -0.32812697946428360     
 -0.47500420534697496       -5.1661333071299886E-002  0.87846577142652160     
 -0.75858104878262522        6.9656800098581106E-002  0.64784467477004015     
 -0.93500851498456794       -4.4718043695097000E-002  0.35179450461089068     
 -0.84609745100840494      -0.48671016828598873       0.21732996913478678     
 -0.99845324015678716       -3.5193813469490555E-002  -4.3040942298140844E-002
 -0.78059497735893157       0.41222474556670358      -0.46983214073165436     
 -0.49861647612593601      -0.19060121682931336      -0.84560793863289141     
  0.27021723803867836      -0.81787829033160786      -0.50799384491453081     
  0.53153897164978570      -0.68307981393284567       0.50086753679491391     
  0.52872083721601504      -0.68379364998734005       0.50287227059229134     
 -0.12285795236462474      -0.88193012943105775       0.45508809075006168     
  0.20358946656046026      -0.97732337445719830        5.8226719341667663E-002
 -0.16332518514767755      -0.65816534739204158      -0.73494439203850381     
 -0.46357484757338163      -0.34052143509961807      -0.81801192713498216     
  0.33438875454551886      -0.19255156462344830      -0.92255517764229666     
  0.83281821774371700       -9.1675912391879374E-002 -0.54590232027472718     
  0.97508163357688682       0.21586947210037591       -5.1148596033137261E-002
  0.72553740394966093       0.41972720279756648      -0.54536643708769306     
  0.93020302612306116       0.27171852418973053       0.24676177541033084     
 -0.27796055004359493       0.94094198941950291      -0.19330314318897665     
 -0.96401324699224034      -0.26089744014965099       -5.1097801780616903E-002
 -0.97953189955708320       0.20023686586682612        2.0553717375090985E-002
 -0.30626237420132507       0.90905915727462772       0.28251514423780283     
  0.55668227833259587       0.63236888940976876       0.53871553597151145     
  0.28030126907421182       0.84472262092689465       0.45593299096444984     
 -0.42027156291806211       0.57539318625835190       0.70163701057589378     
 -0.18592700082753405       0.85974907664925082       0.47567076383150964     
 -0.43821460295636688       0.82372928792244082       0.35977496018287475     
  -9.4727785171867238E-002  0.95714839431307608      -0.27366694718277662     
 -0.10054202463388459       0.82680144353504925       0.55343533881646967     
 -0.18932139126181902       0.84035001086808014       0.50790675329702406     
 -0.53576407040280571       0.21472754933197191       0.81660819272361562     
  -6.6902536727805009E-002  0.70490608204437666       0.70613841849616621     
 -0.18060168272121774       0.20326129967196466       0.96232420537672902     
 -0.30031514237903234       0.11386369685555553       0.94701946854131824     
 -0.33096613986995083      -0.33128662017685601       0.88357828716612241     
  0.24298982295667587      -0.80418470029879752       0.54244162243033833     
  0.37483748883104218      -0.92327737487244643        8.3998488173802358E-002
