  0.11174617924533460      -0.97345662675907751      -0.19973729557319286     
  0.90637388851646994      -0.33739559204442698      -0.25426480032541954     
  0.47131177531726925      -0.79854279308267118      -0.37442571768377986     
  0.26227571594163707      -0.54284284222244361       0.79783024352000442     
 -0.53289441446187957      -0.75900244852270082      -0.37408398277910621     
 -0.49247587312179286      -0.84497704751524916      -0.20852171005762304     
 -0.21920200270506232      -0.86637892466842958      -0.44870707694495898     
 -0.43358352927529087      -0.76561538781837979      -0.47522457962202008     
 -0.43256161197242965      -0.79548358450012946      -0.42437756613497934     
 -0.47161483604225607      -0.62319074902701432      -0.62386916637381462     
 -0.42767026834775240      -0.42950084667743055      -0.79537862950593807     
 -0.10654350178188515      -0.97849712284513712      -0.17661218194629574     
 -0.31210310242927364      -0.75890744829988643      -0.57153402205728798     
  -7.2411604722951550E-002  0.16143347150669032      -0.98422344707833487     
 -0.57886574554374992       0.13908913842485371      -0.80347287459396732     
 -0.91829729276205285      -0.30748169208614395       0.24936938692980454     
   4.8492732527535054E-002 -0.52455169527204881       0.84999645521570000     
  0.41446007857980316      -0.87714844279845949       0.24255608126755690     
   7.0467514738561374E-002 -0.81403883734258065      -0.57651981810215125     
 -0.30868495766546855      -0.72030780824878149      -0.62118456056711779     
  0.24345576509267428      -0.43516314301396702      -0.86681158818129966     
  0.34423183689153763      -0.41479011222046047      -0.84229068929584761     
  0.80759186257753435      -0.24028074436123736      -0.53857269461774049     
  0.59355330134349804      -0.75759961205771309      -0.27154614023093870     
  0.66569756598823215      -0.62486455379950834      -0.40791057848792173     
 -0.12612793252087434       0.72895389764195151      -0.67284319105620771     
 -0.13066388501016105       0.63929680240204589      -0.75777737337072137     
  -7.0079422327723906E-002  0.94994833458568007      -0.30444545682953617     
 -0.50544247728742209       0.56046298547337747      -0.65605574768296548     
 -0.83153234630993977       0.55500190097031576        2.2953147052904396E-002
 -0.70003535167274988       0.58476015891202904       0.40988542662260408     
 -0.38003992702887635       0.77359679161694905       0.50706770540417867     
  0.59850335483265660       0.73538810036378466       0.31780194476651019     
  0.15054720830399865       -8.1179107931782388E-002  0.98526417295428415     
 -0.26857083007054439       0.54032023643656046       0.79744827501998938     
 -0.35420391726320433       0.92259715190038860      -0.15282041846782507     
 -0.14925802095572149       0.96946257787033496       0.19458764937525341     
  0.28811836767859733       0.88461141886647199       0.36667484753834345     
  0.19749202243254865       0.42074280544113368       0.88542215510175204     
  0.43863016851697972       0.18207544824700581       0.88002960541814712     
  0.70890583080772585       0.40723127088745786       0.57586041282432388     
  0.15517237566544892       0.89233418823597788       0.42386463680708131     
  -5.2946635672588727E-002  0.93697097243799532       0.34537233615269247     
 -0.31839933064416714       0.54793251531803688       0.77355790016172998     
  -9.2039689526159235E-002  0.75458937018508276       0.64971038005841153     
  0.77386492536392770      -0.21824015472031327       0.59456228618973106     
  0.24247154803376914       0.68751573334984328       0.68449226788223916     
   9.0263266189666222E-002  0.64165898170268154       0.76166022213129470     
 -0.26973785569951469      -0.14286534742327375       0.95227673588526729     
   4.7150275312686063E-002 -0.16924692015206833       0.98444518971701822     
