 -0.51527040896807907       0.62986014571261095      -0.58118207343719153     
 -0.40510627934062132       0.70595565978071362      -0.58096084968126305     
 -0.41496162390201713       0.52318719908443034      -0.74436684867260572     
 -0.26232055925618425       0.58093855558914997      -0.77051821446447233     
 -0.15599966923881198       0.83580265143968002      -0.52640101732784006     
 -0.15282410457786699       0.72771603834495757      -0.66863604494185547     
 -0.11536282310819382       0.68113996291982914      -0.72300744806542738     
  -5.0734996686266590E-002  0.73982420790254777      -0.67088456645880523     
 -0.24044268012311545       0.72742429638470041      -0.64268282270839949     
 -0.26389240722337104       0.57056430697699778      -0.77769992221532258     
 -0.33380185520056077       0.68438144510388099      -0.64822708911474525     
 -0.30290051371809801       0.56592564343899698      -0.76679817741533463     
 -0.43734112068703551       0.55507731519033254      -0.70754640718280826     
 -0.43603029699158746       0.54458887056397065      -0.71644995789188382     
 -0.58240662524160447       0.57897837905439153      -0.57060192732081438     
 -0.56513044210862828       0.64877279616930128      -0.50962872991302643     
 -0.64754316177968085       0.30395006858322954      -0.69878624016262569     
 -0.62440416335729165       0.14580382055006166      -0.76737258661948626     
 -0.76639228950718685      -0.24926200767996043      -0.59203995651584640     
 -0.76934891946182860       0.14586598084531152      -0.62195285653734267     
 -0.75440411371360749       0.47956448925944051      -0.44821014474609244     
 -0.78522363433640419       0.50123331714095498      -0.36357806021183320     
 -0.78683474804924480       0.49861651617617947      -0.36369306985231897     
 -0.71903170745552580       0.63411628928043218      -0.28441155979109339     
 -0.70352906341290899       0.64192327933161164      -0.30492845125618506     
 -0.75202348273178299       0.58678945085101686      -0.30023128049876457     
 -0.73096201708695130       0.68224327522833728        1.5448073727354683E-002
 -0.48076375651901299       0.87681862312243863        7.4372416523985829E-003
 -0.61578101051369538       0.75221932643426859       0.23447778579111231     
 -0.66206157886828487       0.71042713679594438       0.23867917607186803     
 -0.45467297920674765       0.87486470182206311       0.16698573437584907     
 -0.44221503958016806       0.88209139523183455       0.16235956771025248     
 -0.45570630860153299       0.83759457946571214       0.30127575533125467     
 -0.53842727013360647       0.80782119184538015       0.23983535348648238     
 -0.51950565260175230       0.81651368600612018       0.25183184365667899     
  -9.4483392515639475E-002  0.95628113030994921       0.27676576441435330     
  -3.5610964192340756E-002  0.94111051068684481       0.33621847942081406     
   5.8800938979259768E-002  0.98730664093502829       0.14753998217691799     
  -5.3518399823181545E-002  0.99797789706950035       -3.4291366859838537E-002
 -0.25578973273146915       0.93911830744752167      -0.22940884299886344     
 -0.33743797502772671       0.93950021055114186       -5.8948853963060877E-002
 -0.43625624613834973       0.89974340746319625        1.1928471478305764E-002
 -0.16241603054528284       0.98666597622223884       -1.0549141545665821E-002
 -0.22394289244949278       0.97334108196160696        4.9565301241805824E-002
 -0.21282957564910723       0.95950986400630534      -0.18451122622660315     
 -0.18001796347423674       0.96646048428894660      -0.18316021711768565     
 -0.19478501367808346       0.95718149109880490      -0.21415506425094133     
 -0.32378233069371254       0.86296501595487041      -0.38788707579473297     
 -0.26255712611905330       0.95767332100978153      -0.11800663434828716     
 -0.16856838360761381       0.96793183834844654      -0.18625964769465064     
 -0.50501981430866594       0.83270727174994874      -0.22705414933537527     
 -0.71645241507136215       0.69060887796898074        9.8768996192372768E-002
 -0.58355133990277830       0.80836949707901684        7.7502192807057668E-002
 -0.70282792597275334       0.70067501121276698      -0.12283092092320133     
 -0.67860997959845182       0.73102071138602176        7.1394783521473701E-002
 -0.71678424174712563       0.69674337526749064       -2.7731206318554309E-002
 -0.84436362886590521       0.51694568213597492      -0.14077366220069071     
 -0.86303058109753361       0.45604695111343246      -0.21725421623206884     
 -0.91497825530240062       0.38487982527715897      -0.12117059221777858     
 -0.84614568976982596       0.41190369242437486      -0.33819050822151431     
 -0.84926530649295595       0.24466728212985581      -0.46785292586732929     
 -0.74639448636454853       0.33227485411098212      -0.57661832441410699     
 -0.69649037710461292       0.10226769442444603      -0.71024113741587547     
 -0.53998467843704623       0.10743741567937584      -0.83478964342245354     
 -0.33162261063770887       0.15171468256487453      -0.93113323386510460     
 -0.45370040679630164       -2.1562309176283607E-002 -0.89089337616566855     
 -0.48610919049903278       -5.0332113014238976E-002 -0.87244743871015407     
 -0.49288619047942728      -0.10325214408466632      -0.86394571471626935     
 -0.40721916754799448        1.9809575171285610E-002 -0.91311561716634226     
 -0.48845952359000938       0.11311819965028205      -0.86522342011881670     
 -0.63683064448376037       0.17811408335122819      -0.75014805442549759     
 -0.59732952399717198       0.19204311238300839      -0.77866352344743883     
 -0.60170998644779861       0.18656840010651371      -0.77661916296902800     
 -0.49720274953072668       0.40462139186271950      -0.76750957981393986     
 -0.76937600177756482       0.35670656708995635      -0.52992545974284300     
 -0.78101857532559793       0.37403165510577724      -0.50011029381049077     
 -0.63392973208035186       0.52190430211721173      -0.57074424588960082     
 -0.62345428728878438       0.41407412105184899      -0.66320990186846229     
 -0.56598887963578792       0.55601641424223625      -0.60868902998315311     
 -0.42657565212820536       0.63243304357460184      -0.64657687741394498     
 -0.40821094424716359       0.75047031262915820      -0.51976738533611511     
 -0.54670683620799143       0.52293340563445156      -0.65395128909958655     
 -0.51768477685529302       0.57034549111732891      -0.63773700894210150     
 -0.38135401389212842       0.60624386046690992      -0.69788071884422898     
 -0.33823260999741028       0.53183618119412646      -0.77636909901618323     
 -0.55191812256893946       0.39532986720581526      -0.73423475951156669     
 -0.36124691545680404       0.45768144839629837      -0.81242129333665447     
 -0.26052650237930330       0.43642827250200966      -0.86119469605828103     
  -7.0326894121225308E-002  0.41972901611569002      -0.90492081476436925     
   2.3836206212435387E-003  0.20644893690288166      -0.97845447252512152     
  0.15510348035009108       0.24308587382812663      -0.95752397793920141     
 -0.11696901746280763      -0.11182264574994921      -0.98682011777793954     
 -0.25144132580990775      -0.30595139535274557      -0.91824343360389127     
   1.6932514845811812E-002 -0.18253463123687080      -0.98305360908762773     
   5.2646459117159608E-002 -0.35125590195409939      -0.93479818232859191     
  0.14286657184941517      -0.25083374354994548      -0.95742967143530944     
  0.24835017749245228      -0.39088227460090230      -0.88630312915069420     
  0.25667135903982158      -0.38527251312667876      -0.88638868679474714     
  0.35020889576833913      -0.19449376440912322      -0.91625646242233671     
  0.36757039297021210      -0.16653311741170243      -0.91496378453841409     
