  0.32033664966826797      -0.10715717662823365       0.94122354962907540     
   7.3830444054252056E-002 -0.58086497374099455       0.81064477288861103     
  0.27254272442140870      -0.66386381406973782       0.69642321883588920     
  0.13112719671476261      -0.92919757400858594       0.34553947204091928     
  -3.0622386054324817E-002 -0.95062295654312789       0.30883371572020407     
 -0.35171411891148052      -0.87993076180520313      -0.31940418436090562     
 -0.16455259808290906      -0.98610758971872481       -2.2677388811631231E-002
  -6.5304661335732692E-002 -0.96937744955055261      -0.23673331305652764     
 -0.23789518184137370      -0.77597335451154748      -0.58418424794303048     
  -8.9912553296444431E-002 -0.83845151544311647      -0.53750794320719775     
 -0.60752407906658334      -0.43333059761561676      -0.66568692831120513     
  0.39726914418637205      -0.58475500664605395      -0.70727562468940863     
  0.55458915748025994      -0.46719288065768227      -0.68859398680798911     
  0.38770493443152265      -0.13372263228497352      -0.91203242345447755     
 -0.11454877279204970      -0.34512848939927715      -0.93153899781855198     
 -0.35104387517894908      -0.60650126862830922      -0.71338938094957594     
  -7.8883831538887922E-002 -0.13100085583154350      -0.98823889667082931     
  0.16613029773383159      -0.53444176619350758      -0.82871751684325445     
 -0.23711879263418012      -0.81755148735827476      -0.52477065819080659     
 -0.87822783552039152      -0.17970614278003863      -0.44319473278046662     
 -0.92860720639080263      -0.11845936168451715      -0.35164760182376797     
 -0.99458947011190357       0.10292690711159798        1.4065480262760083E-002
 -0.21108102861026343      -0.96811475141537306      -0.13490228853819605     
 -0.41221736355909705      -0.44980524966462843      -0.79230807300860762     
  0.51089445338335526      -0.58308544464434453      -0.63166306029884167     
  0.90034925938344257       0.42454106215484039       -9.5582936093259616E-002
  0.80134375922486634       0.59467889838150578        6.4847416071724950E-002
  0.36871923971473380       0.92924219438384414        2.3559848066650430E-002
 -0.29264518984253324       0.83604641599365614       0.46409609259960810     
  -3.0750494489251271E-002  0.96571186791751695       0.25778866393217004     
 -0.33629379188300063       0.39898528137034672       0.85306343890169356     
 -0.55808340831157233       0.52489256019358677       0.64267465300941296     
 -0.66493593153438812       0.58582710621594636       0.46332149591522404     
 -0.11922521027616134       0.92736681028262935       0.35464933162328371     
  0.49747457901605463       0.85778264551380345       0.12933667804664503     
  0.54553646498900699       0.47060753137065869       0.69348288860252794     
  0.96716838646513437      -0.12837779811836414       0.21932727411955033     
  0.43584969953367786       0.89987459262663172        1.6147970815519087E-002
  0.30364464713470363       0.82564403301912381       0.47551220700037655     
 -0.47195821807207272       0.58816265636293574       0.65674967076835378     
 -0.53083763808247231       0.73435948113271277       0.42299829132695976     
 -0.15122659436159192       -8.5021541207585330E-002  0.98483595318637207     
   5.4813556544018510E-002  0.89639185937918220       0.43986032835179545     
 -0.25317359391775046       0.84946569718042031       0.46293753429224449     
  0.68405074193268611       0.70918214170216110       0.17069057487782507     
  0.71419122433997606       0.69616581786347065       -7.2691465209340250E-002
  0.35931771638374799       0.93186265556691539       -5.0227182407369890E-002
 -0.57532646152779809       0.75823377926342783       0.30672626012430965     
 -0.96422407633912188      -0.26473504968533373        1.3685177241024374E-002
 -0.64762643297279454      -0.42441325404972829       0.63281386923948835     
