 -0.81255594193686487       0.32854695387034444      -0.48146624006840599     
 -0.74873023350191192       0.41057839377076566      -0.52041177927559279     
 -0.77269044077244975       0.18155679041262307      -0.60826525019430466     
 -0.60645454702152368       0.28195095229143446      -0.74344908561304723     
 -0.41208130607697685       0.65286626478930754      -0.63557425803909995     
 -0.48456299784797513       0.48745002204001103      -0.72635471852929323     
 -0.27820082977392452       0.63795382338977302      -0.71806630441448149     
 -0.13921074308999407       0.76973859951330437      -0.62299507014713540     
 -0.24829250874045214       0.78253570636845537      -0.57095419988103724     
 -0.15352119240067530       0.80128445710875529      -0.57825121035740989     
 -0.28059452684906611       0.82624725294397239      -0.48844875729688941     
 -0.22375392153406765       0.75614968073333677      -0.61495678134728349     
 -0.25203706466873210       0.77505332444493047      -0.57945635064259027     
 -0.21745174208928192       0.76594271607333042      -0.60501776466194901     
 -0.35846509042620212       0.72973458540999947      -0.58222866109650184     
 -0.43934365382399510       0.71176985964910455      -0.54805184128845863     
 -0.35695356643165038       0.42075280179854091      -0.83399714099653699     
 -0.17024233649958898       0.35228260589627636      -0.92027958384725950     
 -0.22982574556848734        6.3944674516925773E-002 -0.97112883042097509     
 -0.33311674496121552       0.25988126890337604      -0.90636359166706715     
 -0.49849849697579396       0.59582952614533835      -0.62967167975564264     
 -0.65116402792286177       0.55109984311602256      -0.52179916793414538     
 -0.58307832515458158       0.51882299145719368      -0.62517387203107921     
 -0.64690546439411478       0.54788292103430158      -0.53041269307582961     
 -0.57578590143153197       0.68925630394340165      -0.43976851090880970     
 -0.47231644006021761       0.73415204605906614      -0.48778884131982703     
 -0.77241426555496817       0.53197311613119025      -0.34695937237787938     
 -0.78875826542079963       0.61095647346360260       -6.7768622999794623E-002
 -0.91188062951328730       0.39628030072912762      -0.10693755548207431     
 -0.93776364590602479       0.30037065401110180      -0.17428945643951077     
 -0.89304973149639089       0.44419772854626444        7.1767367435017854E-002
 -0.85404766521152065       0.51694974234593627        5.8013355662444421E-002
 -0.92439016285420850       0.38138869070735154        6.7448809406652592E-003
 -0.91609329072230172       0.39743339638377789       -5.3101583144439558E-002
 -0.90955099355902369       0.41465452082207827        2.7903735907658090E-002
 -0.81953522294786763       0.49235754871208876       0.29316558900050915     
 -0.81677545655470551       0.40877554776619179       0.40716139934712769     
 -0.75845490756380862       0.50211453636918324       0.41548423021716963     
 -0.78100439801066257       0.59761824036415312       0.18134102975353231     
 -0.66626804460498756       0.74171118127628177        7.7145423117649464E-002
 -0.76021784827923322       0.64965375799718117       -4.3379577968804192E-003
 -0.80943801839849439       0.57704801515469306      -0.10874595430252865     
 -0.74192853614568155       0.66348068153816342        9.6620041805018306E-002
 -0.73093115242114737       0.67642167906233086        9.0517194581039878E-002
 -0.65748168948631425       0.75296323583513658       -2.7644049466849605E-002
 -0.52481316500098396       0.83037551831712442       0.18721015042259553     
 -0.62434301410704673       0.77408835942379040       0.10479986899010013     
 -0.50427506945973566       0.86299033893498533       -3.0892219510600845E-002
 -0.68625364038663450       0.72699004260218270        2.3268412351919284E-002
 -0.68707556310627116       0.72654918742832353        7.3108706365209962E-003
 -0.64609830656157263       0.75361298240426056      -0.12093159640903191     
 -0.76551356018329086       0.62036265629187581      -0.17070197378472643     
 -0.75226023668756659       0.63820014243293677      -0.16372267557477060     
 -0.60911612574925766       0.78175519594732790      -0.13355283209871394     
 -0.83057648033542975       0.54435920030285745      -0.11754050943932803     
 -0.76669139050585500       0.64183629004604170       -1.5181847850353753E-002
 -0.59138467304192943       0.79202900444203128      -0.15150651673666257     
 -0.56375414033316762       0.75862013332111211      -0.32661408814851106     
 -0.64772169219012177       0.68952399926150387      -0.32405750092968910     
 -0.43584966657182056       0.86542478840352011      -0.24713357474445183     
 -0.41698323482678412       0.84978968354965456      -0.32246313836774737     
 -0.37483075798471116       0.91745229463911515      -0.13335362735987599     
 -0.32328778003061415       0.88664386361302738      -0.33067759283062437     
 -0.12982172138136355       0.87889237555994826      -0.45901471963345908     
   6.3867078597443408E-002  0.89478082667241388      -0.44191432256816254     
  -1.0309254715500227E-002  0.88744533845491824      -0.46079766766103936     
  -3.2465948202118476E-002  0.83112156938861281      -0.55514223321988387     
  0.12667453242410223       0.66888693624842521      -0.73249152169246479     
  0.12472427219383916       0.78465507804355961      -0.60725634161052222     
  -2.9368478025507599E-002  0.84873803804189174      -0.52799738188675938     
 -0.13358072182443076       0.92328793363201889      -0.36013272881868952     
 -0.11751483149735004       0.86510018879977779      -0.48763913677714732     
 -0.10453114395195097       0.83617837143657969      -0.53840409646082665     
 -0.32853109212619025       0.82965067540281312      -0.45138351577127633     
 -0.28093395511358177       0.70500327088294890      -0.65118852946637740     
 -0.29731840694774608       0.73188580384453494      -0.61314348648657091     
 -0.37131395742840001       0.74921377744119255      -0.54845661698184700     
 -0.24321717823649019       0.75723763628895413      -0.60616546123826720     
 -0.29197042275732799       0.83700104219277571      -0.46279858211009767     
 -0.26229701657389037       0.89809142865520997      -0.35303266261422034     
 -0.31326437990032457       0.87422349695740476      -0.37094299515321966     
 -0.27490491729397648       0.68378025247436303      -0.67592296363838578     
 -0.27509831727447298       0.72990896224622115      -0.62574261694837341     
  -8.3870922060819503E-002  0.78908133671351421      -0.60853620474305359     
 -0.11487847777138999       0.84088218517174751      -0.52888570221337061     
 -0.29498119531050210       0.74718414616408135      -0.59556859062096434     
 -0.15217522668486549       0.80703334005954919      -0.57056102952771781     
  -4.5673473536374770E-002  0.81031969747095944      -0.58420537630673419     
  0.14108739742088300       0.72778393171891165      -0.67113701657765801     
  0.13451050699501008       0.66796232393931598      -0.73193801466076847     
  0.14080435054174675       0.68183877337789611      -0.71782311329954485     
 -0.25962725451692953       0.42101023467268101      -0.86910532791650619     
 -0.24843241675631395        9.8992845533168519E-002 -0.96357757904481423     
 -0.11999931259169835       0.20796811181984265      -0.97074684106805387     
 -0.16889892227130759        4.4933433324030554E-002 -0.98460862307076569     
 -0.34240481932561079       0.12415368643313064      -0.93131348204977116     
 -0.29747130404201638       0.12839850621438298      -0.94605742260894288     
 -0.19475795558798170       0.31856475365478859      -0.92767765762902099     
   8.7421382226089181E-002  0.50432893528401002      -0.85907498331925858     
  0.24065523641553790       0.54075270914322815      -0.80602206219186912     
