  0.26779974403168677      -0.92580562190855065      -0.26677190170454934     
 -0.58158955604604246      -0.77993352436408991       0.23120831704585995     
 -0.62500587782214811      -0.29678557435581177       0.72200136810262716     
  0.18529992656634886      -0.64167428209702237       0.74425671169953755     
  0.61501104492356040      -0.78301004377031613        9.3041313279888405E-002
  0.95140204013806040      -0.30680793781390941        2.6515039421648567E-002
  0.42674548442183685      -0.51971197842936934      -0.74012684791366912     
  0.82512047457995663      -0.53934800425101403       0.16816638409451110     
 -0.29950463857409632      -0.95371731037674612        2.6837722711740730E-002
 -0.19256428371285869      -0.58948556836405741      -0.78449076561081033     
 -0.33556019400820702      -0.80999109806165381      -0.48095090940559326     
 -0.59666488199057943      -0.51181201813696231      -0.61809342068147111     
 -0.98989403717669799        7.7892764172575832E-002 -0.11850110738543657     
 -0.85639100683512170        3.2280396346703578E-002 -0.51531778488971047     
 -0.23867116658902215       0.77245649176539932      -0.58851256789341511     
 -0.86498349653895967       0.15175228775464999      -0.47830408097410243     
 -0.72479525362084452      -0.33065841096833315      -0.60443101805302368     
 -0.52667066298874943      -0.79300758236092250      -0.30619762746482831     
 -0.59767971961703881      -0.68241011444762001      -0.42082702914393516     
   7.2772213810476119E-002 -0.93100088930874492      -0.35768917932125255     
 -0.49786546160843503      -0.78858853283848707      -0.36091288147294887     
 -0.20271178941394949      -0.93644151566532852      -0.28633060990937115     
 -0.21104913054968033      -0.94081043190153302      -0.26520557256499777     
 -0.71213610876009503       0.17743603296808658      -0.67924856776047837     
  0.22774678472970786       0.93238634531750075      -0.28069040794230060     
  0.57725316353515821       0.74605125473194522      -0.33194323385425478     
  0.93656664340173634       0.30972547170715253       0.16405198762296525     
  0.44545463203941460      -0.46171589155269882       0.76706492963917938     
  0.76677836255116794      -0.54103069740273535       0.34545148312214813     
  0.90013905897809054      -0.39836130116273616       0.17623265372221666     
  0.76451894880934224       0.26267959816664821       0.58865117482127860     
  0.91877100668709899       0.20267329260135131       0.33879695060214510     
  0.82187364385085981       0.32490847108791954       0.46792969446124877     
  0.62540284583952088       0.75749288042090457      -0.18728538791770924     
 -0.22383677571927207       0.66113880177533169      -0.71609537257455125     
 -0.21429394904414281       0.91751506005942884      -0.33502868230525795     
  0.22642858708154492       0.80431982358660403      -0.54936300961920614     
 -0.26432639868660285       0.95766146545703412      -0.11408800347125042     
  0.32800025179119746       0.91648094024907378       0.22908190889962043     
 -0.26176010486319562       0.82857402227264387       0.49492094026920402     
 -0.16963358710314197       0.90259638543764642       0.39565668340295679     
   4.8417423221803722E-002  0.81865440486379104       0.57224183570034204     
 -0.40395344808611783       0.68576969042190583       0.60542674493120419     
 -0.57664450441410975       0.66781758135958813       0.47063870809365260     
 -0.16805013317173226       0.70270231006350636       0.69135274366448862     
  0.11121003935199153       0.72367121098273657       0.68112576338157760     
 -0.29904904788295755       0.54067978393291183       0.78627923678969902     
  -2.9346784096185574E-003  -6.6284250079991003E-002  0.99779646514407339     
 -0.14258376125458219      -0.94237540975818990       0.30265237172310905     
 -0.62929037013885480      -0.60315330178638915      -0.49010174922629363     
