 -0.99805532496616756        8.9908433284137147E-003  -6.1682518130535727E-002
 -0.25128018705994765      -0.73325458725800519      -0.63181957698081592     
 -0.93076129452006051       0.11984357396716777      -0.34542861838896166     
 -0.92737430562836165       0.16003406969000988      -0.33818041604854487     
 -0.89619622382844477      -0.44365741162612243       -6.5536618880954189E-004
 -0.48190156545205770      -0.40433508459687406       0.77735707405212184     
 -0.51823757589529040       0.46101697286764437       0.72034239473886663     
  -7.1232988483268450E-002  0.49353697847571237       0.86680281046429797     
  0.26103556149348922      -0.26669590854056158       0.92775736483387616     
  0.81651052504821309        5.2378001118183054E-002  0.57494965647815610     
  0.62203700829402930       0.77782772781301512       -8.9744003464649225E-002
   3.3523602475488058E-002  0.97840352022648125      -0.20396744761235952     
 -0.16156207099028022       0.59817962282611337      -0.78490689642335842     
  0.12493645308922074       0.65710399339457282      -0.74337421569113060     
  0.77340945199360889      -0.10620283408158210      -0.62494701983447176     
  0.53760874014860294       0.54385651316068973      -0.64435776988296090     
  0.78530340940918297       0.29809706702273203       0.54262021138432737     
  0.40347683051142019      -0.80963535352887550      -0.42625935949447086     
  0.64475752026997435       -9.3604846432636807E-002 -0.75863421540267895     
  -2.5350703341184323E-002 -0.97967977682025698      -0.19895948514592043     
  0.27362585483560248      -0.94236944274316914      -0.19253239973942651     
  0.97448266478195400       0.10746705478327100      -0.19706437571437377     
  0.86140178688560709       0.38407713414868361       0.33237285775832032     
  0.87874942806108258        7.8933641579326766E-002  0.47071108220368613     
  0.78425274188535976       0.30732273617712991      -0.53898086484950236     
  0.59623719375687356       0.79590609686855951       0.10504615056448148     
 -0.24154228140186196       0.88076012155544026       0.40733147996791980     
  0.41749472729129200       0.42190443498932495       0.80479488096056595     
  0.31924736226633654       0.60628998555220726       0.72834989881587775     
 -0.85083187073082811       0.22030652584611127       0.47702218231262072     
 -0.69632105351611573      -0.48312702694682208       0.53077798208266191     
  0.24512928017869290      -0.69991253444712453       0.67084579459282112     
 -0.54793319088751979      -0.69922098574466662       0.45919411082686246     
 -0.15363913550440431      -0.98401280768460886       -9.0076691514035467E-002
 -0.51071788961363029      -0.85929622712682030        2.7878867879014613E-002
 -0.93334522512319795       0.24540922503924123       0.26199428048214385     
 -0.66471035613818819       0.20320254790407946      -0.71893592688634089     
 -0.60881953728498317      -0.52869981325033666      -0.59145183953484526     
 -0.48228258708977612       0.85791102186365009       0.17717839810444014     
 -0.89414568527897187        4.1791222238807872E-002  0.44582169893442369     
 -0.81373793423161334      -0.47527014920389898       0.33458759640513858     
  0.18175812713232273      -0.96713994647849943       0.17777600273071689     
  0.38980200470007986      -0.91779965464533375       -7.5486363435399717E-002
  -8.5749932236748733E-002 -0.86072798830680930      -0.50179107133019341     
  0.55637411765227152      -0.62001637388474762      -0.55319755722658681     
  0.38459671166420173       0.81724021104492650      -0.42918970960209052     
  0.16933351353796680       0.95919510257978524      -0.22643082029583134     
 -0.23574046088131037       0.35414965708440010      -0.90498864937106516     
 -0.14962075850922193       0.98593038357518215       -7.4531250938225796E-002
 -0.86835499389154769       0.41304179298238430       0.27451062244202651     
