 -0.70333811493442977       0.43742092281454803      -0.56033778416643121     
 -0.64156130881146611       0.53287047891045991      -0.55176819384760800     
 -0.54210967868631510       0.35501531709254552      -0.76163063285577837     
 -0.34518516442985531       0.53203988852758655      -0.77316282843466344     
 -0.22516576226663765       0.80767189215495649      -0.54494632224258266     
 -0.21476337011793808       0.70662083764058858      -0.67421338363139183     
  -9.7955551370677615E-002  0.85916979958721917      -0.50222700587774272     
  -7.9401003164421571E-002  0.94670281788565758      -0.31216863279939555     
 -0.18867795828548894       0.82160530928908848      -0.53792689448028086     
 -0.14185421130708642       0.89336235769708949      -0.42635792543864881     
 -0.27919833811799122       0.83562560800238805      -0.47305193292362496     
 -0.13527972935678406       0.80222386312323302      -0.58149485660735090     
 -0.13655273445895680       0.80137995529787254      -0.58236029909203046     
  -6.4225397717493471E-002  0.80503380130589053      -0.58974204279753861     
 -0.20168178205286730       0.76032973877580368      -0.61743270655278115     
 -0.28727771271402536       0.71660536450949686      -0.63556924668678272     
 -0.25553040635071367       0.38597842021056339      -0.88641123106715658     
 -0.17290803369858190       0.15725427891571417      -0.97230340102520763     
 -0.14653399076185861       -1.8417160884522082E-002 -0.98903417420044459     
 -0.24827404858258961       0.16052914238389712      -0.95529597049600790     
 -0.31352351953769225       0.49920804387230827      -0.80777121242953276     
 -0.49970054252065849       0.46624027268330087      -0.73001327106618874     
 -0.63641063210378002       0.25900772797359556      -0.72656486578640500     
 -0.69107627186281406       0.38338193587012559      -0.61272496090551642     
 -0.52068387516923287       0.52593046566308088      -0.67252170777318099     
 -0.46656895860847925       0.51284918087778653      -0.72062412153354338     
 -0.68534942269111476       0.54293217854643527      -0.48530487151457535     
 -0.63703704613151957       0.72210045631456143      -0.26973085260371588     
 -0.78915676679126889       0.57557544005172612      -0.21434670568220029     
 -0.86627148245739305       0.44020890487238096      -0.23619872724493091     
 -0.78494291767403723       0.60653176232891115      -0.12642720150166870     
 -0.71758923052154422       0.68857562645957948      -0.10454330626726850     
 -0.78005160334568480       0.62067218135716729       -7.9281393827078009E-002
 -0.80353669944242789       0.54140831858953209      -0.24739807034661976     
 -0.80114943813176298       0.55571956824095170      -0.22211559885620247     
 -0.66262227532212059       0.74894276662825154       -4.0561758045994031E-003
 -0.72809244379058602       0.67346057866462805       0.12779766148003924     
 -0.54590302057564055       0.83553392426922468        6.2233058109649395E-002
 -0.58962662260659615       0.79237438128231041      -0.15647135776566545     
 -0.57868677330186791       0.77869498870203524      -0.24239581880845537     
 -0.69007385930803433       0.65453683381042826      -0.30883588179670818     
 -0.80473890356219102       0.52048651029271042      -0.28546293927033284     
 -0.77702878381294616       0.61791722696332685      -0.12001903910692274     
 -0.77442013617549210       0.62384208118771500      -0.10533048193825002     
 -0.63223513480232341       0.73975599077316156      -0.23030373083545483     
 -0.70102711761763559       0.71301902594922018        1.2839353533898781E-002
 -0.72942649546528981       0.67188135534124427      -0.12850070839519939     
 -0.52809332359277372       0.81568599017224397      -0.23616478783573935     
 -0.74202510285117573       0.65445082036351798      -0.14523384751576501     
 -0.81442042654826463       0.56436182095023724      -0.13496334270718263     
 -0.77837659847914442       0.59494423278195019      -0.20042761990191699     
 -0.78940570831406509       0.45629907855575025      -0.41064556321766488     
 -0.75146617976118346       0.46614449834495131      -0.46691314753161905     
 -0.65411124243141383       0.63611223707796194      -0.40926727741724289     
 -0.80167281289524195       0.49561783149195809      -0.33419106237578128     
 -0.84631731145358002       0.53117514254197784       -3.9999703492800145E-002
 -0.69033515413287616       0.67831579824760602      -0.25164469558500868     
 -0.68870863941284477       0.68937147889971495      -0.22460492888122904     
 -0.68329400787015848       0.72224881336212154      -0.10707917820822810     
 -0.53628243634992623       0.82897123161409869      -0.15876978811728565     
 -0.52728261068368010       0.79999285474117932      -0.28632932234346176     
 -0.50423576673857873       0.85473471938227530      -0.12318624527139548     
 -0.46373468034112469       0.84671048655268843      -0.26082848427776584     
 -0.38774314094931472       0.82327232308616893      -0.41458164296923800     
 -0.39507378493673584       0.85392568513686817      -0.33871467154421653     
 -0.46441046853799811       0.82803593337621118      -0.31413278999510547     
 -0.45272588930956664       0.83363663612441119      -0.31636881651017607     
 -0.27498131739703802       0.76455616804235194      -0.58295723770358487     
 -0.29032940599049084       0.82377548401406941      -0.48693201574204892     
 -0.46436115345546342       0.79977596790871563      -0.38043017797908196     
 -0.52994660556696715       0.73211349461498543      -0.42797946942662896     
 -0.47030324676399127       0.74258818498666945      -0.47684131910046956     
 -0.41788181514805667       0.75914628922871974      -0.49907083677456310     
 -0.54030414771504476       0.64004944469750769      -0.54626745858081138     
 -0.45800597951162636       0.62092317029641986      -0.63614851986044696     
 -0.46926555974544659       0.63322365722747798      -0.61548162796647610     
 -0.57841480475663176       0.54474728529262406      -0.60719577469270625     
 -0.48959546310167934       0.76355125374091637      -0.42105316222649236     
 -0.42529881286946675       0.78141696934630234      -0.45662724380994019     
 -0.42875197265341652       0.81177011241706287      -0.39648585161667244     
 -0.54389531940783820       0.74817935459311369      -0.38000728267611777     
 -0.42573849125719215       0.66748287560157027      -0.61091189859153772     
 -0.47151078379108408       0.69382124900517594      -0.54432495367897160     
 -0.31523390921707461       0.82451717806877600      -0.46989254681173576     
 -0.36049181412193282       0.84059881824555427      -0.40427624060198036     
 -0.56400717399416478       0.70150967456283497      -0.43563756056825514     
 -0.49865203268356822       0.73412723382488698      -0.46087238456774193     
 -0.43941797605094435       0.74907505738447633      -0.49578059736917229     
 -0.20498349173284119       0.82274840704102381      -0.53015736043977124     
 -0.24192624424828868       0.79124674312780319      -0.56160509598255526     
 -0.19586489371005766       0.72558566813547998      -0.65966838760724922     
 -0.47414336633042042       0.45901564202149386      -0.75132729788319086     
 -0.43596240977725259       0.28861752289405557      -0.85242988142117149     
 -0.56230792067846136       0.40615466708461728      -0.72031117494291697     
 -0.55000358537365646       0.39597689344601367      -0.73532194033155995     
 -0.59526767897598043       0.46110234997849919      -0.65805851807484750     
 -0.58278971042944228       0.40735063508324865      -0.70315120245567386     
 -0.65600510990449024       0.41421009755704097      -0.63094159068886668     
 -0.60522031408965504       0.64759003312565788      -0.46296384352294245     
 -0.51042911712967143       0.76800224178839938      -0.38682641196563849     
