  0.12348157968398314       0.47669550819414691       0.87035262505851463     
  0.79765162238711895       0.17660597139134526       0.57668207894135093     
  0.52697036069449088       0.72970207073668170       0.43570302605344902     
  0.21321616334912172      -0.14637462200837820       0.96597791782142706     
  0.33205018553002774      -0.93201474435785625      -0.14522806405460839     
 -0.30089505720672527      -0.66825573078408218      -0.68036493356346650     
  0.41836604858133175      -0.44816921558805584      -0.79000898956508991     
 -0.19048145185014395      -0.84235274869291898      -0.50414151115592043     
  0.27490849341728674      -0.69307990155737442      -0.66638245047740285     
 -0.20722998422715977      -0.83283599706513123      -0.51326400188375643     
  -2.4187269404269830E-002 -0.99045945234803656      -0.13566521018014446     
 -0.34153111723564789      -0.73028507635685447      -0.59164195524846019     
 -0.56804871826416126      -0.76178389079344244      -0.31145779394013184     
 -0.32275415526802365      -0.40948451193208030      -0.85331834021365283     
  -9.8557274912297668E-002 -0.89480433890390887      -0.43544420841317300     
 -0.24580921929803240      -0.60151490209933389      -0.76010371020047929     
 -0.70797200918707270      -0.52192612877719158      -0.47578225093765036     
 -0.60001273584039760       0.18346044317397514      -0.77867000880973047     
 -0.61977251294945601       0.62176912624682579      -0.47883732711496402     
 -0.43429051563358007       0.63784310846017400      -0.63604081395822054     
  -9.0352490431967497E-002  0.50160787934825390      -0.86036385491751899     
  0.38494430922817796        4.6708333178450322E-002 -0.92175713200635390     
  0.24473865634412517       0.84378447854774408      -0.47763034226568146     
  0.20400812847406558       0.18993121664121787      -0.96036806301634881     
 -0.28109401375939908       0.49347851619120520      -0.82308268690722286     
  0.25391525385149322       0.81387552032396304      -0.52262192958103859     
  0.38489466278832851       0.92084323731723305        6.2480643756543455E-002
 -0.29682474555601551       0.86839304642414050       0.39722611614525372     
  0.45669346556922008       0.87736060847377961       0.14720543877494507     
 -0.36410900116805556       0.92020527959498000       0.14369021773918561     
 -0.20442825076125618       0.78541229434348292       0.58424020589549008     
  0.29017522946556368      -0.43043052468675519       0.85470924858837627     
 -0.26924371082195420      -0.53794195833784664       0.79882806262827699     
  0.61982940657022856      -0.50162844596981082       0.60347361909592223     
  0.87743888164163975      -0.44226696329584181       0.18574429240370327     
  0.94354814325098701        6.3167102246796059E-002 -0.32515660620897485     
  0.52025015915010286       0.69293901323812757      -0.49917461457576423     
  0.55669431745101683       0.82760750600343713       -7.1814016212124354E-002
 -0.30334627643499362       0.92773375815405679       0.21746519389176211     
   1.7415972599174157E-002  0.27360260204228282       0.96168513561047275     
 -0.62592803223454430       0.46005425229231200       0.62973342249777753     
 -0.78872498232173949      -0.10098407277621013       0.60639518410614268     
 -0.85587330262892425      -0.40550089171157100       0.32101388859079971     
 -0.66074571030096541       0.61303077843463283       0.43313781988037076     
 -0.13627908812003531       0.69109853249953557       0.70979632889878796     
 -0.20173512211745367      -0.67432250980096287       0.71034646003201218     
 -0.48492899518283317      -0.44531498002271164       0.75268747711010509     
 -0.57218436782380144       0.50873616827466284       0.64326709872908905     
  -7.8213451821294799E-002 -0.64407135218822442       0.76095647000644862     
  0.73497478803038030      -0.67493549113566342       -6.5376936033673491E-002
