 -0.65404098483770079      -0.45308776209515983       0.60575726986319334     
 -0.66343707468698832      -0.31577556534183504       0.67833401821213268     
  0.37412448713225110      -0.92631635757746589        4.4371993559727652E-002
 -0.35928958146478240      -0.53615637651303749       0.76383724482072046     
 -0.43032082388543980      -0.77044032470585799      -0.47036761644240066     
 -0.77742483631105008      -0.30158925655356489      -0.55195520127835740     
  0.51971418578883544      -0.29527525200084354      -0.80169176785452345     
  0.80075506876895675      -0.17027563935457943      -0.57428000703772042     
  0.84100547397977266      -0.44788750568145114      -0.30349065058172975     
 -0.10492473160713812      -0.93888474305024261       0.32785094168637008     
 -0.21354708093142055      -0.97679972840874230       -1.6122493799363979E-002
 -0.78123960666983705      -0.60268112153822506      -0.16260425182563448     
 -0.91320721658650506      -0.40371852656434160        5.5352785684664521E-002
 -0.67370550591621359      -0.12538096139887775      -0.72828600550668732     
 -0.73721793681389847      -0.33793782394119209      -0.58507071434974578     
 -0.51162335037118689       0.20503678380781415      -0.83438687947541645     
  -7.7783472566315792E-002 -0.13452438278385273      -0.98785268225184741     
 -0.90990257336779834      -0.15692380124193075      -0.38399508796657172     
  0.29906044563284478       0.32780725749786038      -0.89616139829254182     
 -0.21340095186577851       0.11172299441010621      -0.97055551426122744     
  0.24695612439337292      -0.36392032588320955      -0.89809502227420701     
  0.77265935785514694       -5.2927138652344045E-002 -0.63261065017354612     
  0.51427011414998502       0.17726782932995638      -0.83910807788797825     
 -0.26750966136989751       0.14463365083734950      -0.95263827768954623     
  0.32731818021503672       0.74940429506899231      -0.57554844403657357     
 -0.34713659330659002       0.93546299113949205       -6.6371513437069096E-002
 -0.57326517152654077       0.62024100110635016       0.53541399277689639     
 -0.20801407539110478       0.53754003789095761       0.81717859253862812     
 -0.33839755902846674       0.88890440885129840       0.30876535422280249     
 -0.12402115518106774       0.35410061037879192       0.92694741533537650     
  0.21119279557741649      -0.36653006938784283       0.90611992105391104     
  0.42518087163084017      -0.90327919858680006       -5.7514483390238791E-002
  0.77549930228348807      -0.59580838739370801      -0.20883773047300525     
  0.94429375509322377       0.27243194994407871       0.18463514492540511     
  0.81588399349927332        1.2123635075065059E-002 -0.57808851106405446     
  0.95756942098939768       0.25163231650212486      -0.14050616099582178     
  0.78807614260947922       0.57855317072334100       0.21026702569764766     
  0.40810422150054082       0.58932626026486135       0.69724135229895312     
  0.56815578497686869       0.67443441207411348       0.47152648685686027     
  0.29177945431327124       0.61909450873469063       0.72909995151228735     
  -3.3325433800946269E-002 -0.32232263111756199       0.94604309464814906     
 -0.38883509656320581       0.10859957305362228       0.91488436450366828     
 -0.67156890205652142       0.14271222019778756       0.72706838192623091     
 -0.37847659459693261       0.55840055829157842       0.73820341630338326     
  0.19865474635350405       0.95110800245125049       0.23649494587507924     
  -3.4474741030456071E-002  0.78159006540618836       0.62283903369109694     
 -0.71025860064149759       0.54237925710173518       0.44872871724527447     
  0.85697649103891604       0.49900199166225156      -0.12879559823140338     
  0.55387780814182996       -5.9331694970559908E-002  0.83048126024611157     
 -0.57964154427405812       -6.6124774739191622E-002  0.81218421205861446     
