 -0.63043414517014706      -0.70872946294552563       0.31663123180841002     
 -0.76146388492190964      -0.64340193552686264        7.8782620671807829E-002
 -0.21187743750072069       0.11721423225393382       0.97024160662964032     
 -0.61206220303604375      -0.73930549705195614      -0.28072627529937982     
  0.29478229208866030      -0.94849958310585092      -0.11598250350375625     
  -8.3310687648306195E-002 -0.87966994648127694      -0.46823083471854166     
  0.33787048595880964      -0.85908503279395154      -0.38446903795676102     
  0.80632243082113908      -0.11016008082883536       0.58112726157572792     
  0.31583432507670239      -0.43878504786750033       0.84125879541986104     
  -3.2631769093490429E-002 -0.99884990688833630       -3.5128779582854340E-002
 -0.14654326920510119      -0.69484580436342014      -0.70406986756234946     
  0.11748707587437857      -0.41903345421709876      -0.90033757627312405     
  -2.5499596182680120E-002 -0.55864701962385743      -0.82901343659792848     
 -0.82265916578960974      -0.30157574939473275      -0.48195846742158521     
 -0.73986058463964699       0.43325745028033014      -0.51467882905093087     
 -0.86023768068159889       -4.3300078648550455E-004 -0.50989307236505921     
 -0.88996210123336783      -0.31430497283132330      -0.33042373162624789     
 -0.75250745378283823       0.65856882914801085       -4.4304938669363775E-003
 -0.95688956021534333      -0.27997434118850539        7.7309364419733614E-002
 -0.97900440844200587       -1.0906813766275494E-002 -0.20354706989944152     
 -0.53007904999928868       0.40215687671189265      -0.74651593905638458     
 -0.50351111338642018       0.70922409848267298      -0.49343463278114258     
  0.41794739178122314       0.87778821688230080      -0.23411070886637614     
  0.33881906486467905       0.93364791164355010      -0.11620334921139129     
  0.29009255011537793       0.80516157205638406       0.51726313927372392     
  0.92509752571389825       0.14050287553744095       0.35277969029382850     
  0.74064023645203414       0.31182217716485405      -0.59516297765948611     
  0.38481767784611909      -0.54069879552965938      -0.74803754406442513     
  0.20540654782890974      -0.55835563002267519      -0.80377057704983590     
  0.49885876663464090      -0.82712571337668928      -0.25884934850774211     
 -0.31195031213049129      -0.35196863232391251       0.88249933972878059     
 -0.96614922560835992       -5.9243710644656051E-003  0.25791583061898143     
 -0.65336023398885701       0.51049462211088315      -0.55903098790485328     
  0.61898827312017102      -0.14729974209411112      -0.77146374102658699     
  0.65630577106413646       0.71711160793445650       0.23454994485947195     
  0.95308833977304264       0.30182458246622496        2.2902794758239465E-002
  0.35308322686815191       0.91318359002666172       0.20353861012200120     
  0.85563938614675772       0.49872153926890672       0.13841266973675739     
  0.53194225842642073       0.72743455464834639       0.43344711604043823     
  0.83220516097607078       0.18102915075306178       0.52408302455091449     
  0.78221885077061171       0.46770488911162111       0.41156506921774261     
  0.66203887442117193       0.17918075816689988       0.72773538093039603     
  0.45427500292731915       0.44714865018623751       0.77051431287940453     
  0.64210206564526473      -0.23468495614209944       0.72981361227006925     
  0.18013135185435600      -0.24899728739018351       0.95160551015191708     
 -0.86116961759083854       0.36260961154676880       0.35623188985880128     
 -0.65579281329741546       0.42785258146029365       0.62199514030678638     
   9.1166878461403242E-002  0.96703096616713413      -0.23778080398870358     
  0.41752366518478584        4.8143360771799565E-002  0.90738977612947747     
 -0.33382687898243590      -0.35732877874398006       0.87228192618566480     
