 -0.59191934304819172       0.60820983396096717      -0.52887833118644567     
 -0.55039331836204952       0.73541470400019948      -0.39526245488624551     
 -0.57939688466360495       0.62278686294837304      -0.52577159811178920     
 -0.38199252771712855       0.68052273785677275      -0.62527634852775094     
  -7.0677385469309295E-002  0.85782869071940659      -0.50905269330575875     
 -0.10842950359891343       0.70468567442083341      -0.70118552681536084     
  -4.1966847372459315E-002  0.74516775098514954      -0.66555526187788794     
   7.4958490193416355E-002  0.79094677675714664      -0.60727623128639285     
   2.6682411128515951E-002  0.82933858065461374      -0.55810892088744934     
  -5.8110770798003308E-003  0.89686956504369086      -0.44225695549252048     
  -6.6962542903914499E-002  0.91738572319867928      -0.39232569724536209     
  0.16780837887047412       0.92416036838383531      -0.34317336943522259     
  0.14355153352173933       0.92377563036802779      -0.35500921391099838     
   6.3215970374871325E-002  0.92347535439945849      -0.37841380908517386     
  -3.2408404171562474E-002  0.92722077218261301      -0.37311035227144546     
 -0.14504368905656409       0.78510726781847395      -0.60213694977427368     
 -0.28021909664436484       0.64661756415807259      -0.70948078451645813     
 -0.33134178563760852       0.43729249447410995      -0.83605495953740039     
 -0.38736885712910918       0.39400678027284780      -0.83348906749009311     
 -0.35118603302016871       0.50362375232793988      -0.78932343579972808     
 -0.46581543768893885       0.65753912180216623      -0.59216406620994011     
 -0.52397586857596967       0.70971760130977224      -0.47090361597799907     
 -0.66695730333913272       0.63974024759271608      -0.38196907091097471     
 -0.70789720221737795       0.68119213180921268      -0.18670519718000847     
 -0.61961243629832052       0.73434030754346824      -0.27717276471798918     
 -0.67013779966901244       0.63002182294047371      -0.39241283372685953     
 -0.74387081886795536       0.64868382281274506      -0.16082755627614687     
 -0.59417169331658892       0.80293630222756074       -4.7468867970709011E-002
 -0.78865914986292363       0.61321874840370771        4.4491706459489737E-002
 -0.76007370833124366       0.64744070309770596        5.5753868708215137E-002
 -0.67201197991094774       0.72342484702071785       0.15829210204304694     
 -0.64002245522019607       0.74385467867710486       0.19248759394850670     
 -0.71773127375876744       0.66296258700266031       0.21293761270230008     
 -0.69583598417672521       0.70853507930629345       0.11743221243438143     
 -0.63198823779558411       0.77221496437785475        6.5382842389557452E-002
 -0.42015063177859419       0.90615731702124114       -4.8501169314939765E-002
 -0.27250420959672000       0.94318845678763852      -0.19009731911478239     
 -0.27384075788450229       0.90137601961419411      -0.33545865704395272     
 -0.44473553755680106       0.82585492840041530      -0.34666112973742508     
 -0.48171190155924715       0.71735605307422878      -0.50334276294981450     
 -0.64125235470205100       0.62337426795628281      -0.44743707897207019     
 -0.75085969950103548       0.58591501235907040      -0.30481684657758928     
 -0.62277083396948307       0.65700824947978698      -0.42484897136804162     
 -0.72878106303514334       0.58529214253109807      -0.35540296854803288     
 -0.60447601574035192       0.62972054682850476      -0.48791472543540126     
 -0.59860721662810557       0.68641559257112683      -0.41292013086796520     
 -0.62247365548818212       0.66072061892226930      -0.41949351836969434     
 -0.62315291998681932       0.48321661743026484      -0.61496515263158469     
 -0.66740311148402132       0.58794408161303080      -0.45705015444442226     
 -0.46547451003578316       0.74555276251300506      -0.47695341367495969     
 -0.51362131762929386       0.68474019508269346      -0.51703385509546373     
 -0.44400205105514301       0.82081605837243610      -0.35933713553816837     
 -0.61536397066964388       0.58244507944486712      -0.53111666612164576     
 -0.43293490745001506       0.63683944918381108      -0.63796777494990253     
 -0.47297010353295654       0.72643553683571604      -0.49858870021917406     
 -0.23455197442699957       0.84706878178020106      -0.47692751045187487     
 -0.36821823172868190       0.76181492284371599      -0.53296656288668753     
 -0.25588037210307346       0.79280187408725777      -0.55316401149762129     
 -0.43473672811983199       0.74112670998461272      -0.51160060298152255     
 -0.27304016351644983       0.70746570951449184      -0.65187524800998731     
 -0.41374299433646683       0.52970029551872866      -0.74042847835889680     
 -0.42960573258206086       0.46833738335896496      -0.77207448467172823     
 -0.56494136941354134       0.30074705466176488      -0.76837000087030904     
 -0.62461972739336291       0.53722095826931637      -0.56678376665819163     
 -0.64216024823132256       0.58474261602494038      -0.49568769260070383     
 -0.62520705752874173       0.64588388054216295      -0.43812115684140646     
 -0.63930480474519613       0.62841949698728017      -0.44314591551312998     
 -0.86267156793012645       0.39920359191351396      -0.31053865796118552     
 -0.82624183983262067       0.48328885077148503      -0.28940682236257215     
 -0.69430843932170305       0.65287386494955091      -0.30280605600367339     
 -0.67490940689033085       0.65970227632629619      -0.33059068211439180     
 -0.73230605042260510       0.64652730456431329      -0.21384642378882854     
 -0.76026191579178082       0.59059475664573968      -0.27055434356003660     
 -0.84151767859745252       0.47028759582261737      -0.26585254150250798     
 -0.96334057150514596       0.23044744801134975      -0.13736417654246549     
 -0.93288806449436823       0.27468790889082079      -0.23295152249588202     
 -0.85035240923881095       0.11561827510468964      -0.51335484273898901     
 -0.88326825254701202       0.28277846900068948      -0.37399669986802331     
 -0.90859497359682073       -3.0771570457154125E-002 -0.41654325634463352     
 -0.89302645300005912       -2.9305093379140635E-003 -0.44999462925367689     
 -0.86263843863210821      -0.19589249652997531      -0.46634863996544151     
 -0.76719158897496176      -0.30365247964476433      -0.56498870556115077     
 -0.92799946482704487      -0.13391122085678120      -0.34768488349273657     
 -0.88479488355040303       0.20651697700592037      -0.41771850838974783     
 -0.92305595779772587        9.7319448522600854E-002 -0.37215134517207904     
 -0.97419218698427446       -7.1581022513243622E-002 -0.21406947478505584     
 -0.95134744496764301      -0.20651472898764286      -0.22866942442023278     
 -0.92690107127106103      -0.30984519586119685      -0.21177903266917150     
 -0.72315769127562546      -0.29934683156246611      -0.62244230895915942     
 -0.67097590201455481      -0.51922726438274380      -0.52933390864120344     
 -0.45477329899570845      -0.76842081354173497      -0.45023405006332795     
 -0.52443640581631634      -0.80059097213545360      -0.28986298761600393     
 -0.52490983370494382      -0.78689420563299672      -0.32444903393455143     
 -0.55161086008787408      -0.74957877682565255      -0.36586488812903201     
 -0.68275987338485478      -0.67515618063269478      -0.27929032752490518     
 -0.70503717183470249      -0.58627093639657235      -0.39900999419565758     
 -0.83997255267915483      -0.48822367247351872      -0.23682009285985972     
 -0.82790801481432275      -0.48848097085320508      -0.27559873025927883     
 -0.93370436570912207      -0.12680139901301202      -0.33483960737056073     
 -0.87529688791660998        4.8081440439252110E-003 -0.48356203299508366     
