 -0.39336172186479407       0.79291082629797449      -0.46535897682436184     
 -0.35894780951626265       0.89695239467871657      -0.25813343782544540     
 -0.42491084056416600       0.86330869163736357      -0.27230292050293542     
 -0.21009964215510898       0.92306925148487107      -0.32218208722623015     
   9.3108978694117397E-002  0.99133905370426545       -9.2615326416666019E-002
   8.2965800205914639E-002  0.93845309761572149      -0.33529458625458908     
  0.16771407952240316       0.96218173485174363      -0.21465855829114988     
  0.26873815982068772       0.95713503914505349      -0.10803850377058989     
  0.28295790279819377       0.95316611075141333      -0.10681381258557199     
  0.19841152697758135       0.97961392053093743        3.1455248599061833E-002
  0.13115481463342879       0.98834994322077263        7.7219196667329792E-002
  0.28036981144670770       0.95959606898130945        2.3835964947156965E-002
  0.24203821938783091       0.96626656095024333        8.8013825873848039E-002
  0.13115675305689020       0.98583805517346534       0.10450471328779941     
   1.6594482680491681E-002  0.99615509021535376        8.6021272849204758E-002
   3.3889271406128317E-002  0.98315253680074555      -0.17961794639125256     
  -4.8195651238217910E-002  0.91099883789136249      -0.40958307650866277     
  -1.3445796110514524E-002  0.81012183841711083      -0.58610734297279277     
 -0.11561385887206158       0.66418773117451935      -0.73857165758912491     
  -8.3552916262824642E-002  0.74082585218193264      -0.66648028247120428     
 -0.30009865794406076       0.85415031926687313      -0.42469757192202467     
 -0.35551167936020056       0.85742787605808579      -0.37206032198690919     
 -0.50418544511754848       0.78490975118379458      -0.36015790901797867     
 -0.62376993447776263       0.75619547629395123      -0.19768528137969354     
 -0.53833871411856715       0.81097239736304416      -0.22916195058603012     
 -0.49887062622580258       0.79812708317920711      -0.33781837928823938     
 -0.66527244147301468       0.72736360230966912      -0.16838874265113948     
 -0.56016977202673923       0.82822388403553981       -1.5969484042631162E-002
 -0.76340235283164770       0.64465810249090449       -4.0407655016419644E-002
 -0.84961216951660823       0.52733327473943281       -8.8757400739368358E-003
 -0.73130648557284395       0.67168027052109314       0.11847547573989392     
 -0.66741507157078894       0.73545934791908607       0.11686175507231983     
 -0.82029202727256822       0.56517465885773099        8.7741637653421439E-002
 -0.77407653024585188       0.63252196290513041        2.6860598749543274E-002
 -0.70555225466622107       0.70861265293121145        8.0077488222113219E-003
 -0.49161716249741522       0.87003714470122218       -3.6714198590403625E-002
 -0.31517646745434003       0.94136650622416917      -0.12038644160498596     
 -0.19381015581937602       0.92697875714611844      -0.32116663478811802     
 -0.43312228662250318       0.84704655369393567      -0.30808638513595438     
 -0.43319111782799541       0.75280780697915783      -0.49560655886113569     
 -0.56926518059615128       0.66738623003483111      -0.48013828645582973     
 -0.68724193616974094       0.64100285984149141      -0.34178041904812817     
 -0.56943452768576552       0.68842722370149056      -0.44923521271820221     
 -0.67984094004444728       0.63108402946422981      -0.37356290500356543     
 -0.57478251448331807       0.64372072317679252      -0.50522142828368244     
 -0.57314560108512003       0.70069724113722343      -0.42488527418527294     
 -0.59684770839956425       0.67535793307812042      -0.43320257987074268     
 -0.57423919916323929       0.55852012002283125      -0.59858551408639826     
 -0.64464483428902419       0.62115240781538117      -0.44564865520905883     
 -0.42267777026635983       0.73682390599750858      -0.52766848880073736     
 -0.45848159006435635       0.67132770371095440      -0.58233473690159365     
 -0.41056467750106851       0.84334980954544969      -0.34669546337976243     
 -0.55354483181872205       0.60628647244185097      -0.57096832880713899     
 -0.44492572662569091       0.53090927018146061      -0.72123258704942694     
 -0.34818123922691069       0.67890897589263732      -0.64641505791777243     
 -0.18424991371084132       0.79057634467334470      -0.58398716813000306     
 -0.34628677663888613       0.75220280816165241      -0.56060360658739672     
 -0.24826690518565644       0.73786902446048186      -0.62762476570900894     
 -0.43360894865576999       0.74942280265833505      -0.50034862096479638     
 -0.30786774430417813       0.70690960572843076      -0.63678588343802511     
 -0.53471567926877073       0.52760323401310572      -0.66008633511310832     
 -0.49188633020036154       0.38467713370073114      -0.78107063763133178     
 -0.55826452215727296       0.27043348648153176      -0.78435097545038324     
 -0.55606359582015696       0.53764903963095079      -0.63381920733556263     
 -0.61007363938789716       0.57206524240872658      -0.54822578647110765     
 -0.55944374017932597       0.63835870722608801      -0.52869732596525076     
 -0.59664820043514533       0.67497954932499349      -0.43406627709434015     
 -0.64991370199861020       0.73414271643489326      -0.19658751705046348     
 -0.65272003095818909       0.72570168433422910      -0.21751695690318185     
 -0.61225031866831614       0.65141096115724639      -0.44812197778589319     
 -0.61708517091816939       0.63626043471486593      -0.46301031419327915     
 -0.68992252419512690       0.65199431108464023      -0.31450012547137896     
 -0.69981400934256621       0.68090103942020197      -0.21594936175965745     
 -0.77427269283213418       0.62220600596176612      -0.11559188241216918     
 -0.77174521189640344       0.58104189148716323       0.25845627918855224     
 -0.82364063017017242       0.56594745178832084        3.6326218454412959E-002
 -0.93953341060012585       0.33450528965335352        7.3370168052329682E-002
 -0.87571735973188447       0.47858173455950154        6.3864146516146303E-002
 -0.94056266045188808       0.29435018914964700       0.16941029458456808     
 -0.95439375576065577       0.29025268492072581        6.9899483985076422E-002
 -0.93536450443963648       0.29812002572115287       0.19030946928205400     
 -0.98461466093445527       0.15390217382316801        8.2753189457789145E-002
 -0.88510460676767455       0.39111054142280910       0.25223477053449600     
 -0.79754882046708575       0.59166118238963172      -0.11769844614460528     
 -0.84617387705568636       0.53290056839994693       -2.5988435061067693E-003
 -0.87163876445017552       0.44429986567692298       0.20698669925198995     
 -0.94233389995902794       0.20602099980986030       0.26374640969183921     
 -0.97565891014672324        6.1857920876684722E-002  0.21038842334148400     
 -0.99427998302904375      -0.10342335156571718        2.6663189956709885E-002
 -0.94253794698075422      -0.26721768613280772       0.20054158351608731     
 -0.80147372444303278      -0.53743501301914098       0.26230416658631189     
 -0.75699623769696489      -0.47006429371380709       0.45386810406546663     
 -0.73195783644588885      -0.53481690381864799       0.42214761050524685     
 -0.72925073554545350      -0.56279109252972126       0.38917804521274413     
 -0.75791931667335632      -0.42665534648566789       0.49348102772911884     
 -0.87459753540510954      -0.27212744698612529       0.40128020591617786     
 -0.86670734120122095       -4.7118612219164031E-002  0.49658656958325975     
 -0.88989963138713557       -5.8017330460004082E-002  0.45245180453098577     
 -0.86946776287476479       0.22843467325187497       0.43799932577329931     
 -0.86731031592688423       0.41754110702901470       0.27098383683862648     
