 -0.39428269487240580       0.68428017108228212      -0.61343443332417036     
 -0.43154764533758894       0.80577196027787257      -0.40558374946924036     
 -0.50021534781133148       0.76632848005158494      -0.40314422540302697     
 -0.27949747408702202       0.86724892282776700      -0.41201998474958434     
 -0.10385920707070861       0.99045104649818327       -9.0664158283707996E-002
  -4.1991476632525768E-002  0.99220656263567863      -0.11731518636945060     
  -5.5626517923917769E-002  0.99832123687194030       -1.6136868163731815E-002
  -3.7145427706432470E-002  0.99193491148662694       0.12118312000655750     
   7.4806587817855931E-003  0.99134287169499702       0.13108527943175718     
 -0.15951876581434232       0.95934871561573654       0.23281710675872569     
 -0.24468149041427942       0.94478707066166867       0.21796412401854762     
  -9.8476745962663023E-002  0.92965889168476157       0.35501644414882116     
 -0.17388466074414979       0.90670132824619487       0.38426140336296083     
 -0.35705847614289948       0.82577487669906391       0.43658343718829890     
 -0.33689787805495969       0.89107720128238077       0.30410728553721839     
 -0.15273269119793040       0.97772823552779187       0.14394520655839402     
  -3.4761834133064738E-002  0.99610905099214675       -8.0983784915381093E-002
  0.13838324201760013       0.97189780388640823      -0.19043302531196513     
  0.22879553103414704       0.86472367227644897      -0.44710801332958555     
  0.15586054520354142       0.93399316934374210      -0.32150311051075942     
  -9.6378002652627109E-002  0.93140256430000001      -0.35099935017043354     
 -0.22665262534316818       0.92120586262591619      -0.31624096206640478     
 -0.32859526632045921       0.84226397425493771      -0.42733657534086045     
 -0.52806636988829636       0.74628581633604818      -0.40522017389146853     
 -0.47167708685429532       0.81203640105436770      -0.34368242477512129     
 -0.36018164405736225       0.88717139991085847      -0.28843732501940839     
 -0.53322173056112743       0.74838456304603496      -0.39445548779525297     
 -0.67707380795141414       0.68970928873370951      -0.25665571417875399     
 -0.70412494136076331       0.52780320875397668      -0.47500719971670297     
 -0.73656965304156130       0.41289803927016949      -0.53570547447741967     
 -0.84114272570897086       0.48778155747884444      -0.23355527647729335     
 -0.81141955360526197       0.55548931557855130      -0.18174137752615196     
 -0.84750839877478623       0.37631522950575974      -0.37432120170813743     
 -0.80497649636685431       0.48767330865200520      -0.33791653455454135     
 -0.77159564927621416       0.56502609053527686      -0.29220826653679427     
 -0.63323281880354065       0.75739816805299187      -0.15926145867753508     
 -0.49245208318249745       0.85888435431893095      -0.14074306972416148     
 -0.26224848362189057       0.92435343750031862      -0.27712173393543710     
 -0.40693004235563346       0.80448517894150051      -0.43267948586907229     
 -0.28506323312623444       0.72907242450954224      -0.62224782276791468     
 -0.43533302178596489       0.71898673094673426      -0.54179630938687950     
 -0.53171758443062611       0.72744614571701605      -0.43370325741079885     
 -0.49759856965179805       0.68836618393208449      -0.52777614601200584     
 -0.57823442542206704       0.66505396003636441      -0.47259726987869083     
 -0.41639339384741825       0.70829104337599547      -0.57003538436977397     
 -0.43711519434883173       0.79524854798312128      -0.42013099600024129     
 -0.45461845704991266       0.77323021073147480      -0.44208268425911668     
 -0.36783839912317295       0.70054918922448217      -0.61149468158558484     
 -0.41074316625536494       0.77211998207930932      -0.48489254959050215     
 -0.18101787743799147       0.91529943094113286      -0.35980478007761946     
 -0.22577967803947846       0.89228790110659595      -0.39095503388904812     
 -0.31176306355546696       0.94551776396742193       -9.3808049892144210E-002
 -0.31670607695089370       0.87953742966142712      -0.35512134636904336     
 -0.12978208746978323       0.86058828941020282      -0.49248797538825773     
 -0.11520936665249121       0.92684972257971054      -0.35731833648647060     
  -2.5727283489121271E-002  0.97234100013153690      -0.23214453762148585     
 -0.15876421543435007       0.96117604711979188      -0.22568679700130737     
 -0.11161254886522372       0.93528730812344296      -0.33582776865385722     
 -0.26776910821759559       0.92347865032598120      -0.27474877083704918     
 -0.12377276185253654       0.87138040981064246      -0.47473833300213653     
 -0.33424728033708156       0.82202907561770344      -0.46102814927765035     
 -0.23251691094892302       0.74816317347925476      -0.62144006305695032     
 -0.28713352894038147       0.65677398656090114      -0.69728205708677016     
 -0.41383820084411133       0.74409463337466442      -0.52446269658112166     
 -0.44616305600736100       0.75738249552276171      -0.47677068170127829     
 -0.41692475109096455       0.80997967296013718      -0.41243991237406946     
 -0.46882756605693982       0.75401423713340199      -0.46006873780476648     
 -0.57353366454197685       0.78167801887110810      -0.24502777485583474     
 -0.56891175700667129       0.77786186967222670      -0.26696502476846834     
 -0.38202890985734606       0.85808021471386420      -0.34315048761414174     
 -0.38159481770626891       0.84655882063556820      -0.37111124788108102     
 -0.48055957026702373       0.86802274564428994      -0.12489600661730167     
 -0.42344760587256558       0.90535758297871627        3.1933869539467474E-002
 -0.54161009614461220       0.83866509773479136        5.7440034781730862E-002
 -0.64415475793854848       0.66545493779256248       0.37713972688199665     
 -0.54624297065464433       0.82014050411731032       0.17025912755739822     
 -0.68696634453416372       0.70010572132098692       0.19475425656708426     
 -0.57170750034496587       0.79534138278362898       0.20145128165672943     
 -0.69968605950298512       0.65848473348207692       0.27719537136868416     
 -0.72529992645654218       0.66112633517652752       0.19196870999772891     
 -0.71136077708974488       0.63334769864874085       0.30469088833541769     
 -0.80994761296592233       0.56662867075809331       0.15138300342419295     
 -0.63343471371284643       0.67098834080345993       0.38540252979104761     
 -0.53241878148122357       0.79299317401407121       0.29612846383475672     
 -0.41956199846288744       0.83632130297810703       0.35289432926988296     
 -0.51472556212487164       0.71158813624149786       0.47822580446435975     
 -0.63385446244658972       0.53883751786413836       0.55487174173726117     
 -0.74544977315979188       0.45378760518153022       0.48824322328079806     
 -0.89484339946270131       0.35396279557884891       0.27196622912419466     
 -0.93024453266375151       0.17988962117744306       0.31982000194147420     
 -0.95065077585224389      -0.12925468941861801       0.28205731267746909     
 -0.91295945565889980      -0.26084170100536325       0.31379394407738015     
 -0.91668909111662766      -0.30834922207115600       0.25416897425903040     
 -0.97146061420729501      -0.23490036555226768        3.2955929775890819E-002
 -0.97509352227380841      -0.15609988942808525       0.15756093215070421     
 -0.98398073441500344        1.2397361227158503E-002  0.17784324483860775     
 -0.92323942220564192       0.18759409790744555       0.33531690043256934     
 -0.85967578577910508       0.20389088674484981       0.46838664546236863     
 -0.75334217665037595       0.37763699581987964       0.53839192440806227     
 -0.69250178647102734       0.54621546431807044       0.47126419583310408     
