 -0.32410962776544677       0.80752638351844686      -0.49280228196646098     
 -0.33243895354408881       0.89697332758951609      -0.29141583992551190     
 -0.37258121131227484       0.87344061174597620      -0.31350396924103435     
 -0.23240584395213792       0.92811513104603338      -0.29084330355071825     
   7.0440705903991041E-003  0.99750439730194840        7.0252106251632640E-002
   7.0719467510190259E-002  0.99632964835260851        4.8228505353487355E-002
   4.9620279383635127E-002  0.98775136305935518       0.14793604242465885     
   8.8807859815821150E-002  0.95828368443918532       0.27167175814315486     
  0.12297364197863324       0.95064360476036069       0.28487579768511873     
   1.9066663356493069E-002  0.95378832443547545       0.29987379765330591     
  -4.9605028819461737E-002  0.95201582276681174       0.30200201045263370     
  0.19388258517260140       0.91579634601137461       0.35174791513100695     
  0.12577842135701708       0.90767818200538808       0.40037495754895014     
 -0.10658316237536813       0.85027773065924817       0.51542973356512733     
  -9.9083422741055846E-002  0.91780508178460229       0.38446886374356321     
  -1.7206303952087769E-002  0.98967921842147344       0.14226379626932267     
  -3.0653165873732863E-002  0.99863137831352966        4.2376333837764416E-002
  0.21136530954184427       0.97594072362738404       -5.3520182061831317E-002
  0.36806831508307897       0.88557320325326516      -0.28334752003793723     
  0.29545633598451881       0.87716880120799801      -0.37852403848888549     
   7.8410903109738223E-002  0.92413517215516261      -0.37393303392352945     
  -6.5938286180757880E-002  0.95600843099367805      -0.28583215754100388     
 -0.21070449374016109       0.90062028509160319      -0.38011408603104113     
 -0.43388739838046236       0.83363701816881008      -0.34174705187498972     
 -0.42069577723847684       0.87966784964580114      -0.22180968714922683     
 -0.31845444615011903       0.93645116347755997      -0.14712574264469933     
 -0.42870910761724379       0.83575910569657619      -0.34309651454260653     
 -0.60559680491390866       0.74158263663374346      -0.28863073800516359     
 -0.54652847043317154       0.65321559635223159      -0.52403818151750448     
 -0.49287290475024098       0.58218776887565293      -0.64663258619918262     
 -0.69351784483404433       0.59831774392171444      -0.40130895355718332     
 -0.73733890433769067       0.60264032520991961      -0.30521464345763344     
 -0.66709563500938240       0.49054199547350547      -0.56067099481629967     
 -0.67929389933006246       0.58256441372435175      -0.44629418794665204     
 -0.66710990365392975       0.64406768962552752      -0.37435436103680947     
 -0.61436576256957587       0.76623404787646343      -0.18825539476241854     
 -0.51089531338901650       0.85590997247015865       -8.0025607047231051E-002
 -0.18599021039359720       0.97561159667805530      -0.11657467162750491     
 -0.27694928676638542       0.90767914601014266      -0.31530566195028525     
 -0.10873573938019235       0.88822145186154300      -0.44636217518336868     
 -0.27587161947181071       0.85356011316815117      -0.44196151730482824     
 -0.41638221248733320       0.81040074696117048      -0.41216074831180782     
 -0.39638653391221573       0.78840855627602136      -0.47041435365413675     
 -0.45937517049511767       0.76674772787097956      -0.44841094381972935     
 -0.28973675829746770       0.82154292694374298      -0.49103954024090929     
 -0.32140992415370973       0.88521295502639752      -0.33629404530703710     
 -0.40131888650487696       0.84149472852463270      -0.36170398560116457     
 -0.35358295080817609       0.77000298210652718      -0.53110686725448097     
 -0.35950672946257778       0.84030192505056001      -0.40576789698971366     
 -0.14727598891363461       0.97174711314382567      -0.18443787893534713     
 -0.19863602362094418       0.95963691906548521      -0.19909975812786057     
 -0.46087055800345056       0.88659302113312843        3.9384560980506626E-002
 -0.32762218476841909       0.92894726073599787      -0.17239689909818187     
  -8.1329102329270625E-002  0.98086701397823206      -0.17687701378007772     
  -5.1383739012999349E-002  0.99697440604676213       -5.8324480732884910E-002
  -3.8524104617731605E-002  0.99924342800793065        5.3352550436013869E-003
 -0.21472631023294103       0.97388316510649409       -7.3784770894312263E-002
 -0.16399664339869258       0.97960782881169628      -0.11607584884381568     
 -0.30112679579392415       0.95070980921789472       -7.3983183979664136E-002
 -0.14443914430796573       0.94434208091479810      -0.29555941501685690     
 -0.32636802522371799       0.89732414690759643      -0.29714186424691386     
 -0.22710481522579407       0.86369144457216540      -0.44995609949650545     
 -0.29141362420067918       0.81795116325754780      -0.49601813893834873     
 -0.40377387931413256       0.81354901307303362      -0.41845508446130386     
 -0.44507390307869660       0.87920093352264417      -0.17004393341492585     
 -0.48147599075204667       0.87310845693242201       -7.6566916892495923E-002
 -0.52071936573503430       0.84890637994963547       -9.0605188754940849E-002
 -0.65622945218177275       0.75437432872941812        1.6801138153691997E-002
 -0.64737300187038871       0.76216876353529328       -2.6405189681001362E-003
 -0.46383875903979727       0.88582193494495576        1.3156944280497792E-002
 -0.47592718689631347       0.87869969869831599       -3.7150400811653536E-002
 -0.62132524185142768       0.77130967399837902       0.13797220964673979     
 -0.62669108812501562       0.71872128902158372       0.30116106782230162     
 -0.63922181390315025       0.68885660146313543       0.34186555142487329     
 -0.80152878126136806       0.37149082189906224       0.46855755468717297     
 -0.63306001592014904       0.61750395942057579       0.46682317459944350     
 -0.80078526771373348       0.53526089626073481       0.26877263243642435     
 -0.71489907787864537       0.58638688100349101       0.38088020982358767     
 -0.78116839384539694       0.44491515023759048       0.43797996477699991     
 -0.76531573161610722       0.50652991818179194       0.39713885849618319     
 -0.76650173578774017       0.40996555203949669       0.49437165692962004     
 -0.69554327193188670       0.58908464174939779       0.41133786809054684     
 -0.52978163603662565       0.53543933536016008       0.65775081624230614     
 -0.38607571887656622       0.59300195160933777       0.70660754643681234     
 -0.34622835317987627       0.51811854796727475       0.78209916104458366     
 -0.49498188591157011       0.37861775071351245       0.78207514438451509     
 -0.69016944197275143       0.14546424240656416       0.70887678446122382     
 -0.71399123456657965       0.10333250593377344       0.69248748016085626     
 -0.82492713129979833       0.23683122941604418       0.51323113391410768     
 -0.92488045989283740       0.14080987528645067       0.35322615125473794     
 -0.96065322791553787        6.3677751880752753E-002  0.27035258388053240     
 -0.98498058468467597      -0.10681946015305374       0.13565710717410351     
 -0.99700413890699391       -6.7402716787540298E-002  -3.7942334825156826E-002
 -0.99475321398607730        9.1552288793536857E-002  -4.5653276783069921E-002
 -0.99832969384499215       -1.8206001035059302E-002   5.4830319292122100E-002
 -0.97276602785866229       0.17262364687622084       0.15468461973720210     
 -0.90567018917872610       0.17082782920560105       0.38804556588356026     
 -0.85566074453843655        8.4299045214752136E-002  0.51062546081430504     
 -0.69119777961942819        9.8656904995729475E-002  0.71589974475888785     
 -0.67491380735306705       0.31193800573063057       0.66871969705174272     
