 -0.34590108085673488       0.63735330664516077      -0.68857331110827336     
 -0.51860184648586583       0.72192891027671713      -0.45811654993910744     
 -0.54981649662655641       0.68038871359826580      -0.48453381558503000     
 -0.43040884569035864       0.77571252629812137      -0.46153905803915951     
 -0.27556426294957331       0.95502698198821234      -0.10948881522575986     
 -0.24150400078312678       0.96793317190267458       -6.9146166460325703E-002
 -0.28287955051812369       0.95885649568855136        2.3945366452189986E-002
 -0.27539623679537012       0.96003378503459469        4.9920380117717655E-002
 -0.22666283257357536       0.95714029125400990       0.18029537761103892     
 -0.32756864234092037       0.92852601299071591       0.17475190343595545     
 -0.41109774260637666       0.89494047958752265       0.17343639762050289     
 -0.19522834111786572       0.93882539001902610       0.28371249863196890     
 -0.26775339094930445       0.91041499467112486       0.31536115663333963     
 -0.46409689295743994       0.80286815330674888       0.37418819109246854     
 -0.43697896271509906       0.87193787638629872       0.22084774363207202     
 -0.34350417207125705       0.93893565832233883       -2.0117487428260476E-002
 -0.33234103869618592       0.93824742947023765       -9.6131134867040391E-002
  -8.0555975347575817E-002  0.98783545910700765      -0.13301067839328648     
  0.15238108858983504       0.94058323796691401      -0.30345209884897445     
   8.6161151552920007E-002  0.91013761853120256      -0.40524778999697736     
 -0.12383309133964400       0.89995204292025943      -0.41803311583283831     
 -0.32668149081844317       0.86142156884299259      -0.38888569565967912     
 -0.47122160605099328       0.76442285859630610      -0.44000896723381350     
 -0.67156353915115885       0.64691183373489869      -0.36125820718223034     
 -0.67413111994405861       0.70199288049793862      -0.22968071066846013     
 -0.47510825229326714       0.84465621021605508      -0.24663340233289255     
 -0.67676391714415929       0.65679710644899036      -0.33257805311223987     
 -0.82221265561320200       0.53510048768159357      -0.19399437371326525     
 -0.82403146592337984       0.39201185620990614      -0.40902181819436850     
 -0.80830564119833248       0.28939745750060242      -0.51272907270715029     
 -0.90968443039193769       0.35983904514547854      -0.20734053798347296     
 -0.91754343717948783       0.38938508028635782       -8.0581015997772010E-002
 -0.92169005961431349       0.20781483166520243      -0.32756744305276553     
 -0.92339351047202267       0.27215542184190034      -0.27069512588927908     
 -0.85302719877538946       0.48730758254670925      -0.18675095218470064     
 -0.71012545201048716       0.70187599024573555       -5.5605186120280654E-002
 -0.56815479424361581       0.82224116797045421       -3.3460296959010954E-002
 -0.34237238287840899       0.90511978716149766      -0.25207007424703343     
 -0.44743571041474017       0.81081742376846311      -0.37732796127393914     
 -0.29902585645775642       0.81253774612742224      -0.50036581446766182     
 -0.40858351918115260       0.75414505706086798      -0.51412521895372643     
 -0.48139455230345762       0.75740552022623786      -0.44113055090686504     
 -0.38858237850109406       0.73546273447290678      -0.55506603329701865     
 -0.50851586170177765       0.73582953332654089      -0.44717615799835636     
 -0.33537851727422407       0.82168965776853375      -0.46081162796439212     
 -0.36600310976167094       0.87594671339966146      -0.31425957253383507     
 -0.40683269596008653       0.82361046984065267      -0.39516193069010708     
 -0.48257480795626012       0.70964787813246477      -0.51334339753044411     
 -0.38562459828499979       0.80745128776376962      -0.44644830281475378     
  -7.2410299376721485E-002  0.92866937198131083      -0.36377183245549599     
 -0.17467952383707647       0.91004633476906172      -0.37590255722122801     
 -0.40379421923713243       0.90422211561973342      -0.13904169926628610     
 -0.27123948973458595       0.89456274310455886      -0.35522758600337279     
   5.0672439847719027E-002  0.96622634525816931      -0.25266371636809476     
   5.1465608747729430E-002  0.99463674045544981       -8.9716473695725302E-002
   6.8542762979942037E-002  0.99706466271810401       -3.4116682164706563E-002
  -2.0706082087336687E-002  0.99000682022711972      -0.13949105372174819     
  -1.7527990123189684E-002  0.98683835085302563      -0.16075708024201826     
 -0.25788713562055171       0.96333298746513429       -7.4052552575437788E-002
  -7.5283706709582815E-002  0.96808230481871904      -0.23905860076759000     
 -0.26194157224956471       0.92659622311205769      -0.26982596621137667     
 -0.11416344729314208       0.95571668155524681      -0.27124220154536816     
 -0.15537444957600879       0.92411106810514720      -0.34910960202281871     
 -0.22484517584789912       0.88162812201604757      -0.41494156379952196     
 -0.25185490553990725       0.95030570069610376      -0.18299776441253590     
 -0.31601406796808645       0.94293889463388747      -0.10488731969540607     
 -0.32577305001182522       0.94392138105766410       -5.3706110156997666E-002
 -0.45210589255859374       0.89175130008640802        1.9490528674396764E-002
 -0.48809727362933109       0.87260909109869778        1.7732050291361021E-002
 -0.38964506483916084       0.90780757498365128       0.15511972875425228     
 -0.45657494592963416       0.88409444276247084        9.9580796471429908E-002
 -0.62096998419813199       0.75059043154154037       0.22585456117440061     
 -0.60965398009933736       0.66626278933792249       0.42943674748758853     
 -0.63397697982621326       0.63000592524133014       0.44851502005089622     
 -0.82062994868105732       0.43752379307520539       0.36761313608304136     
 -0.60272775958523572       0.62437417701245590       0.49686631492322986     
 -0.75696360271832053       0.60136078818331373       0.25567813085058788     
 -0.68658492647080061       0.61482836687778142       0.38805568933528684     
 -0.80123704199721579       0.46615238196536213       0.37512819051567886     
 -0.79446680956980253       0.50426634607650844       0.33843454419817642     
 -0.83170467076073062       0.39243383743713806       0.39276331787623947     
 -0.71097246936089831       0.56117757469659257       0.42378989778960441     
 -0.63958060740061751       0.38013429848344549       0.66815758751476462     
 -0.45607415294985609       0.33147996545214659       0.82590398928380759     
 -0.44176527655481823       0.28204048280594346       0.85164347381345173     
 -0.61321781379660167       0.14018227394438662       0.77737561250292164     
 -0.76655169282636459       -5.9318418466381070E-002  0.63943711767120825     
 -0.80401511811455928      -0.11394672690272020       0.58358875355114859     
 -0.84564618349678367        8.4715752774573369E-002  0.52697796307735045     
 -0.95712154726077414       -4.8345731047942878E-003  0.28964628544492793     
 -0.98466134647743264       -1.1734560840570613E-002  0.17408139715414406     
 -0.99093041023792583      -0.13183445579610456       -2.6011503813613411E-002
 -0.97767224011353915        2.1147230109119949E-002 -0.20906885365852720     
 -0.97855061261490839       0.11929074819254867      -0.16795361248466553     
 -0.99945686148755586       -1.6814630518466153E-002  -2.8341669428124914E-002
 -0.98099793471864805       0.17307087974751609        8.7689923373082165E-002
 -0.98615240049596631       -5.1647136142527646E-003  0.16576117980198760     
 -0.96565969663127560      -0.16276399279667952       0.20250736517689374     
 -0.87750016657541163      -0.23756227973037050       0.41660247347974294     
 -0.82398464981469088      -0.12970310713615840       0.55156722243891432     
