 -0.47138701254159360     
  0.54845671038930477     
  -1.1120783008086714     
 -0.38679599973677270     
   3.6016112592731478E-002
   9.3201475983438684E-002
  0.16163807621491294     
  0.22684476382458127     
  0.21904804416605347     
   4.8549656332377983E-002
  0.18337442671932566     
  -6.5606834927777108E-002
  -7.4083546208258771E-002
 -0.18074983595211952     
 -0.21419168918901596     
 -0.49858702294682172     
 -0.34513730967017003     
 -0.38321160562768020     
   3.2499601730466218E-003
 -0.13672228181737395     
 -0.14457220104223709     
 -0.14625394918819778     
 -0.26610623473175055     
 -0.31717822150596675     
 -0.23812545894065093     
 -0.18068690908321788     
 -0.33231211862525978     
 -0.10854081090499358     
 -0.11144306371879729     
 -0.26892836310441937     
 -0.26346346351867694     
 -0.24372182585479119     
 -0.11374070345584322     
  -3.0049646354638068E-002
  -3.4198884723892625E-002
 -0.11763447208069266     
 -0.10816842720183420     
  -7.6488033472929942E-002
  -2.3617545491241981E-003
  -2.6453404821817253E-002
   1.1095338897143155E-002
  -4.7014500074894675E-002
  -2.8588248935169355E-002
  -3.7703839439657820E-002
   4.8578025564665922E-002
  -7.3144334780168213E-002
  -1.1021498609026358E-002
 -0.18246942115535045     
 -0.20547194884692380     
 -0.24920423413592008     
 -0.24671743625134210     
 -0.18638967165289497     
 -0.23775874860350096     
 -0.39670991639604936     
 -0.42712885475147933     
 -0.33891437060030877     
 -0.31392016344378121     
 -0.24106603383286601     
 -0.29347769890414677     
 -0.20158059014473637     
 -0.15755725612348154     
  -7.2461277344063560E-002
  0.31496842099332323     
  0.28858852138312341     
  0.25824219148745242     
  0.32593668307844148     
  0.13248158858887082     
   3.7240976595507402E-002
 -0.12848211945407467     
 -0.12336106114412790     
   2.5202169921257067E-002
 -0.10477026968952133     
 -0.23722098702184169     
 -0.38342388622941137     
  -9.3842192824019080E-002
 -0.15951163671768182     
 -0.21502857237845277     
 -0.51165064125268089     
 -0.32741914316558574     
 -0.55291174567887935     
 -0.77835980356061274     
 -0.86269704828440419     
   1.0167501742808362     
 -0.74668352273328120     
  -1.5881053074730420     
 -0.47622952997769769     
 -0.27019838378116190     
 -0.28629041533379607     
 -0.44067560671331851     
  -1.2405586582960557     
  0.51409394708632450     
  0.77351857866608476     
  0.67880463159979620     
  0.59573521315133737     
  0.19796480212002332     
   1.1221725203495347E-002
  0.14943671652506979     
  0.15069829801065457     
  0.22035940378180030     
  0.14706609931731923     
