   76.358726153472205        44.588017577946765        65.285255049634159        5.5893782005045605     
   78.667269045924272        45.832395121818351        78.352481796278781        2.9782524954049405     
   87.065312118641572        31.641471969244364        102.57999138006707        2.3655921306610517     
   100.73004421226226        43.991874041605840        93.269311761374169        1.5763753854215634     
   84.301251129158658        41.938650032169072        79.056181165416831        1.5821397610854391     
   95.668453841754769        52.870177631743260        79.557286481529175        3.7076846041261695     
   111.08595871707074        58.711537916580077        84.531066828183796       0.47479679245230144     
   101.32408945077385        58.004086557338226        75.944359725261009       0.36944562208743364     
   82.627360466011240        47.406995834702322        80.396165383177106        2.7670230997419694     
   100.36428027402484        46.059096388171497        77.593834660529936       0.70726486665489452     
