   53.055575893526438        28.577833932681440        46.111877639966380     
   52.548035296163803        33.905647768251875        42.516287532616857     
   52.311473592070364        39.491427886481617        39.918420896493153     
   48.329195085457116        45.147261410661201        37.311294472669374     
   45.162375481126730        49.959907057441789        34.653368850040920     
   40.108699108102599        52.612412166799018        29.296199328365290     
   34.805958055319685        57.789448445702419        24.541752554940842     
   28.643538473976360        61.211919011234592        21.978582647205389     
   22.938466203054492        62.738833708186249        19.448723733856763     
   17.571053520890679        62.991529561033872        17.209207726508954     
   11.162333620324208        63.487578273466134        14.969286913003835     
   5.4920241200153264        63.494568546182279        13.320198054009104     
  0.49085409363952859        63.336582402842069        12.406017166003846     
  -6.1249594466706121        62.504591522350495        11.854605688591652     
  -12.718505329794771        61.815918700255907        12.285159270654345     
  -18.330378371291189        58.053723751505629        11.781551526419758     
  -23.774520537258390        54.817552040585397        13.872815950811679     
  -29.121185326481044        51.156559353909280        14.366263837930040     
  -34.257457013931869        46.694257434167696        17.071204585545832     
  -37.202926060535354        41.469680378576498        19.141182678309008     
  -41.957728831186564        37.276765318678130        20.111905890693301     
  -45.843237438234226        33.858784986976580        18.822189941675877     
  -48.065986071621744        27.575700547430277        18.594031303618330     
  -49.146735608890666        19.386502289256544        20.628208207031943     
  -50.729037683865968        13.204563760416548        23.748894362768699     
  -50.145021136160146        7.8476689076147448        25.186164035143982     
  -44.750318551388844        1.7709429366456966        25.001057240808695     
  -41.781059662451504       -4.4743291491492103        28.361504246712773     
  -38.352730528923125       -8.3303196148104952        31.547541541464124     
  -36.253971271419069       -14.615885107831538        34.913697478841378     
  -32.940585635820661       -19.690013839809581        36.655791368105639     
  -28.979331240192018       -23.445188002708807        40.070702084561248     
  -24.991593860588946       -28.051203394874754        43.067618031903095     
  -19.438118340757391       -30.724630447394254        46.659076684014359     
  -13.578165290523682       -32.223760080547628        47.976201586366820     
  -7.1156017000252483       -33.054550942823880        48.840609229197128     
 -0.96135371095955358       -31.120733627659668        45.266018270998124     
   5.6546380102506815       -32.523032105373083        45.673821031977546     
   12.297190802992503       -32.694751681173202        45.315788591153748     
   16.819849268372824       -29.006512267385148        45.252634433403827     
   22.670474889889778       -25.364792688533715        47.762432424741526     
   28.133820725623224       -23.371739359340648        50.058293943342349     
   35.559838893354254       -21.108063863443601        50.191327825518705     
   39.215741645224497       -13.677258819000020        51.932976186439049     
   41.597689796891842       -7.8610295391261911        53.297567468056400     
   44.668931833624789      -0.35640241407348361        54.184168490125309     
   47.034038969362761        5.5697838926595402        52.399844544708237     
   48.765212480302324        12.170511691612969        52.342525412035258     
   51.752135659546532        18.225228697728177        51.346855851402140     
   52.703997481742299        23.956630560701814        50.030768106424524     
