   70.146603714531750        14.263615841264272        32.890956488715062     
   63.456188883753995        20.537365515963465        38.616767630579716     
   55.431353455362199        27.345719809758972        56.654500370749986     
   45.728488870074358        30.015835280368133        69.749027832678010     
   40.348784504080122        36.215957139138006        89.414607960796076     
   28.851908364710500        46.486076696475301        93.897825449800152     
   21.876979379554335        59.552280780535433        100.89920422864962     
   11.166494063173300        76.811225131426028        99.373280228902232     
   1.4548801820636372        99.545609388814654        92.934486314073979     
  -18.907152714368930        104.14301334150669        98.878362450027083     
  -32.289071247212199        109.96207490214962        86.563647341498893     
  -46.013148810863633        109.44971985025337        75.476757249742562     
  -65.176376502661142        108.62513526002533        71.491831855176841     
  -83.050926184805803        107.85464304338311        66.781552680364385     
  -95.641685284092063        95.588364789516135        73.224730942683820     
  -109.29949091052916        86.266647656344901        64.729695882815719     
  -124.37407600187753        73.819556967677059        61.126182175961098     
  -144.27459113935072        62.132976979957618        59.856630672688418     
  -149.03902203216975        49.238197857912780        62.333857038393127     
  -149.65896742901157        31.984560663768207        55.232662423351982     
  -146.34724971204844        15.488610213595456        50.821279780059399     
  -150.00225352301959       -1.9702810330025988        40.971617772853421     
  -154.24114207386998       -15.055927389425731        37.313629836875435     
  -158.66867615671867       -33.487256883293668        31.158001960770378     
  -163.06194178078502       -40.480097092549819        15.448540007713714     
  -169.77759344969633       -36.809420356121819       -1.0034800670118726     
  -159.42295612557390       -36.733868192071881       -15.111220970886333     
  -143.27759599240557       -36.282411778019508       -26.279364106504502     
  -125.02419805844697       -45.091115712207447       -35.883756503608474     
  -118.47265507802156       -57.838665258879047       -51.027161270730652     
  -114.01651854935925       -69.460654317718223       -58.819776707983443     
  -103.20804150650685       -78.412611203388877       -68.127375895138073     
  -88.421475052534561       -78.584382443875427       -76.850024692388303     
  -77.656633066139619       -87.004192061916854       -84.383240857795712     
  -64.070111177618713       -94.379156177476830       -87.402095168684127     
  -48.171190818721243       -102.82495108993041       -80.931250809791152     
  -35.000716030854434       -99.954680284485818       -80.412817037898066     
  -20.212034639307362       -94.812557729736881       -68.500617887944571     
  -4.3880028663301260       -95.330225939209811       -65.079528025436133     
   17.860084901740425       -94.853263019510194       -55.199394683686648     
   33.304733626463076       -90.597699592252070       -41.611461739649556     
   43.807931935863252       -84.980631281640427       -32.473051435012152     
   60.018865763738994       -74.024768753587836       -26.249958618689902     
   68.862096001908853       -76.216381184687052       -10.304299395958999     
   68.254180270842753       -72.890605589899124        5.7312895273984683     
   65.458075438172344       -62.025731157461003        21.719798734703385     
   67.270479427204648       -55.203237904176397        40.333785380722048     
   78.752659324614839       -40.637239784113255        42.750368664116138     
   78.800954463677868       -21.953090656480754        38.425482484951473     
   81.370189722017543       -2.7326051504105502        33.899272657978585     
