   91.457079348606953        9.2651387950641535        49.655478410867353     
   83.731498834420577        21.097029182287720        60.665475742574472     
   77.935708407615806        32.635307381798079        77.147436102743896     
   70.706785750059154        45.386868659937676        85.996653331973263     
   59.175521171417316        59.570735830633467        92.751591541121883     
   48.103242904301474        70.396430026577903        83.217921171295501     
   31.763332750968129        81.303989155743253        77.563457878969615     
   15.876263483762997        88.238404127128192        69.701153840896097     
 -0.30056278513547674        100.83632962151708        64.911577438656266     
  -16.419404043288164        109.31315414029739        63.276687879084299     
  -32.946810075104942        116.50675569112521        59.124082989168521     
  -48.211498328818173        115.77330063705395        54.451278289780305     
  -66.144810170776822        114.64393387867450        49.519050835598847     
  -84.399903687165164        104.59767975071203        47.684850698001760     
  -102.97281834610466        100.32084198584656        47.049890237119712     
  -120.66071699119610        90.017078401705575        45.664153665349779     
  -136.42798341485764        81.909552752570534        38.844882704737635     
  -150.49985623087713        70.169954391453487        30.686168015014328     
  -162.93463224565630        57.049922597919064        25.111784480637006     
  -172.88704937126670        41.133372257254301        22.567691749141577     
  -179.52647869481629        25.898370384293187        21.464522676413086     
  -181.55892497744273        11.201273589903435        14.251666226657747     
  -180.76554236965001       -5.0031318138432379        5.1909150960555230     
  -178.38680319394328       -21.556661602222665       -1.4146809250901031     
  -175.66576782879773       -38.411644191075176        4.6418065571187599     
  -169.30844654584132       -55.461814444963878        8.0245536857352224     
  -160.12545413440171       -67.865189339564182       -2.3218331587630532     
  -156.16792636001873       -78.796730025862516       -17.047411778913130     
  -147.72558494236105       -86.669677503449776       -30.006009624690176     
  -137.98812771783028       -93.582783761803356       -42.792818066585461     
  -126.32027075445426       -98.922020590139169       -57.131438617330609     
  -111.46313125785753       -101.09595239896962       -67.840626044986251     
  -96.026340927906645       -102.89237214487969       -76.979936291774195     
  -80.258412219942144       -105.29029086384151       -82.679096561589063     
  -66.032472328105243       -112.02086701149143       -83.737498377975641     
  -50.637700264863327       -117.69850525205280       -73.933787785275143     
  -38.031915235174694       -121.09926863073190       -63.181630977357564     
  -24.213909758745679       -122.53466880878946       -51.380123512015139     
  -9.7852723334119958       -120.49143775404846       -39.372484099685813     
   8.3984117250617150       -114.04044372498065       -32.470999312535554     
   28.598540740642008       -106.93319214698815       -33.197506486693882     
   40.692857414169978       -94.995793635883189       -35.343251015635040     
   52.501059066684647       -81.322932110710411       -38.414989489390479     
   63.578027024912437       -69.553016209010565       -30.774189223449568     
   72.958956615003473       -62.146229139049694       -20.670779312960324     
   85.391560773653282       -47.900785767085971       -12.064533225482821     
   95.711203915635608       -38.227023455503350      -0.36411984855377599     
   101.31356116888502       -24.674351796780794        13.060422068890926     
   91.728883333513892       -11.261088807842615        21.604221898103550     
   92.286506837656660       -1.3403058747083365        34.473517376295575     
