   99.190380121853480        15.803451159722673        38.574661314986201     
   93.539452569422167        30.655806688061304        46.967824561724235     
   89.789704944590213        43.168115942384460        64.059393272517127     
   84.526196388209769        59.750456538883128        68.526990816128986     
   76.881709463340826        78.010538689307268        73.004818634316436     
   61.655024012803388        83.532876961183575        63.321890603616538     
   44.518971210473993        91.956229582204415        57.790353433517062     
   26.407029726775697        94.504367898440961        53.087800931745342     
   5.1562274233034966        99.296089842123919        47.149823373928747     
  -10.189877195046243        107.03356603206764        41.189665916666193     
  -28.088145045233485        105.41645572720780        33.920531754852746     
  -44.602853376277203        101.19553202801407        34.637119679098994     
  -63.486992743369122        100.63318691022080        33.382298072199291     
  -81.996816444534375        99.544382539812602        43.982641058359832     
  -100.96482070630775        97.281716075087701        45.262607205996005     
  -118.54748678356934        90.364372545985532        47.794021104614089     
  -130.80943287365761        79.575127162709450        44.295901863653278     
  -143.12866986163101        63.902243661969244        41.683969719076991     
  -155.67228773604830        49.536350182995271        39.567393743611397     
  -165.45225505121022        33.522875855881935        36.963460467823424     
  -169.43048470550812        17.565231630399857        29.989097980013689     
  -173.74918556564072        4.7434245059833753        19.290503321997811     
  -180.05470496512601       -8.2813325395363968        8.4719443264860885     
  -181.44493829141720       -21.332740943904074       -3.2511917699754864     
  -181.63982986862354       -38.958238051594861       -1.5410116768047297     
  -179.98973382888937       -57.191835938260148       -3.8474400350246878     
  -169.45793356708157       -67.658390506848249       -15.456677939960137     
  -164.79807188640135       -70.562215871763811       -33.397044740179950     
  -155.42075348003922       -75.088154030678012       -48.866125547874432     
  -141.50116485487121       -76.934294549400633       -58.805481137442911     
  -126.52704373747426       -79.643200472958995       -69.639953598918993     
  -109.51202134243529       -85.247666000655428       -74.046775073262367     
  -92.298603484057239       -90.810031734433196       -78.791391630337927     
  -76.734884778090645       -98.034764064842236       -78.654980400065625     
  -64.530981394904671       -109.20035946279880       -77.077832500580371     
  -54.806099202710776       -114.33407165887938       -61.442141335043161     
  -42.213811698270533       -113.63595980918838       -49.715988617650382     
  -29.140866483776449       -111.06852762894377       -38.051047402025532     
  -16.535176699515386       -103.69223416523968       -26.621270976023446     
  -2.2164580088870274       -93.698654549386774       -19.013537381584086     
   18.346966050156020       -92.123739310245213       -18.335740307122713     
   34.611828840027606       -89.923600279373446       -21.756643450037593     
   53.529280256645642       -86.308220803958719       -27.325212544807627     
   66.272841081965979       -74.874980197609133       -22.177918603970699     
   75.340880445331337       -65.064168467891065       -14.025626791122042     
   86.439188966301614       -51.273089443521719       -6.1007161159969936     
   94.640314133558547       -44.310522643324589        5.7238746281311315     
   101.49139352513505       -29.224866208233799        16.163503102107533     
   94.181955064806544       -15.044056632813881        20.843289976876186     
   97.110998995406902       0.65475805974623791        28.666101685323454     
