   102.54822876211090        49.158841872967443       -186.54933563607543     
   104.55731253670835        54.835862921859125       -191.32111205440830     
   102.33649340069584        64.721167067590955       -196.69270921329570     
   103.10389314591391        69.979956839477012       -203.34304606686558     
   103.34413973937397        75.809819333247489       -209.67800417287319     
   103.33368208564048        84.119820799375603       -216.05360909784778     
   98.874576359610643        90.304624167434014       -223.40755284405134     
   91.594801864773842        96.489528460793736       -227.04714916596345     
   84.695934680884108        103.93725880608989       -229.25855186772458     
   81.986769400522888        114.96946210517140       -230.61719302122748     
   78.809650972266041        123.07353885640129       -232.90619012613979     
   76.840230332550931        130.21254730308030       -233.15496636656815     
   74.110567435798515        137.62423738190537       -228.28077384528001     
   64.663472076258415        142.16198655482356       -229.90042942068942     
   59.626061421010981        138.46484355362077       -234.51082144996514     
   56.164093269671135        133.17538503213945       -241.96782580396297     
   54.035714247756040        131.08687505424518       -249.72290919322506     
   49.182614291304098        137.53412580565413       -256.88562965173094     
   44.512135240269814        141.18186164136381       -263.93358967756626     
   39.575712321388409        145.52991574701986       -269.64895927342667     
   34.341037333650995        148.77916408243661       -271.84772508872976     
   28.045074186183914        150.67071164975093       -278.87143252921868     
   18.878562808578963        149.74317042841503       -285.21324627038501     
   11.038149013598090        151.87826881797949       -287.02521337852988     
   1.8148725598402287        149.76167615844940       -289.79023765440178     
  -9.7029358466352971        143.55938717548716       -290.02676478403015     
  -15.502893218963848        142.39395703925413       -292.66703716284138     
  -23.529654631463536        138.16594258916840       -295.22977866729298     
  -34.393473755298992        137.94400157938486       -294.64647631005062     
  -41.811664046180027        139.49583631327158       -289.33702562172112     
  -52.775886635954961        143.24021242677017       -285.93650406851202     
  -62.634893909048131        143.15684758690756       -282.60649948564901     
  -74.304727558208953        145.90144406819027       -280.65790043832141     
  -83.506920348109773        144.74769180357251       -276.99056559453254     
  -87.006370604473801        139.50597891043205       -269.40216443007796     
  -88.367766359126094        133.81920951335971       -262.32136128663126     
  -84.647175108354446        130.33434666127852       -256.20439143407776     
  -89.954794328216821        122.97502925374916       -251.95105695292540     
  -97.873959413216070        118.98145277779074       -246.81490616214649     
  -103.58017402719214        116.10162418021575       -239.46130895040073     
  -108.38164464250913        111.20901288177598       -232.22275284232757     
  -114.77616844167702        102.82740817828854       -229.12090858072114     
  -120.85397527076637        98.200647813505142       -224.28392596798344     
  -122.79310785317828        94.587284234250504       -215.74110596981555     
  -123.25506341584811        91.585415956596563       -205.29499198772291     
  -123.25384682273454        82.863807324100634       -200.25351334783883     
  -125.27784439920541        73.446644444323809       -193.56227923127045     
  -124.22476901274668        67.953957739273719       -187.14813612131132     
  -122.46086968684676        59.908316935095542       -181.61197390658182     
  -122.34709878544763        52.695986175299829       -175.16716656371744     
  -123.03016418340434        41.499519479336165       -172.28129570809423     
  -121.06552954098781        30.199281517412722       -175.37008974705128     
  -121.45606276776631        23.746937578293910       -176.97401496698407     
  -124.00605774657767        14.228806851524990       -180.87760560840570     
  -128.12287794036547        5.6197133529441112       -180.49775978222803     
  -126.68060835663360       -2.0927558877178400       -186.93022424908543     
  -121.50685042629652       -7.9694427390435756       -192.68958269092047     
  -116.43565986938466       -5.9490265471428359       -202.11615098984458     
  -108.56060254177018       -6.1140371197807939       -209.25107848403090     
  -103.03659591108421       -12.520640805856010       -213.66224312961822     
  -100.51503164976270       -22.967488981764991       -215.18993300777001     
  -95.250603602562506       -30.865600270105780       -217.40300934591252     
  -88.327064856798984       -35.626794726891404       -219.14393311113170     
  -84.817433378927888       -43.951716532554386       -217.21690549159885     
  -82.355281117086349       -53.801051569316392       -213.22245391543404     
  -83.929952918463357       -63.410889810193495       -216.29132638146288     
  -80.199559894444263       -71.711614855376979       -220.90823554150862     
  -79.141777429042492       -81.812752917694354       -227.35921621744970     
  -69.331933171336516       -87.180807604413914       -228.60676170306689     
  -60.090941264673262       -92.918572486695254       -228.62321599209611     
  -52.661225521671639       -95.477623690021957       -224.41384096646948     
  -42.807993216242544       -96.939221140690393       -221.12282440444730     
  -32.870307782062419       -94.303107333907647       -217.80317329913794     
  -26.198149116682671       -88.849190169993349       -218.09877177709768     
  -19.755892816943252       -82.846969564894337       -220.41061830742714     
  -13.451800056203579       -78.810428011818544       -226.21083155330490     
  -4.7577865846997849       -79.570470228320872       -230.38590834233193     
   4.1957612461452420       -76.088358260234870       -233.84935138320824     
   9.3088721117502438       -72.030869278917919       -236.42002477529365     
   13.759038185338452       -62.043502983668454       -235.61209370669727     
   19.303569018838200       -56.515377497079442       -231.12969711974455     
   24.406245867367648       -51.834002022344919       -223.39212344432278     
   28.831997445503216       -46.761833827491841       -216.04122151562356     
   34.467063824892776       -42.309936058583546       -211.91538358255428     
   37.915837668288525       -38.033377002782899       -203.27239115855380     
   40.320841880058076       -34.717533401292442       -193.22994089930282     
   44.268537355352620       -35.280298724375157       -183.68259322006966     
   45.052556058495853       -32.742182753567164       -173.82511682268233     
   48.659625887545722       -27.760884936916153       -167.86222184623671     
   55.140114189732259       -22.807638555888129       -162.60740871933564     
   62.347740595385119       -20.326451929226948       -155.83456748891544     
   70.136907099551621       -18.140329741343663       -156.35259311014829     
   75.210019324479788       -10.212364504877776       -159.73939772267823     
   84.891436534241620       -4.9421654039645215       -156.98497244071203     
   91.885055337602992       0.75836205171949489       -156.76956839177410     
   98.147626723989347        9.3112265264051057       -159.62984129601003     
   98.405335652162961        21.161223187049675       -162.30051172387866     
   98.609984353998115        29.385324756715601       -168.16033890313795     
   100.58176491542844        31.200351323862741       -175.61504400076439     
   103.08166450408014        39.883444364571176       -179.42198060214420     
