   92.153107718400193        18.696613928100142        37.051902437047957     
   86.175309982793607        28.864832350944429        48.512855962377110     
   84.914604863454201        40.890674645675482        63.767811853229894     
   81.349914524326323        56.687056185097624        72.398298140999216     
   75.491213550020149        77.736125452601541        73.160119709730523     
   57.497830592118895        82.687681157721755        74.464192005818063     
   42.403268169722743        93.150064373568270        71.053663530644300     
   23.151549596609634        98.058605024854913        68.911268024186839     
   6.6648059864805518        103.62606921448952        57.660238807579361     
  -8.4665848065090579        116.17452671505352        57.941989968599835     
  -29.338457255525583        116.96137934172900        55.263582542656081     
  -49.508054686488073        115.64650321866490        52.023794999162632     
  -68.590145905394166        108.19518879139618        52.236636603846698     
  -85.524773119452718        98.540109987567732        49.883002146326866     
  -105.03487685027137        95.211709969065609        51.436337174026121     
  -119.22823114581851        87.301543570728214        52.974385414951712     
  -132.70182273627745        75.643220967096795        48.866683073872579     
  -146.40655336764814        62.236725193481675        36.404864297437115     
  -156.71789823278857        46.827505803357909        37.668760923137022     
  -165.77915644987965        31.062152541670997        33.988705868721759     
  -166.80574435260490        14.127663221980161        29.452772479493053     
  -170.04531186658696        1.0967542330610467        18.798129589628072     
  -178.36318867468816       -11.673619689015561        10.746330825040962     
  -185.17492953351953       -26.985070563303875        2.3256685439534488     
  -186.22067348974358       -44.728621069178402        1.3639321258562356     
  -189.05907219917702       -57.623705368567400       -6.0617985837716644     
  -178.15027563545021       -66.399217496135719       -19.815236874690921     
  -166.82567969232912       -69.024931588813047       -34.288998079137748     
  -154.11227035299513       -71.247600667270646       -45.937844057860644     
  -137.39577339661690       -74.412484747055217       -55.649704298348041     
  -127.21312480433747       -84.528539019006914       -66.482514656488874     
  -113.58810103251831       -94.068315818214771       -73.490159872094424     
  -100.62762152894004       -100.43071636677526       -75.373546737526084     
  -88.966059547926108       -105.86598442626949       -68.614352970837587     
  -76.647944680364844       -111.20954987747014       -58.296507631441955     
  -62.505748484573296       -108.97644594487312       -46.800162153845960     
  -49.548356808018056       -109.08412635157319       -43.072284812006252     
  -30.620130251577560       -109.90480291702056       -39.738550416336928     
  -16.639042864283613       -102.19702012870066       -32.824248334006725     
   5.7482478037352767       -93.309945424918141       -28.981927835319627     
   25.658852385239573       -85.231504312344583       -30.428567895743132     
   39.296857125960088       -78.265670333146119       -35.952329314378936     
   57.883926280470952       -70.580905073787264       -36.685555625589402     
   70.983162512559829       -67.220638185100768       -23.845336961581218     
   78.137252377857592       -59.003056124180759       -15.453480437420470     
   81.811483441906347       -42.054208105274171       -7.7154682524980780     
   91.319704770181687       -34.817493410691178        1.7491057450620642     
   96.036438566812166       -20.831720550927933        10.361840086842935     
   90.173462365325406       -12.163151591730971        19.554451242818939     
   91.742304684753435        7.5738172773735837        23.566386863749997     
