   115.12993832006366        29.157070243337376       -236.91668153145778     
   114.20614319088875        33.730370400984214       -245.18643327339998     
   112.91440819125511        40.713749003340368       -253.06066177542380     
   109.07372135539137        46.608885276017993       -259.83863562903599     
   107.49942103564729        54.699978834390819       -264.46881370700737     
   107.50481371391726        63.810900774934751       -267.21012291571219     
   109.73893401236261        73.483943933211819       -271.15905679826142     
   109.09664027790828        82.595824157733276       -275.55711093015105     
   106.12428599235534        93.183281190203843       -280.00919177591851     
   101.77431681459133        97.595873383849536       -280.81287905412569     
   93.725464482524586        99.602695950647316       -281.76157617649659     
   85.607647332477541        108.06213605280617       -285.77191694941166     
   85.881342965141798        115.30079236241561       -287.22114662820275     
   83.399559170403748        123.83622440639503       -287.32622996289484     
   80.414633815940235        130.11758801846068       -282.85093587459824     
   69.827085946040540        133.04511675442470       -279.20482522323073     
   60.972682134587657        132.80649183966332       -276.85966631380165     
   51.720628611343223        131.59684217172324       -279.98009654931622     
   42.696152690358829        129.98945344915816       -279.89428837258401     
   32.466174978715223        124.70610964650919       -284.38109902477538     
   23.356566165926541        125.09182749684012       -290.38823158333025     
   14.660502271329092        121.99836171165683       -293.63614639564872     
   6.6681372939116308        117.23962565998674       -296.41395857046081     
  -2.6849499728713120        113.26562936172107       -296.78933836098599     
  -11.684098554806219        109.58368709583804       -296.54109719727614     
  -19.885865401151896        104.00532749742447       -292.66000069643746     
  -25.383036535199974        95.031912453887202       -290.83793023199775     
  -33.535912423892682        86.344050298235786       -290.84437991816895     
  -43.801005055527121        83.080126223950089       -289.96913325849721     
  -50.178643390000232        80.968464824698074       -285.63918910599176     
  -56.578525681083505        83.869286504757639       -277.91327295232509     
  -63.361832748285352        85.690306028262214       -272.14247886628112     
  -70.250945657719910        92.166398198044860       -269.77481151452497     
  -72.306851290843611        98.535835151835045       -264.06148733311909     
  -66.243492280158819        100.98852625006157       -256.85866507332941     
  -62.029826798953948        102.26830073011128       -249.62699400310873     
  -60.462900730614265        104.60709861365115       -240.30808087409187     
  -61.247683628422614        106.26751434087991       -230.14513503464624     
  -65.518053065191140        109.73631566335571       -221.36278734763673     
  -64.829894483345200        104.27849454699840       -211.78596436288555     
  -62.743916300755686        98.287606024271554       -205.09676859836497     
  -66.273631328746617        94.863829757211491       -195.28877664553377     
  -72.464263907335123        90.995011523784754       -190.65181484352544     
  -77.363251938297793        84.197889474836558       -186.21685600516858     
  -82.060405612715911        74.805745161918281       -183.16539342126262     
  -86.275296886211180        69.571528754896633       -183.44614758243998     
  -86.722795625743885        59.114267235888398       -180.56571056843939     
  -85.236939927406638        53.448374147464257       -171.39975674168787     
  -86.687248153762994        45.744737035932758       -167.39770046493936     
  -94.570942155901079        40.589023336417831       -164.80362130235972     
  -101.99939419932136        33.400811595694925       -168.69418520448457     
  -104.75031765615161        29.169319494943782       -176.12503214418149     
  -107.63036363356879        25.695504231356033       -180.88393560070861     
  -115.12953438308872        24.333022193346686       -187.99850953631989     
  -124.73146450601165        19.503323858204364       -191.18176995196666     
  -129.77549306352637        14.767065257382423       -200.18729492196002     
  -128.96587665666866        11.896808579012284       -208.31255398560833     
  -123.04953173851516        15.555122081361127       -217.87677740163883     
  -116.21146631652960        13.567133665004825       -220.79054886185386     
  -108.23672943513779        12.978270581479933       -226.78761109000493     
  -101.48029606528335        11.996395062813979       -230.56813658472134     
  -101.82885900007639        6.4196366711837820       -236.72126315595975     
  -101.45262676606293      -0.65856003813244790       -244.71109320543690     
  -98.394936831862807       -7.2485218427403169       -251.97774934613261     
  -93.298334555806733       -8.6571363784282624       -258.16605465254844     
  -89.028235567360852       -5.2326605620930735       -265.41970866091179     
  -84.038019185159925       0.83992856454956666       -265.75236562013265     
  -75.148367809719019        3.7484881429772656       -268.56232510441600     
  -68.918058557512950        7.8432158982109570       -270.78288315442467     
  -63.104008667887058        13.376106591964430       -271.17811349957628     
  -52.347118885797663        17.799855316261613       -274.27747250008576     
  -42.942910594111453        24.165616322010766       -277.26403142374227     
  -31.842968081684695        23.367845768987340       -276.88883715413914     
  -22.762680326497815        17.893307803342907       -275.11473844221234     
  -15.401912332355923        10.221452292815764       -275.12556975275800     
  -10.069641644707332        2.5682387497899013       -274.17762799281127     
  -3.2414792812620363       -3.1119985194405944       -275.36010990590120     
   4.5048714150812330       -7.9754689207770655       -265.54273563417627     
   8.5159289167615952       -5.1898478017310774       -258.65062209996540     
   5.7852067585824187       -5.2889122940251152       -249.62356730603750     
   5.5765358372919955       -3.7222783692596488       -241.12423143932156     
   2.5251036903888102       -3.1131661111777689       -231.55269438921258     
   4.2558998163220387       -4.6298138590545070       -221.69620218701735     
   7.4047197910716909       -6.2186168719643922       -211.47615341970538     
   9.9971320938708139       -14.027855910202122       -203.69381963722449     
   17.197887543587925       -14.803989246408360       -197.60696974067321     
   21.932813147454251       -16.106188417581151       -192.03046185157953     
   33.083342693281331       -14.637064457741698       -188.97846414128665     
   41.856641334883754       -9.3933672858767618       -190.21153548379627     
   50.880147766772204       -2.0147315830356125       -188.83085150568144     
   60.828185007530692        2.7498006993782687       -185.47297672108832     
   67.094397670698967        8.1300150530357644       -186.97496893509089     
   73.972022762090475        12.959349203833082       -186.24883093882235     
   83.118756150637878        16.221926796532696       -185.23555378384592     
   92.140240244851356        21.596933318792427       -187.86313454528070     
   99.052188125017295        22.089211510687932       -194.57583415986045     
   106.26281281808282        22.987588869888256       -199.38068336869105     
   110.29932006940504        26.164150645955790       -206.98182076021956     
   111.60344842276712        29.206579801133675       -216.16947136248226     
   111.44931242275869        29.628227984307419       -226.54040205303073     
