   89.088476622877607        13.714461945365302        44.969272406395206     
   81.335665182601957        22.330487440554862        45.903633840586963     
   71.530045168625747        32.280521774694655        62.739050236902472     
   68.644969351996394        46.420820580774532        76.628289038327594     
   66.350274497031407        68.627493894605095        80.956707175101556     
   51.529424863674052        79.464357567986241        75.464190297302849     
   42.561226002764002        90.471863073073138        70.172725653166168     
   26.361171656514156        100.16851541708510        61.714219234452855     
   8.8832557159034611        104.91466662255532        51.513535528399977     
  -6.4067341428097455        113.13000037543355        60.674006750250904     
  -25.495556593532012        112.47603739630100        59.746434593049131     
  -45.149468557908712        108.97852546878944        55.644211210566453     
  -64.887653342540844        103.12744775763825        55.022275560775881     
  -84.233080727929703        94.720566026271314        50.409219765919374     
  -92.823490547736796        81.999551226998477        61.713357214795543     
  -106.23079942782661        71.507755597598774        61.543116933347953     
  -122.52459700343340        62.286343137617699        59.935230352875919     
  -141.16352108963861        55.170927010449560        54.440185428860936     
  -149.12028534204453        38.685971725579279        50.541443830858078     
  -151.60851673258341        21.986787338577464        46.504681359848291     
  -150.75950941227919        5.2018445814038365        43.851849474379286     
  -149.67283252796909       -9.0802360193487406        39.240144108623227     
  -152.99968954847714       -24.024207560215892        35.431183783947496     
  -146.77885783592407       -40.858661491557520        31.445165646307814     
  -139.16899140053954       -52.279444977796210        21.123259556028131     
  -137.48305970727893       -65.514902437174953        13.651726986099165     
  -141.49866861152572       -74.258910037075438       -5.6349563556902877     
  -143.79420473683470       -76.053893019080292       -23.448129739039942     
  -138.51422606349888       -79.661976716838097       -40.894047613056735     
  -127.53797239686168       -79.422927859118161       -54.733809590861021     
  -116.64074533869925       -80.689482215246741       -65.239181979083369     
  -104.22983240378427       -90.205276134454692       -72.402891243735851     
  -94.240822260799490       -100.17081139316400       -74.997049730791446     
  -85.232854769532949       -108.23631040097182       -64.502812465125302     
  -76.806819083228589       -112.47508692542046       -52.988345699199819     
  -63.906865339992947       -114.96859935345864       -41.317013894220992     
  -51.208704915083906       -114.47710582658962       -40.662874765626867     
  -28.821569013663407       -114.25418179603405       -43.685456283734588     
  -15.955216412718711       -104.65080647715173       -38.870658624384454     
   7.6077372083373618       -94.675967911843244       -35.157695556862244     
   27.777631014994753       -91.444549703085031       -34.229985098090445     
   43.902001269014256       -86.286877460766632       -36.470655700676723     
   63.190754667438419       -82.646281424754306       -37.121216031300115     
   73.594622805011241       -75.785359442295203       -23.225865906463920     
   77.547007353406997       -65.375708679483196       -13.022731523898779     
   84.114930193959395       -52.169111350246972       0.11811805133728870     
   95.256705592416807       -52.264407967659515        14.088357073611006     
   99.640941258180121       -35.641379588233185        21.558316593117858     
   98.123893136735148       -23.249791775482809        30.273974252749536     
   96.616758298368495       -1.8891794217380309        35.659802695260005     
