   80.772647334732866        14.691066137224643        44.468925662799300     
   73.763208855810078        23.274226084487800        41.766386076489333     
   63.251403261153740        31.323067207643152        55.879060728594638     
   57.843374611557557        35.481803487387147        74.643840626231352     
   53.542014642788374        48.893641959343682        91.763034188486785     
   39.237492100427339        61.824601104944449        89.980233872941113     
   29.402778883338677        73.192620948703876        92.461957310750876     
   16.201119017160185        89.131824821051026        87.833027216220600     
   3.9497739520941106        101.70997624023343        79.179037370688789     
  -14.313517477936996        105.04298718260357        85.909219715183468     
  -31.027513070449608        107.61897394705332        78.840472321900037     
  -48.736724682847452        108.74800993817851        76.340504343454882     
  -69.768519360124074        104.48960472045756        75.256500858677441     
  -88.300986975094659        99.334954596497070        71.079332073865857     
  -93.655625627475843        81.055466756822725        74.349951226762187     
  -107.95545519975715        72.142217946637189        71.020652794759656     
  -121.45691552847333        60.071163177614380        69.574239170814636     
  -135.23376436484835        44.634345047206935        76.427897320623245     
  -139.88011438395449        30.630257597484572        67.572373683035849     
  -145.02912105140268        20.842408283478015        56.493148615737034     
  -143.32603296373895        6.4158760694000598        47.634971994901576     
  -147.29298123586779       -7.7290285494705504        41.474521317095878     
  -152.16694272298753       -21.800506968849831        36.265256847027132     
  -150.50041696590290       -37.982415742632178        28.309733783884674     
  -152.31115547076817       -50.988898596362439        17.169392917674145     
  -152.01140723086760       -64.134263951814191        9.1830552204352909     
  -151.97127755830513       -71.576271065442882       -11.694100550125734     
  -151.84204883081841       -71.155448682698363       -30.577932832394225     
  -144.28527024889507       -72.511394118429465       -47.552902416731754     
  -130.23709467220013       -70.217752150609826       -58.199065900076491     
  -117.11971579278439       -74.891101022076541       -63.648175434592673     
  -101.10389710003946       -79.379915201724046       -71.936521348704616     
  -91.451769401242700       -85.800689816698210       -78.859972637492717     
  -80.241299834802319       -96.760102076377606       -77.608951003361213     
  -72.364133210309603       -106.90089245247988       -68.263153216771542     
  -58.290351381143999       -113.16473876597401       -62.508641514475755     
  -45.845596075689748       -109.84923409395361       -61.509483130361417     
  -24.864017335847169       -101.80871581370246       -59.220051313162671     
  -12.040995349802332       -99.394148455203279       -47.350412555816021     
   9.5254542680282555       -92.848119510396629       -34.934842585633483     
   29.350386791788850       -87.227569860716898       -31.034752103879001     
   43.764308912556594       -86.129919334703018       -26.874214240924790     
   63.421980862657684       -86.888302690040746       -20.889831876308168     
   66.329941059671796       -83.929794108983799       -2.9995851309643156     
   67.104291456649563       -71.602898682610274        6.3492765684718027     
   70.915134391761640       -58.516893129739586        19.443966687522767     
   75.121584534095575       -55.402399360610872        36.529677810462289     
   84.565986242090162       -40.479692397463374        39.901616505611642     
   79.227823551419959       -25.071440182498083        40.752775789666536     
   86.625192594064103       -4.4839600159098465        43.750934424127635     
