   77.928272422300594        12.482796570460531        38.313190110341587     
   70.247150799927184        19.656303640593450        43.132103488234570     
   57.640637636449291        24.206863903259851        59.208326617925756     
   46.685245805045859        22.216986003523495        72.939715849259684     
   39.682869687259533        29.246233521949012        93.456522254537489     
   26.738355398110013        40.218179924319273        97.297127825440612     
   17.301220744333889        51.883649643836279        101.89142193771993     
   8.3397201496373903        70.270925971599453        103.00209018993185     
 -0.63785246543057195        91.531475031269707        100.87292660725295     
  -21.650410951423641        97.466479427325936        101.02481833952736     
  -32.818898447201171        106.65721855339326        88.715130483978669     
  -50.378560037407276        109.99870642509505        81.256769791484246     
  -69.561372352532885        106.37922962904904        78.312381177870236     
  -91.071906854791052        101.75773987168364        76.656298012922974     
  -95.353961082598659        83.049272980679405        78.073409746458651     
  -109.35597732437891        74.566004500874001        74.312534963381978     
  -126.13010035934985        62.753026589722587        72.836115723662516     
  -140.10587983906794        47.563515718048755        76.731834005724437     
  -140.51078484389245        33.072489451474098        72.532481882251119     
  -146.63658737441509        20.978283657573144        63.379614770656609     
  -143.96825274164866        8.3580092839179638        51.963031121984848     
  -147.14746782144616       -6.9270849222168733        41.420494501701143     
  -150.60574165936592       -19.168874904526028        37.242603592440709     
  -148.28371964680909       -36.238634420208925        28.857682888595662     
  -150.81985054115043       -44.831288009469354        13.537038767930730     
  -152.54703939458136       -54.775657273405145        1.4823743148395008     
  -152.66179884664152       -50.487611584885187       -19.604644412201221     
  -147.24044962605603       -44.125028605658287       -37.501421505550127     
  -137.00869705341796       -46.622861519653178       -52.288572056439776     
  -124.01689821563647       -60.149983465264093       -57.787166632239476     
  -112.73196502351135       -70.416714620263718       -63.138413899493052     
  -99.886833918918981       -75.817893370407887       -74.691594311868471     
  -89.629692761300362       -73.003910557671873       -84.806460878713125     
  -76.291083789147066       -80.541901798032924       -89.454689348857613     
  -64.615818158093404       -91.124504690024651       -87.473273636635341     
  -51.024327177075051       -98.871719809195298       -80.234431661852199     
  -39.202345806219320       -95.258582321366077       -75.988324691874709     
  -27.084471795175475       -91.069595450725060       -59.857640228077599     
  -11.969319705524695       -94.933095372443901       -52.038124293554567     
   10.850861077221335       -93.992497193568070       -40.186405183743815     
   29.695706648447938       -87.434311218035134       -32.311876008173329     
   41.459261710065604       -80.877420576538853       -27.789342646976948     
   59.980953729701959       -72.165436831130876       -25.824575982238891     
   68.814849352244295       -74.358159455597431       -9.8738960668536748     
   69.591867591974491       -69.910816991697814        5.5794797106785055     
   71.241644203875538       -60.400484964624184        21.033726930268003     
   72.707058375128952       -56.396295116113791        39.693479528225865     
   85.238472944632306       -44.598885822982481        43.216068187909961     
   83.905318293522200       -26.867063812488897        42.128272708836512     
   86.614766866613849       -6.0326862350855626        38.591854844197684     
