 -0.65702383884812354       0.64749191424736252       0.38610088858944369     
 -0.30528225007406401       0.39221415551111599       0.86773890313066893     
 -0.31365647880677061       0.16244583280019725       0.93553779437732421     
 -0.32759707762220658       0.40326363265397835       0.85443466532679380     
 -0.64881427980643214       0.68558959070991343       0.33016199573766114     
 -0.59607477004651577       0.58857642037592550       0.54614344808983706     
 -0.28137164394254116       0.95456280422240380        9.8182741763184977E-002
 -0.51685857590497608       0.81298571659460572      -0.26816307935029804     
 -0.78000264910899308       0.16501179773096400       0.60362817528056911     
 -0.83270000210325501       0.40460551507293330      -0.37802788742340998     
 -0.71354496859014649       -6.2914002694400950E-002 -0.69777890915723395     
 -0.92039747225030799        7.2519956907419331E-002 -0.38419962119371320     
 -0.94512046160056262        3.2774768018363272E-002 -0.32507403409882640     
 -0.68157223550304535      -0.60152591816391709       0.41668436203970932     
 -0.64177156980519334      -0.70399508800621591      -0.30417128111131675     
 -0.71143763140331606      -0.57205897869327837      -0.40817278390363881     
 -0.88923396533469012      -0.45744804232750513        2.0599674460930750E-003
 -0.33995165795691029      -0.85957356782802052       0.38153132472151607     
 -0.15316054751457173      -0.91619392282784129      -0.37031141281139368     
  0.29837749153264514      -0.94533105605891399       0.13160572554879563     
  0.18244683264505018      -0.82576711266447411      -0.53368701398813179     
 -0.32709438845472927      -0.85753140795043659      -0.39705055776307707     
 -0.29132330289881514      -0.91616224443353034      -0.27527708779090582     
 -0.54881027420870854      -0.48200655360141453      -0.68299118970031203     
 -0.19844150199755006       -4.7930191287671980E-002 -0.97894007326704191     
  0.29844694947879186       0.10374466249454722      -0.94877102788327938     
  0.75986570130051811      -0.28385147012935752      -0.58483541179760135     
  0.96836421797827987      -0.22061503144676500      -0.11661796276327395     
  0.39337726633903392      -0.52100399158908495      -0.75750192546017003     
   7.8594024187094380E-002 -0.78114854057168515      -0.61937867005960456     
  0.50674219367368822      -0.57431243203025706      -0.64294446071668387     
  0.76017188610227082       0.18473466838338307      -0.62290593662044713     
  0.60661049863545236      -0.68935983869905737      -0.39598827726847485     
  0.66164462793005674      -0.70739465065735418      -0.24863466080306440     
  0.92932874233310747      -0.29346081170834504       0.22411791687645469     
  0.87475330086322090       0.23231696993480844       0.42524756096796984     
  0.57807603087817527        5.0308983625128867E-002  0.81443054258220449     
  0.96103026283362791       -2.6097444486760241E-002  0.27520857055911341     
  0.93114735795112935       0.21314068148498594       0.29586423859052113     
  0.69969635224096605       0.19789839761438463       0.68648469675758139     
  0.76362034755629482       0.15043397269955527       0.62789615754186523     
  0.66564925983029621       0.71730482025076459       0.20587583086026079     
  0.75670854128815201       0.13554994343051149       0.63954546075908214     
  -4.8191611495208841E-002  -6.2179197448307112E-002  0.99690085564522557     
  -7.9513874972942350E-002  0.35318340295293421       0.93216899088382832     
  -7.5368197294704856E-002  0.45099211742868595       0.88934006142405375     
  0.85365913573093055       0.46021157472463303       0.24386755928699702     
 -0.16055894842250512       0.95289758725238971      -0.25730723326411681     
  0.32796142702050690       0.89938899441261166      -0.28903414870243815     
 -0.31909611130070892       0.92489149615521515      -0.20676893406053898     
