  0.21826948340488117       0.93501188592796669       0.27948382026083968     
  0.29738940285457749       0.95228480121370307        6.8652752655488397E-002
  -2.8354608502860999E-003  0.71109089091009237       0.70309437846312883     
 -0.61619575894121703       0.75002826630718200       0.24033390606216898     
 -0.54856774655312590       0.83425033472741661        5.5675905460230990E-002
 -0.57364178357861562       0.81910613686538403        4.9059372808210795E-004
 -0.33952028381881372       0.93613061320506108       -9.1572113090722607E-002
 -0.14774239574545087       0.49064024748039536      -0.85874579012171259     
 -0.33446618541452794       0.63730620710144725      -0.69424287479542701     
 -0.46351082858119119       -4.4267660433947642E-002 -0.88498479423529208     
 -0.77099729873482625       0.27888602465482776      -0.57252576413278189     
 -0.60474319154667833       0.55736826649186255      -0.56888161139712656     
 -0.89062932196967781       0.18734949340119542      -0.41434234416741256     
 -0.48978570768431429       0.72156605927041406      -0.48933871976079685     
 -0.67469388056994917       0.56394855753131035      -0.47618293961440350     
 -0.69688410672635315       0.47488605395305195      -0.53743444023723264     
 -0.50093184630304266       0.60620026153770357      -0.61772852311597215     
 -0.81663199978411793       0.57715683555109409       -1.4710898127193936E-003
 -0.52120051616429941       0.33014329354358390      -0.78699137713081346     
 -0.86360149449817614       0.42102331433145562      -0.27736587297263077     
 -0.61057909573583247       0.70838848847154545      -0.35408885502286974     
 -0.69084958538578189       0.72224558572349917        3.2987335072904710E-002
 -0.61742365587743686       0.67649972511298073      -0.40141767659758282     
 -0.77804555577950107        3.8175875582772134E-003 -0.62819625847102811     
 -0.87944982320780019      -0.29193237968931068      -0.37595677164895680     
 -0.55364079915267406      -0.20737104237178330      -0.80652285541032875     
 -0.73053756100415490      -0.61704396877049139      -0.29252625961793466     
 -0.69612720062770350      -0.70595092087283662       0.13053818546704535     
 -0.58615660506176903      -0.79938543179259325       0.13192181692286417     
 -0.50105954967020105      -0.84692920553447248      -0.17790516714542440     
 -0.96899283564024508        7.7036566327256528E-003  0.24696869872993918     
 -0.81277940297108908      -0.50277352543695730      -0.29429309238521489     
 -0.92422107181332780      -0.38016378618476959       -3.5929181592174904E-002
 -0.86284626743368265      -0.40746466078785043       0.29911347175412173     
 -0.40907103183859622      -0.79944472522348187       0.43994206689388260     
   6.1079675191375533E-002 -0.87198618853995291       0.48570501363902208     
  -9.7469658127686334E-002 -0.84764446884355482       0.52153477370487855     
 -0.73976396970296410      -0.56633641025964732       0.36333502383272170     
 -0.70846970362294870      -0.70532941421366468        2.4105943114101382E-002
 -0.45209118848956587      -0.80129600592204941      -0.39183959496643744     
 -0.61344546155789315      -0.66853530321596411      -0.42041076823501777     
 -0.59993819883094834      -0.47588301597591465      -0.64312480335401689     
 -0.32439941429606695      -0.52171229898155558      -0.78903821016205744     
 -0.93108671458781767      -0.16660576212859166      -0.32453050695367996     
 -0.87507746388461249      -0.30365849672528228      -0.37686993720355499     
 -0.46117184429775004      -0.69208244649512318      -0.55528588788149014     
   2.1125730671148008E-002 -0.74121985087477815      -0.67092982954462332     
  -8.5566027113050516E-002 -0.76442935939337808      -0.63900407627926170     
  -8.1774094156180144E-002 -0.91583266872568381      -0.39314567328119365     
 -0.13171188393517169      -0.94108173534489170      -0.31147575672994199     
  0.43280958369108907      -0.67832247128683298      -0.59376299077364358     
  0.85929850935871843      -0.41642832969709531      -0.29697393494979302     
  0.81641651592794029       -1.7507788309637139E-002 -0.57719801616826616     
  0.48353333072342497      -0.58018996484135044      -0.65541980651861143     
  0.60080185097020555      -0.66297868631145018      -0.44665019575447651     
  0.47371805374474846      -0.56543551583453566      -0.67518433260052135     
  0.89403816346799303      -0.34814459981348189      -0.28194166042549484     
  0.54630977884656684      -0.82859152266564795      -0.12239981251306542     
  0.78739070345780648      -0.31081477433964882       0.53236271109123290     
  0.65257526488888262      -0.39403852013287771       0.64720875172288483     
  0.55680498291602132      -0.45643905184779671       0.69399683208799512     
  0.35459924330633474      -0.73018214610971743       0.58403202835904400     
  0.68066483927307497      -0.73206584974027522       -2.7838251047935358E-002
  0.57247130765961152      -0.81678237193113978        7.1715819796154129E-002
  0.65373260890923390      -0.74969114984090879       0.10294103117292461     
  0.52878182297483256      -0.72518859309619410       0.44101166439740913     
  0.83754419107980738      -0.45151108073876700       0.30766454452630865     
  0.38365882623930070      -0.52716049904747586       0.75822668991054110     
  0.70396488826425541       0.10060613682496011       0.70307314080702510     
  0.67295610010920448       0.11620358329846495       0.73049764856186328     
  0.71885320283996146       0.44943135272211243       0.53034095821188798     
  0.64269097320403767       0.30759747642879853       0.70166381227528285     
  0.76916119656218962       0.13303932689369755       0.62505327069194638     
  0.55353327862758739       -5.1171863123543437E-002  0.83125348112128905     
  0.27191309398805796       0.14046556738666799       0.95201507009951714     
  0.35735422516349230       0.17991295785312386       0.91647656017726231     
  0.37813472142625532      -0.50127419369152726       0.77829192157622096     
  0.51549142299386619      -0.85078362300467747       0.10215585958134360     
  0.13855083152269948      -0.29886619373305590      -0.94418359725632417     
  0.12904253702207641      -0.16613063440245257      -0.97762397472236395     
  0.26417627431429630       0.25630583831092385      -0.92979471569651373     
  0.58219789321243598       0.61252178703449112      -0.53466126991496354     
  0.78007407926572403       0.45363341857972428       0.43093056564301707     
  0.88961385207924248       0.40411701210443290       0.21278306961909538     
  0.59523565725391503       0.79983879374744149       -7.7151904384430814E-002
  0.79393322841213387       0.53411457421426900       0.29050241037726804     
  0.39718531913956800       0.66180456583585301       0.63581328933801418     
  0.54463763472941462       0.38991922622091602       0.74251790810702711     
  0.19424348588041312       0.76810752339516264       0.61014776955814432     
  0.29282198145063720       0.43302222179112060       0.85249459975674036     
  0.33224147910608509       0.67391839506783380       0.65988604800419659     
   6.7948861221958007E-002  0.86122755455331923       0.50365668022647248     
  0.40272736293880762       0.80221144416737900       0.44075783599074503     
  0.11138561783889120       0.62728051852474842       0.77078686756974057     
  0.67375513639030926       0.65957128830117218       0.33319623622785549     
  0.14422006750163183       0.97018442653114634       0.19478899005399783     
   6.5618270706111648E-002  0.73765331531049538       0.67198350348871894     
  0.34914057897852291       0.75701207160109674       0.55229845152847790     
  0.80659206235646552       0.53765372871942296       0.24563736063075148     
  0.76334923899335394       0.39934516868612574       0.50776114027691588     
