 -0.16636547841089827       0.95859344734459839       0.23113011552177992     
 -0.12929602716377020       0.63229500992873133       0.76386226361752563     
 -0.24640369290294231       0.90380599871881639       0.34988560531075868     
 -0.15925990592461731       0.96074468040023131       0.22716941133775587     
 -0.88808301548086688       0.12272360850678740      -0.44299827711796241     
 -0.73772051514374992       0.60769511059643255      -0.29406647903702421     
 -0.93538490569108657        4.3787598535590749E-002 -0.35090985226944765     
 -0.75721767556659347       0.61626458886883095      -0.21642400124721450     
 -0.89002349350001286       0.34073159543395271      -0.30291939669005225     
 -0.84578556159643603       0.39733301909877283      -0.35605232161699807     
 -0.92431485572932104      -0.38107923032131019       -2.0510185172319451E-002
 -0.97815442367419803      -0.10107559282151626      -0.18165254741505008     
 -0.88145825419517598      -0.10748911400624836       0.45986675948729472     
 -0.93651961447435783       0.32828159550230973       0.12313490877594013     
 -0.98528043572755730      -0.16540429708563853        4.3172693663033834E-002
 -0.79209637470720096      -0.58613539659634262      -0.17037790359245145     
 -0.55991406917311382      -0.78989530077888970      -0.25012326750910829     
 -0.59576730134351086      -0.78006256140571628      -0.19121642958444351     
 -0.48314214071296596      -0.86933326944991318       0.10408332476827289     
 -0.36434057344586152      -0.91270377301242256      -0.18500748436219369     
  -2.8655627498514677E-002 -0.78888118658842943      -0.61387729104398203     
 -0.49416734286668074      -0.67721482212155426      -0.54514101106315305     
 -0.27857035680681896      -0.73100116986892993      -0.62292523304067404     
  -7.4576569761567240E-003 -0.99980238114031172       -1.8427751316611313E-002
   6.7858705327421082E-002 -0.99768075600786299       -5.3202634203855098E-003
  0.49467894153521441      -0.79593536760412176      -0.34896939034604280     
  0.47974217762100480       -6.8276974038009752E-002 -0.87474893416777866     
  0.24893247383028580      -0.24331712501992853      -0.93745901251455721     
  0.82654517715782649       -3.6776299075535770E-002 -0.56166767215448787     
  0.79307377230136222      -0.26208380064372794      -0.54986004867404581     
  0.93528420364185061       -4.8278616387866430E-002 -0.35058898102721264     
  0.93236500033702940      -0.34374342253177870      -0.11196412645427736     
  0.83710130696288376      -0.54206874249249504        7.3640208402986573E-002
  0.72951643314753034      -0.68112277787858533       -6.2269858058779604E-002
  0.40711661908441504      -0.42647458931242399       0.80769764338895600     
  0.40025851002847945        5.0838633686321077E-002  0.91499101551582973     
  0.82908428196592954       -1.8453180774724909E-002  0.55881905257098841     
  0.51153555183178057       0.52149678248037445       0.68291469824186224     
  0.74598472080218603       0.30989046144641968       0.58946984505927946     
  0.94271872103317056       0.31953091002327338       -9.5819677276039031E-002
  0.94948351163035116       -6.1525140660784933E-002 -0.30772669401397418     
  0.98767088752275500       0.15300775230299446       -3.3088452293845216E-002
  0.82550511816528749       0.54685370968420910       0.13961489923190473     
  0.47500336292423340       0.62497357846134471       0.61949966217576868     
  0.66788949703930511       0.72898420360102856       0.15001883430009336     
  0.42076167714427160       0.67001702013091480       0.61158548362565812     
  0.27453046036582424       0.71878105572594586       0.63873845998250611     
 -0.54374281363892762       0.82297228246134391       0.16450037968463144     
   7.0519089847140518E-002  0.98664751816483276       0.14681189620159260     
  0.12156895278333524       0.49804008903738950       0.85859015800950766     
