  0.22923284069843314       0.58451480426727820      -0.77832817521769959     
  -2.9543061327311354E-002  0.89428263050963108      -0.44652635341734370     
   8.4473512725353639E-002  0.67514246986090920      -0.73283481838539077     
  -9.7034123540310019E-002  0.72267389028770745      -0.68434408535852187     
   1.0497705966378362E-002  0.80658279790566823      -0.59102790821762441     
 -0.43638488962516392       0.70262863068789883      -0.56203312664332672     
 -0.58868252968189461       0.74285930847044546      -0.31876782627193045     
 -0.82470209126028438       0.56519265526414630        2.0584535612230705E-002
 -0.32205441615969316       0.93025427914123493      -0.17580651060599489     
 -0.33247364981730704       0.92768248087353189      -0.16990140334172210     
 -0.16569825524619369       0.96159269646194800      -0.21882315763969634     
 -0.23119048673243159       0.72592653541099827       0.64775120534863107     
 -0.77150539611097491       0.58169777098265818      -0.25769580323600738     
 -0.81528221643873666      -0.28632878745970769      -0.50331971253925500     
 -0.30245791891397067      -0.50064484317605262      -0.81109429062684280     
 -0.38910653492432346      -0.20060246190770897      -0.89908551137016646     
 -0.19833288490297177       0.62812098071597744      -0.75241484591312235     
 -0.44675626591666651       0.46642118402325861      -0.76345276079043511     
 -0.54822505088773754       0.30310532264119777      -0.77947190902925600     
 -0.81653772198476471       0.55787295637512424      -0.14847192704754633     
 -0.67458414104110909       0.19966345912764558      -0.71068329074561065     
 -0.58786444939028037      -0.15325698359440679      -0.79430956567487432     
 -0.92527698751102039       0.33837831528872170      -0.17135522205318404     
 -0.88646823167640898      -0.31116558194637234      -0.34256394270337026     
 -0.91598596077812677      -0.38782141615000493       0.10278262904198580     
 -0.89283462463846630      -0.15474390358272669      -0.42296649672364189     
 -0.92463178486938336      -0.34493593579432985      -0.16147836575515387     
 -0.98015165867827336       -8.7152851513443499E-002 -0.17806489396651842     
 -0.80379120470590792       0.20030331224341358       0.56017700982970031     
 -0.86154461588146514        8.3600415952188617E-002  0.50075128087532650     
 -0.98204098108777793       -3.3175040177976983E-002  0.18572810280985660     
 -0.80960990622428453       0.34883970709991863       0.47206213414544501     
 -0.95463470560709851       -9.9981711911668478E-002  0.28049284506678496     
 -0.36939952127845305      -0.40600221514925350       0.83588647253867543     
 -0.28727901744871992      -0.72583388907383017       0.62500874522333971     
  0.53310163280343303      -0.41983818634089243       0.73453287631820752     
 -0.29794485806438242      -0.73981142670963673       0.60324780518692389     
 -0.77836085653558718      -0.39497356178934184       0.48800641645435505     
 -0.65543227839232676      -0.47065918065740087       0.59066781197585205     
 -0.60765954468472583      -0.31639660848767831       0.72845251313386428     
 -0.47741163514098978      -0.83860584263165361       0.26233255866563543     
 -0.68993713726632766      -0.61876800865808412       0.37564996749906759     
 -0.16894319585385459      -0.49890560188882094       0.85003023297917801     
  0.13634618213308061      -0.25670656213076748       0.95682363033984819     
  0.24658710932086964      -0.69540639018673178       0.67498499983646154     
 -0.39503090399141794      -0.81994071277850966       0.41430400965955516     
 -0.18487630270304145      -0.59993996550767903       0.77839115519479563     
  0.13780053420383606      -0.79775978621279364       0.58701817371768483     
  -5.8178167610931364E-003 -0.82359257467465652       0.56715202895598882     
  -2.2877006647447334E-002 -0.89836184486367454       0.43866004862533137     
  0.15119810029359612      -0.92391961876368078      -0.35144227482073354     
  -6.6882255940921384E-002 -0.97973631949792783      -0.18879488366187641     
 -0.20973013996491319      -0.75488356769032816      -0.62142100674293710     
 -0.47959927635305882      -0.86798703450061354       0.12877516088298918     
  0.29741372262904631      -0.68373900623975525      -0.66636780304738696     
  0.29077958996257608      -0.66678432730996851      -0.68618211206281010     
  0.51903532705320354        8.7661950992316107E-002 -0.85024567721275990     
  0.64518948387811192        4.5611378723281387E-002 -0.76265990587158461     
  0.53051213699597000      -0.74117268294299810      -0.41136349687234003     
  0.25486667728203216      -0.96332983792739602       -8.3896365654222732E-002
  0.29289165389327709      -0.88187193802416997      -0.36948120927206873     
  0.82721470904330530      -0.53975676347337742      -0.15613603500520057     
  0.42068191049925618      -0.89608424277263776       0.14163248226761496     
  0.34422024938731677      -0.71381264835051672       0.60990484746930029     
 -0.17454486376792203      -0.96373278704670440      -0.20187423239093127     
  0.58579737532350939      -0.73577292434455610      -0.33982295223475856     
   6.5183798582840360E-002 -0.86850834677619104      -0.49136984439665848     
  0.91358312949534837      -0.40523465312317170        3.3922579642891026E-002
  0.89138749339422285      -0.44193369985495812      -0.10061282996156107     
  0.72710829007996247      -0.43568008752126741       0.53056233925379093     
  0.96592978645081862       -5.5442122069688751E-002  0.25279600223795329     
  0.95117682695408545        5.6876445502856948E-002  0.30336069918914010     
  0.79870310162653679       0.58605990460411250      -0.13640800441167247     
  0.63005820512377864       0.74940738075123725      -0.20350733606377600     
  0.67958142600191729       0.50642028977059861      -0.53076131692302231     
  0.91307805107886575      -0.13657212918118594      -0.38423498821546931     
  0.83674616868887319       0.21373784073274285      -0.50415472290101526     
  0.74478506099113939       0.54837115771206435      -0.38024240467623044     
  0.35083400075745469       0.93642145944559085        5.5094647942237202E-003
  0.58723320032491411       0.50675137505888190       0.63115783470705333     
  0.53155932596905586       0.38739348369838233       0.75324031474912545     
  0.45715762902468382       0.41431383065331850       0.78698853355935838     
  0.64796471769190778       0.64618810999381826       0.40321539049131794     
  0.37036978595578102       0.35435500781412743       0.85863772924797677     
  0.26364159422865663       0.34054111334425025       0.90251031014323368     
  0.21691510757729482       -6.7268655086771767E-002  0.97386999345269210     
  0.11476095464910235        5.5272181276637702E-002  0.99185427824098538     
  0.33412696157662763       0.57877005412457294       0.74389810995606631     
  0.59320881805255354       0.63116208877546209       0.49973764704821305     
  0.57034601538398366       0.16716456022071430       0.80421479254103745     
  0.95084519241261989       0.30079215603659676       -7.3603661136238535E-002
  0.48367034908638290       0.78305252927167435      -0.39101372075144425     
  0.83503062950442053       0.46465746670346963       0.29464773276942291     
  0.71272998776837349       0.68251771024695840       0.16181946648948503     
  0.70103080878735335       0.65893560702499554      -0.27268969713861441     
   9.1961985077319605E-002  0.94212589046087891      -0.32240006176167801     
  -8.9404081135242910E-002  0.89571506968430115      -0.43554726978458647     
   7.8186025239407680E-002  0.10895889394425176      -0.99096665175358045     
  0.38448557376113535       0.87419869521556959      -0.29655941201210251     
  -9.5858916010955059E-002  0.74934646157380191      -0.65520298285953438     
