 -0.32276223273545551       0.70872682068656523       0.62732036054884743     
   3.1878013239564990E-002  0.59455602119008166       0.80342201235621835     
  -5.4383501007144383E-002  0.91494842610028315       0.39988975029978180     
  -7.1139787250041109E-002  0.98358371830398594       0.16583787190303442     
 -0.87481513760509033       0.44292199864336773      -0.19626150446471177     
 -0.86705676201277826       0.28218105303076896      -0.41059277241369496     
 -0.97922877864394797       0.12940062380302547      -0.15609765416197463     
 -0.94404225899248673       0.24943132779787702      -0.21579672367612091     
 -0.83897422668805544       0.52343481126648417       0.14878926475924925     
 -0.89902403019782251       0.40852063062029925      -0.15769174830807026     
 -0.88874220739378373      -0.31951096981917781      -0.32870964233200556     
 -0.96150870217883500      -0.25562352821730588      -0.10078505571814747     
 -0.72272476485246240      -0.64037796710122641      -0.25997110131754420     
 -0.82525517441188723      -0.31219089003609440       0.47062803282940929     
 -0.80467580486383861      -0.50807901117178378       0.30716863035381525     
 -0.92376648971937003      -0.36311060722598260      -0.12168056291591378     
 -0.54307914291230308      -0.66915397530423926      -0.50724550453224759     
 -0.64577058112688157      -0.70678433721677059      -0.28885334897851161     
 -0.50789869397506349      -0.83248804245398766      -0.22136525434122606     
  -7.2533595746269608E-002 -0.89337177795679534      -0.44342501489928660     
   6.7539777945278559E-002 -0.79986031562965287      -0.59637392119033628     
 -0.15324975380362926      -0.90396527482711542      -0.39920082022193637     
 -0.39889672117104008      -0.77635849235371379      -0.48800501758615455     
   5.9486920736375008E-002 -0.87255292045647836      -0.48488422047347940     
  -2.3636414759868173E-002 -0.91643183843467302      -0.39949218440482970     
  0.25522267402352189      -0.55659614922561040      -0.79060869798624367     
  0.66975146283995879      -0.18342292488083312      -0.71957557535806560     
  0.63414285150361760        7.6361241162871796E-002 -0.76943603030721497     
  0.87246412200856527      -0.30593870729194955      -0.38106149528435918     
  0.64435211023782746      -0.57763565798166683      -0.50114609113525421     
  0.77503746037276489      -0.62160391597096498      -0.11369039831267094     
  0.90961136065472026      -0.39189651479521692       0.13792858390931670     
  0.89652049227760411      -0.43906635477448752        5.8921498889316207E-002
  0.82135968827888395       -6.8876551983820603E-002  0.56623694956902160     
  0.56307050161069128       0.31057435161701308       0.76582973455824643     
  0.80453482742673155        9.6230486089419059E-003  0.59382750727202571     
  0.99533604935671416        3.1731013795449056E-002  -9.1100447937889004E-002
  0.80203973926529304       0.12601857146157303       0.58382495346297736     
  0.75216304310261095       0.62644767153880965       0.20448489287530272     
  0.89942642551646346       0.40623120512464783      -0.16127093062810821     
  0.82647012932388408       0.48331438940598503      -0.28871149323933143     
  0.91250908816454412       0.13840175334331889      -0.38493131684575943     
  0.81821801465973987       0.21817985277627447       0.53189926896809947     
  0.80011787508198162       0.46066730704654435       0.38418357355928112     
  0.14803908072591226       0.85514529825941310       0.49680071401181169     
  0.52124448717985272       0.59220274472240819       0.61449173609403351     
  0.43249150781317164       0.85811284144062594       0.27675521137674225     
 -0.27047737824918500       0.56905777646376376       0.77654055586399595     
   6.6757895103746273E-002  0.95761410253656853       0.28021173077585365     
 -0.12640040467716990       0.61219160833613195       0.78054107667711314     
