 -0.28691237254473523       0.62367702039520412       0.72712328027075945     
  0.24102848906524449       0.63748328472959070       0.73179254515832215     
  -1.4745550699138452E-002  0.93623440657854073       0.35106652456921639     
 -0.33990620431465113       0.92304741355095177       0.18013118720895582     
 -0.95005835280289919       0.29476213829555337      -0.10249101471288385     
 -0.80090163863164954       0.32342898097208367      -0.50393477703419132     
 -0.98876137157919164       -4.4063025858318568E-002 -0.14286147075068364     
 -0.92372060784618470       0.32251762366605774      -0.20669451145367351     
 -0.82515284498315866       0.42713149013537710       0.36970457469570450     
 -0.96577473492569033       0.21671198261404984       0.14253097196995362     
 -0.95766680118585845      -0.25596298601213630      -0.13174690773676226     
 -0.98399092212086026      -0.15844413137600180       -8.1592416413816982E-002
 -0.92943103416544415      -0.36700636522461233       -3.8265919756033884E-002
 -0.25858099799404199      -0.71064100927988616       0.65431278713324259     
 -0.69870493084442187      -0.67533814263314440       0.23607162624616465     
 -0.76413759010468962      -0.62268889071055100       0.16838137894275673     
 -0.90758984704201118      -0.38565537038598574      -0.16598374871869095     
   7.8229293042084841E-002 -0.99621923085810971       -3.7781235800502896E-002
 -0.33548462275951318      -0.85785729702926861      -0.38926973402198461     
 -0.49595578060245404      -0.63893143771281502      -0.58804292495467125     
 -0.26997541432769440      -0.65618785215280928      -0.70464940101136375     
   9.4201985238831984E-002 -0.85854844894036597      -0.50400451069326313     
 -0.36958043268767549      -0.82285267382490224      -0.43165238439466536     
  0.18240622694525049      -0.79871460725594634      -0.57339597533255826     
 -0.37470939358599109      -0.90862315849824082      -0.18438228276897217     
  0.15766958815774679      -0.38635830589723585      -0.90877255704295001     
  0.39197757537869016       0.10432043509998311      -0.91404093301163947     
  0.29278999431849800       0.49430059366688173      -0.81849920117709352     
  0.63027411759112983       -9.2248710828735467E-002 -0.77087269509637901     
  0.71212510987750954      -0.11003011465156703      -0.69337666657575514     
  0.40433367582902968      -0.61567788984013694      -0.67635420790631395     
  0.70238867513746317      -0.61134606609343933      -0.36456293902522929     
  0.43799142875060537      -0.85546713888392334       0.27629600545565886     
  0.59229445221702659      -0.48043386173947095       0.64681572829286327     
  0.76020732033586080       0.32184124369892553       0.56436073921038754     
  0.99184869353461835      -0.12003021004642740        4.2765848639765014E-002
  0.91791702430230249      -0.10273232656000640      -0.38324196739863403     
  0.79688342718034100       0.52300463382391382       0.30239536452139881     
  0.74448637088678737       0.63512595942814287       0.20580344803793316     
  0.85995882778400834       0.41418302584499483      -0.29819999265298591     
  0.90914821376501576       0.40667489671155471       -8.9805644547158725E-002
  0.95382301504233824        9.6552000790466067E-002 -0.28442814051866178     
  0.73695064399168886       0.13280988804027924       0.66277091212496997     
  0.65593799396013619       0.70371549886916163       0.27300154712176927     
  0.18332063849382055       0.87203250190763026       0.45382029385973499     
  0.63831232049923459       0.54642610789442103       0.54219543534618320     
  0.34762064494378719       0.87681319760322107       0.33220250408099000     
 -0.26383645361212960       0.47240089757169856       0.84096832147163936     
 -0.28974016132367697       0.95251824014143771        9.3592954403559983E-002
  -2.3889099739400871E-002  0.63466483952915020       0.77241818490962322     
