 -0.46087488295449330       0.85216247422033664       0.24781739202960384     
 -0.44971439557284620       0.56668441740925513       0.69038086117742381     
 -0.24123687434341987       0.83895005856199734       0.48781919775244609     
 -0.11521471812945097       0.93037981340598697       0.34802151015848859     
 -0.74567912318107665       0.62353057713650684      -0.23488777028129160     
 -0.46648438723550190       0.62776267272606912      -0.62314231375933948     
 -0.75368943041185887       0.37485077131623612      -0.53985103661016920     
 -0.77018836633190713       0.51509902869692847      -0.37614208884737632     
 -0.63617765962279660       0.45496715721446546       0.62312347994041262     
 -0.97776990759273541       0.18719201419675693        9.4473052385617248E-002
 -0.95661209205157605      -0.20937936600910734      -0.20261684636360816     
 -0.98612063956692830      -0.11277974539354137       0.12184749997059130     
 -0.97556740452400104      -0.19999671396646362       -9.0937086125097058E-002
 -0.27393385049463675      -0.62891463332794639       0.72761708991691387     
 -0.68338181598461423      -0.72299277683214924       0.10134465072272467     
 -0.79505360154257487      -0.45869713683596847      -0.39684594911964088     
 -0.95672276181518523      -0.24889988718835082      -0.15076605447630892     
 -0.37942011770382739      -0.85076716426526366      -0.36364214069556799     
 -0.22628438800226441      -0.95130314441943442      -0.20932678558689002     
 -0.13903173937067823      -0.98824411017322933        6.3590519383681404E-002
  -2.6696279979510289E-002 -0.96785633293750961      -0.25008284113072254     
  -6.6575437670576124E-002 -0.96605204911232956      -0.24962201326173547     
  -6.3444233107500803E-003 -0.97957690029457845      -0.20096976066592853     
  0.45117390998960205      -0.74434257013582750      -0.49233752774725981     
  0.18287684966163129      -0.98145230332734890       -5.7510296045812856E-002
 -0.17381988974290100      -0.61758344127584197      -0.76705758518617928     
 -0.10807345666154973      -0.24112114975954146      -0.96445877003833425     
  -5.1384496778917044E-002 -0.30332418599443323      -0.95150095726782669     
  0.39790478780784588      -0.20117244610725532      -0.89509855701303254     
  0.85480160427222807       -3.7465572506326844E-002 -0.51760076140824751     
  0.67271095373156364      -0.39049944398955383      -0.62846651221319350     
  0.72062235389575879      -0.67128699562476546      -0.17342777335481746     
  0.62071225978732092      -0.67483272614176526       0.39914544000625396     
  0.39414038103004950      -0.39655712313922981       0.82909336514594134     
  0.81498879404648994      -0.32639983952509205       0.47880727890941538     
  0.99734031570443749        1.3588037232358860E-002   7.1607680556931771E-002
  0.95318085329056634        4.4905003579162203E-002 -0.29904815928847489     
  0.70821607179644530       0.56883508993831600       0.41815862552873606     
  0.80909512372939085       0.50277172327635833       0.30427894279927276     
  0.94123304698905508       0.29722139547158305      -0.16043625939801442     
  0.95124560078116005       0.30376216571123543        5.3482274417917294E-002
  0.91182020695877419       0.13611181704702652      -0.38737253831656410     
  0.79922482241683368       0.22266951038260296       0.55826335396365900     
   3.6658711498188806E-003  0.71308370045682135       0.70106932434069535     
  0.21035961323436847       0.76468310405425011       0.60910473934606957     
  0.62904443631230578       0.25488596137322239       0.73439515510342379     
  0.27506312175485537       0.75103684404860260       0.60023656830618766     
 -0.10464832282638417       0.68506976727105640       0.72092173118918024     
   6.8246598551243071E-002  0.97582825837376097       0.20760927711789801     
 -0.36811441987808896       0.68790345116531681       0.62552427271262823     
