 -0.31097167284119431       0.94914280599029843       -4.9239745401547574E-002
 -0.62723831139890862       0.58947920142907573       0.50900527678599028     
 -0.40276749860015426       0.39774002499777911       0.82436716006045585     
 -0.37407630794934704       0.53973490062263019       0.75415724678668050     
 -0.82892405498338584       0.54162256147931176       0.13974946141753175     
 -0.39034213233795884       0.91361391486572741      -0.11376569907303632     
 -0.36076671359938473       0.91977426887195946      -0.15447547598164330     
 -0.65627924664553827       0.67136574109633385      -0.34433354774772335     
 -0.89351338620425946       0.12518204343370282       0.43123460514615652     
 -0.97961560045771967       0.17952631778629952       -9.0130885727117985E-002
 -0.96863582389311886      -0.22679075067427010      -0.10154110536872817     
 -0.97838910956177161      -0.20401813974066557        3.3635531030218990E-002
 -0.98319260881565973       -5.4783874661866280E-002 -0.17415803469060059     
 -0.48090259364351484      -0.87652008177248530        2.1100750614562690E-002
 -0.81189142917636581      -0.44937821373846315      -0.37268153730388742     
 -0.93455842134727374      -0.31099809921316446      -0.17286046214994913     
 -0.40501035069510066      -0.85947540631801000       0.31187921021499021     
 -0.41174574237436656      -0.89138374336385273      -0.18947418215479309     
 -0.55018389382798782      -0.63300984178421538      -0.54460648469936479     
   7.8576125666129260E-002 -0.71345936503025664      -0.69627690391533514     
 -0.23527440201707694      -0.90259621557700576      -0.36050801292284335     
 -0.27410762940419414      -0.93847918805906083      -0.21005194853278750     
 -0.22489231809555274      -0.79860995384884303      -0.55825226096735014     
  -1.1259891333804492E-002 -0.75790329583563032      -0.65226973638874142     
  -8.3420824362128068E-002 -0.95843942836625495      -0.27282746968681032     
  -6.6763847064081172E-002 -0.59212716838092039      -0.80307409694896537     
 -0.21142520099397155       0.15978125161241552      -0.96424547497918012     
  0.27041401501431095      -0.16016385858590140      -0.94932807758262117     
  0.88472411582644983       0.10665939087342810      -0.45374774182756294     
  0.93703378536420046       -6.6380288710414626E-002 -0.34287219536841840     
  0.73319247554528311      -0.29017783189385910      -0.61500050380561067     
  0.65380824927107906      -0.44681011418308414      -0.61065169699983957     
  0.75744962837179330      -0.62970004251075340      -0.17247584451563830     
  0.39842456130320503      -0.68122586211145331       0.61415730374298394     
  0.83373266634173404      -0.45239703567906808       0.31658610706013401     
  0.99601690801352938        7.8293649334832002E-002   4.2666420344338325E-002
  0.86760489486749626       0.49717649870439473        8.7906506016759700E-003
  0.85111682017014334       -6.9015357528921129E-002  0.52042005999828667     
  0.69688521800383008       0.13078549416129576       0.70515682471684316     
  0.86757986593451597       0.46403342440500683       0.17882437546378749     
  0.88292392453104651        8.7231539599184962E-002  0.46134152424191732     
  0.99284824852071984       -6.1482848331428010E-002  0.10233383981067896     
  0.47650116707301959        1.5579605579820632E-002  0.87903578634093749     
 -0.23742072797029831       0.64923788032002494       0.72257980368096086     
   7.8499831203809142E-002  0.74963908014009462       0.65717503454383230     
  0.27760616602628085       0.24988956271686752       0.92762601463594352     
  0.41347550860276894       0.88101127971265669       0.22990678285937982     
 -0.27147875283650391       0.96080065146048388        5.6226283101823288E-002
  0.38012110991162140       0.88705063245194260       0.26200976559312600     
 -0.19308520936714202       0.97686109924878739       -9.1980947473355057E-002
