 -0.48997124500168809       0.86687809307312380        9.1926877578844379E-002
 -0.22551049960516573       0.97258673646948479        5.6745525034644709E-002
  -1.0986749064415425E-002  0.99957625750882717        2.6955458995122458E-002
  -1.1068551866391010E-002  0.89017556239161100       0.45548321075573339     
 -0.57813282367556273       0.71563414821528526       0.39195689061055494     
 -0.58139895426082810       0.78574178857262678      -0.21115183559489131     
 -0.60225434662339006       0.38431729611786669      -0.69970702288734876     
 -0.92168237349960658       0.29634792422082668      -0.25035876295854564     
 -0.80535028089821992       0.48243328343884129      -0.34448374720378422     
 -0.98504885267113429        9.9508040688397831E-002 -0.14063039390411480     
 -0.93269479062112604       0.21281614814625210       0.29118673499387304     
 -0.69604731966028455       0.18175961452743911       0.69460893409210234     
 -0.40340415138931141      -0.17603755356745965       0.89792865550434675     
 -0.33779843292563411       0.87761107747796341       0.34013381984293106     
 -0.61494285039525332       0.74160314645087533       0.26808592637792783     
 -0.24055108877749984       0.80201497488456508       0.54672401972920126     
 -0.11416295736005333       0.97770908794022027       0.17621509165195615     
  0.26158129304448124       0.95248047345825115       0.15606464945628840     
  0.21538525143988690       0.86250863075104811      -0.45791708347922827     
 -0.32028380974478354       0.86903131216536822       0.37709794442758093     
  0.21345569175920936       0.81743348228190549       0.53501324254645821     
  0.49104614582882872       0.68035710335618527       0.54404769513290374     
  0.82702095974619194       0.27788671614998184       0.48868732859350289     
  0.34177715076579968       0.91117120274311625       0.23012044347703034     
 -0.56446847627425145       0.82470199531974187        3.5241427443489848E-002
 -0.36833724578908533       0.89078661974568929      -0.26613318366290806     
 -0.98815193342746621       0.12153696063291447       -9.3725789746815530E-002
 -0.97042478358107542       -8.2737820081491886E-002  0.22678225799162999     
 -0.85424643810263123       0.33311421974378413       0.39912145970049179     
 -0.55427940384740004      -0.34122460751572387       0.75917067231045021     
 -0.74138309764277732      -0.53887946314280466       0.39995003029442766     
 -0.61387217455416310      -0.73359117303804322       0.29155607376420245     
 -0.28437414178676884      -0.95866599489965398        9.5319308687165476E-003
 -0.25864357455963249      -0.65850375073669287       0.70673638055834598     
 -0.35840872132888291      -0.66853282936308411       0.65161878774262760     
 -0.71345708600365287      -0.26534489503502190       0.64851451264409998     
 -0.71367503790320319      -0.50762874103637223       0.48268105571658693     
 -0.73545966622038517      -0.64711576486534872       0.20084886413849257     
 -0.58756392128843271      -0.77612601263268310      -0.22890402118581685     
   1.0902658197082622E-002 -0.99893650000408640       -4.4799564772645253E-002
  0.47100212527345553      -0.86580530505082709      -0.16893244724953960     
   8.7476759299307788E-002 -0.92061239257862293      -0.38055307016649270     
   6.4145338302530178E-002 -0.88649831408670487       0.45826424112674502     
  0.37972650500762473      -0.92464324855690094       -2.9028336032554392E-002
  0.10239068365041411      -0.99296804859327581       -5.9418872207807616E-002
  0.43944583690078032      -0.24405938292974449       0.86447809343818161     
  0.51508822656272546      -0.31374625376999193       0.79765118134543067     
 -0.17566233744457360      -0.54813154250725094       0.81773746111580237     
  0.49531976028980274      -0.64212307813323510       0.58509510987115620     
 -0.12716072995474159      -0.92866148377319824       0.34845085351241328     
  0.48550198398383926      -0.79854927969375156       0.35581859345506028     
  0.19413778728755976      -0.96214650393046997       0.19127107601899615     
  0.68090665366317382      -0.73234382063822701       -6.2175051442173168E-003
  0.72995897965627687      -0.58901248547985852       0.34673358644353636     
  0.95315484542372120      -0.27310625633475499       0.13003389325897544     
  0.95496951161708166      -0.29407050055947087       -3.9443283110425373E-002
  0.58991731939180470      -0.72619561535149135       0.35304034404845752     
  0.58630734968508447      -0.71389377157941780       0.38288297769077667     
 -0.16684427076609101      -0.45850067984601445       0.87289181225010148     
  0.43378251288898478      -0.14457243145067505       0.88934332154469531     
  0.42379397606913283      -0.15350299681900481       0.89265642652427868     
  0.72709444801324363       0.44450519611270217       0.52321008619589127     
  0.85187777638067064        6.0565942208134500E-002  0.52022689353123164     
  0.63590791181229001       -5.3674627029264843E-003  0.77174627827975850     
  0.68339204929402875      -0.52765436123518883       0.50453561027066163     
  0.93777207722116296      -0.31142356435881591       0.15361931762103698     
  0.69544561596973486      -0.71003871903676308       0.11045547834811389     
  0.92208371443602688      -0.28913844567802205       0.25721699555580169     
  0.98702210706359728       -8.1537797338969528E-002  0.13834358594759527     
  0.85755638622819075      -0.10446652936883957      -0.50367031745067992     
  0.53117097137512082      -0.25801779529250013      -0.80702181908594628     
   4.0327304188094340E-002 -0.70273197908742979      -0.71031082921828703     
  0.18430712549947828      -0.44541630113405251      -0.87614793395531498     
  0.30520676018386950      -0.75482941638063972      -0.58058710432158112     
  0.41980643107362886      -0.81342362380300404      -0.40262211646703949     
  0.21941136785961829      -0.79545306128278093      -0.56490094613995401     
  0.22374645897209053      -0.48897295867496221      -0.84311503828486878     
   9.4590182586707386E-002 -0.50392097491423882      -0.85855480221106750     
 -0.17101682790945422       -1.8197511545338239E-002 -0.98510004321659450     
 -0.27011517405327989      -0.50411687712090192      -0.82030723936097882     
  0.37993557626108970      -0.77372883421894956      -0.50694442396512918     
   8.7168908979243176E-002 -0.36756740045051034      -0.92590268788540386     
 -0.20491553854460157      -0.23411642723109455      -0.95036788695931373     
 -0.53099972405238482      -0.13360210008994600      -0.83677342925539822     
 -0.23195063595979992       0.18272712133922184      -0.95541075020376409     
 -0.55145480360140631       0.80128605576954204      -0.23203072299634830     
 -0.41893919994979767       0.85208967100487432      -0.31374056051491717     
   6.1646891953885598E-002  0.97685131210806042      -0.20484426949557488     
   5.6746600637593889E-002  0.96207670528843281      -0.26681123750212776     
  0.14406272869060754       0.93930212376477662      -0.31137991343885518     
  0.73957694605941049       0.41773545845366067      -0.52775280919000367     
  0.50721368198809658       0.48381054503221421      -0.71320518598766924     
  0.21659323866992897        7.9112394727576002E-002 -0.97305117951880038     
  0.29785558400559009       0.29048111496705725      -0.90934194499328891     
  0.32612565475236061       0.47122469041506809      -0.81950555120484658     
 -0.43926321692899412       0.77064904500689924      -0.46167940790460033     
 -0.58972185760292628       0.80758958603794373       -5.2145170841189740E-003
 -0.28842678807067151       0.94885682670092542       0.12837721895372495     
   9.8053565291663924E-002  0.98616000157851957       0.13369349131594657     
 -0.44882127466295879       0.89292787415438679       -3.5203337456003736E-002
