   99.866959060226463        63.074976542138565        94.789100275205385        1.7716713334023253     
   96.779164142646124        55.458679640549740        90.698608786448531       0.53527051371968470     
   110.12296319700773        46.099786844358917        86.344992423783665       0.68432058195440704     
   121.47797809430070        47.053181100730981        78.618755250804966       0.28008133140074132     
   89.560027330290254        48.244313997194844        86.436000158936181       0.65612773805085134     
   99.900442946498231        47.790251829342978        77.010391201528762        1.0344704125067832     
   121.92281173618629        41.038714416833912        80.996789920309709       0.75613541327209755     
   93.980568975901647        47.672088694619731        90.355733438472882       0.36395965168554356     
   102.04358795422156        47.238477582988523        99.416954548694861       0.55970309398877671     
   102.77098559887743        49.726963958079679        72.477150759786426        1.1446374551585738     
   112.21695218661627        60.945344446870187        76.378715627052344        2.6349887192873931     
   125.43705227583844        51.451353454381731        72.831044259431962       0.63832281255542922     
   111.59178927652762        52.296528062377817        87.114816496442018       0.68736458540607726     
   107.55668692769220        49.023765806521226        80.204868189735748        1.2942361288623958     
   99.014695076470403        53.301044492937962        86.827143130814022       0.29626243360038196     
   96.478489712490074        43.276499945517472        77.963311318992467        1.9612770327951061     
   94.849466684398081        44.607594390147469        89.732384436495309        2.0884688775286002     
   101.16301699279292        47.156481432189089        99.511514766758907       0.40909169210956176     
   92.212393295568262        53.809247793970471        71.015932757823535        3.4443782083537284     
   102.54918621046571        54.738142138590007        86.356691201371760        3.7757304301794230     
