   0.0000000000000000     
   5.0571725248421462E-002
   0.0000000000000000     
   0.0000000000000000     
   0.0000000000000000     
   0.0000000000000000     
   0.0000000000000000     
   0.0000000000000000     
   0.0000000000000000     
   0.0000000000000000     
   0.0000000000000000     
   0.0000000000000000     
   0.0000000000000000     
   1.9479850543351995E-002
   0.0000000000000000     
   0.0000000000000000     
   0.0000000000000000     
   0.0000000000000000     
   0.0000000000000000     
   0.0000000000000000     
   0.0000000000000000     
   5.1027570629414321E-002
   0.0000000000000000     
   0.0000000000000000     
  0.65497747337051049     
   3.8915021588107147E-002
   0.0000000000000000     
   0.0000000000000000     
   2.4028148098234947E-002
   0.0000000000000000     
  0.15623333973858991     
   0.0000000000000000     
   0.0000000000000000     
   0.0000000000000000     
   0.0000000000000000     
   0.0000000000000000     
   0.0000000000000000     
   0.0000000000000000     
   2.6645894131928824E-003
   7.9551042948839704E-002
   0.0000000000000000     
   0.0000000000000000     
   3.0494508852679050E-003
   0.0000000000000000     
   0.0000000000000000     
  0.16816186107668071     
   9.3599497722398062E-003
  0.15784731142181427     
   0.0000000000000000     
   9.4533275369103678E-002
   0.0000000000000000     
   0.0000000000000000     
   9.4209318030278835E-002
   0.0000000000000000     
   0.0000000000000000     
   0.0000000000000000     
   0.0000000000000000     
   0.0000000000000000     
   0.0000000000000000     
   0.0000000000000000     
  0.35472144773174025     
   0.0000000000000000     
   0.0000000000000000     
   0.0000000000000000     
   0.0000000000000000     
   0.0000000000000000     
   0.0000000000000000     
   0.0000000000000000     
   0.0000000000000000     
   0.0000000000000000     
   0.0000000000000000     
   7.1961142298298933E-002
   0.0000000000000000     
   0.0000000000000000     
   0.0000000000000000     
   0.0000000000000000     
   0.0000000000000000     
  0.17857662610829975     
   0.0000000000000000     
   0.0000000000000000     
   0.0000000000000000     
   5.9447005024386233E-002
   0.0000000000000000     
   0.0000000000000000     
   0.0000000000000000     
   0.0000000000000000     
   3.4345112777323182E-002
   0.0000000000000000     
   0.0000000000000000     
   0.0000000000000000     
   0.0000000000000000     
   0.0000000000000000     
   0.0000000000000000     
   1.1091064717470382E-004
   0.0000000000000000     
   0.0000000000000000     
   0.0000000000000000     
   0.0000000000000000     
   0.0000000000000000     
   0.0000000000000000     
