   116.15415723307352       -4.5378279400211978        159.91795465338990     
   123.74314476419612       0.94861531784003217        164.14119513783717     
   129.68963946216132        7.6609062623595277        164.55786304809297     
   133.17944592085252        14.972206004586999        163.97017160619549     
   144.25239355441232        21.261896509755154        160.29445928940569     
   149.51907412557151        20.822852657109880        150.28820047526267     
   144.70822172458824        25.075178004263666        144.15240941599438     
   133.58377548212744        25.889029408988876        144.96760896611190     
   126.64529704087273        28.436529456632485        146.86024762128457     
   116.19694236701342        33.118767117250655        147.67785865717042     
   110.68783506121738        39.225913342322869        151.94836197435615     
   104.63588774835675        42.248096840892458        159.34059360695016     
   98.497817489759896        46.689910753641570        166.10286666733160     
   98.027915364962197        54.485726161398091        172.93347754250414     
   103.36668029963890        59.917147395816997        176.49265530798306     
   104.60282240463647        68.630671029831831        180.06200811643799     
   103.19804861648385        76.751322739661177        178.41067721509984     
   97.789403982737099        82.344380057686422        169.75572901120270     
   95.047700828949417        88.187812964577063        161.92512165700981     
   91.273816257071331        93.728123808667533        158.45564889421664     
   85.518081616865203        99.234547915721464        154.17849262016949     
   77.132163249777506        106.80979188146198        147.47269777439462     
   65.594189009797518        109.95601899992425        148.24982245469067     
   55.295859844033814        108.14727624561652        149.81847412343888     
   45.691609121839910        107.46431961724306        150.18968327247660     
   36.418743635936480        104.01640944631298        152.41308027264006     
   28.018751768706977        106.43445184525957        153.58285670311389     
   25.587515550679875        116.26121029543948        155.91633104204226     
   24.206816467290913        127.21127277409360        159.70912624512241     
   25.104012046883128        132.57906102269763        165.94316676324917     
   22.249415508456078        134.93021086227634        173.20955136996514     
   17.889657280213434        135.88618024166720        178.58802308251384     
   10.045513136805839        136.56138882014042        187.38892424610924     
   1.5510545736653167        141.05547697929137        189.10092095046329     
  -5.2072014371832314        143.00475177219235        189.11996855208326     
  -12.654147980604625        147.84121335338068        184.48227865531194     
  -24.049369041127598        148.29110991376737        188.15267796758764     
  -35.240873721803581        150.04092686258363        187.97256284034509     
  -41.098958142101807        154.58774610346293        177.24760754472817     
  -49.553801028677050        152.17636848890223        168.39916606296887     
  -50.463504366774522        150.20702921499046        159.89408753714832     
  -50.963320646755221        142.53855936617620        150.71080220344200     
  -46.150951457110224        133.29056060237349        147.55401083054502     
  -37.689930420389544        125.85488830027106        148.10579297880804     
  -29.267924405581581        119.78182514946560        144.43920977343049     
  -21.878771828825833        114.98628376794520        143.54726572310349     
  -16.168446210431370        108.46978386749932        140.17711266898610     
  -7.9290709648496609        99.787922857286247        141.21853848012606     
  -9.2037058419413658        88.766661305717591        143.58673038418794     
  -9.3611723738440844        79.100663662075348        144.55933599511906     
  -14.583658965722261        69.736884772987509        151.10441273978265     
  -22.393339485191404        60.987442864760389        152.04457056391621     
  -23.883549502933853        53.729418668312775        158.73741785798074     
  -22.871012905021388        51.266021434832503        166.63118930383763     
  -23.715917520236196        47.463549468617650        176.89023112554605     
  -20.726292197965751        42.663918978044634        185.34166196566252     
  -11.513839970460694        41.270004934464787        189.96825224016433     
  -5.2743706418822081        44.009241307647642        197.11825453744024     
   1.4735451283492296E-002   45.031011186640271        207.53533849954900     
 -0.49639653813227014        39.052521660053792        213.39516744267985     
  -1.4478842141475106        30.823495640264525        218.73860199954623     
  -6.9916531717906736        25.360438499646797        220.01497259008090     
  -12.087803561107568        17.331897327351143        217.88009151885845     
  -7.6258768475857099        9.3601214393848480        212.00367097335703     
  0.58677291501443207        5.1317422954368581        212.73051735956682     
   8.9712088988049405        6.2859988620823133        215.20183075426809     
   17.205988529430410        3.5942291628865743        215.50090204576688     
   25.766804351881980        1.3515695161210357        220.26405265333824     
   33.580254248264879       -2.4656575531893199        225.87877985964440     
   36.540904423377242       -4.8488749349336127        231.26642797286976     
   42.964538171920083       -9.2991521301074478        238.78097164839090     
   51.418059357072906       -12.284857713074192        244.63784655761000     
   60.317518861249319       -15.562395417503275        245.60598968604705     
   68.814063052793387       -15.374980198423280        243.10574559632008     
   77.802390816206440       -16.784057550778684        243.12879260204068     
   87.532405688847447       -11.282162452689619        239.25619756116976     
   92.541889542724945       -8.0435679047944468        231.77094725424064     
   98.489568531707633       -8.7988074388185922        226.02507821104282     
   103.37322786501122       -7.8372459026039927        217.82554991677139     
   107.30021355359855       -4.3874582163035356        209.13372714047955     
   111.74556334661403       -3.6586444963786953        202.26504457145995     
   108.35751538479670      -0.19622957630155113        193.24958653218849     
   106.69273433228993       0.96678305309923473        182.36284926188364     
   101.50005706323311       -3.1646271006145668        173.54626260155229     
   100.30073360153172       -11.281692077645213        168.31667016216446     
   95.165068993907838       -21.089007887888815        161.47317725544269     
   85.249590040923380       -22.463581653308971        155.64206186454712     
   77.126310668221180       -26.966271508019275        153.41971497777422     
   69.819388881202741       -33.434887627415740        154.30294040251283     
   62.353843978174574       -38.894976417350570        156.48812383372859     
   54.673761345368703       -43.536660375136883        162.24036097750798     
   56.761454329628222       -49.526142088240732        170.74305543367683     
   62.565264657242054       -45.904750245269028        179.28238299596339     
   68.952589444915361       -38.852537097662946        183.97980475424524     
   74.734910069965480       -31.698086661615982        184.28407776742779     
   76.599596055995093       -22.169372363726513        182.82471437568844     
   78.797744800630568       -17.778452808873215        177.24904399783949     
   89.138388293244731       -13.565624414238421        170.84864802549288     
   98.739120898209649       -8.2444307100921002        167.27155374571129     
   106.76681088120088       -5.3154031107871464        160.22643019010121     
