  -2.1665159019292553        66.899364190157797       -52.486045290665182     
   7.3203870837274989        59.089258810801404       -54.291563502997917     
   12.740292031961374        48.152977799672072       -59.251539633032564     
   11.691407468488450        30.406335372474604       -60.272390679660553     
   1.7550803746863926        22.496875907227942       -60.524704601757733     
  -6.1896057314308797        23.643693974153308       -69.957070447954408     
  -5.8345251071593021        16.580402218323741       -81.903376183597075     
  -1.5474444746062228        19.102531703843937       -92.524919671041815     
   1.5422675749553183        31.499805303544790       -93.013244842048863     
   12.579254612506444        39.981857734912836       -90.004990808050522     
   17.388076673724896        32.073482414133508       -81.089191558018982     
   16.766981490578480        26.166740141674730       -76.089682019358989     
   2.9446481249472161        18.156962003044370       -68.762557324709221     
  -7.1953759034075242        21.930698866242349       -65.287506498879821     
  -9.2200437009871603        31.700717746228843       -60.306577345632121     
  -7.9717923339903294        44.861515908298536       -56.305137775311707     
  -4.4203557647164633        54.482759955118183       -62.259455691624261     
   2.2120057055018552        65.027833676760906       -58.268208018468883     
   3.9205178098167428        70.732674275975228       -49.328386324239958     
 -0.28385640223029984        75.432225416155717       -40.344197478698234     
  -10.379541273345980        80.324947789190702       -30.604079903559143     
  -15.718592113859373        95.468484976735368       -28.710831400744521     
  -10.229342745174490        97.644932544497536       -38.185427254226148     
  -7.7507806636166290        89.999380883327518       -45.334440643440942     
  -9.2802612425139230        77.871729664108045       -46.273605067208500     
