   19.952582179168065        70.686881951841031       -94.416789059780044     
   13.557442018473481        81.940115459300685       -95.434208977837500     
   5.8269490340470966        87.354994936979011       -88.269574818834386     
  -6.4394821058724379        95.636400187617838       -84.996197271855451     
  -15.663403991925087        88.407422304782344       -84.662712646706225     
  -8.0302178811877152        77.694330604144014       -83.391003962333286     
   2.0015690645170383        68.643194282802185       -74.840313748637627     
   11.951780355645838        70.654888615271076       -69.988394668045061     
   21.061629510716820        73.197269889783314       -72.317457227222746     
   29.583032075813303        79.246194938337766       -78.806765732268261     
   42.811043312584701        74.261511488272347       -84.058187635794184     
   48.681553422185480        64.935597294890528       -88.801568368727899     
   53.951460834630467        51.355002072240310       -84.884318915705094     
   41.790022848980811        47.471821773162475       -80.077447400222354     
   32.375428124276056        56.459607253650191       -78.393885168399862     
   27.714823060459246        70.160725509098910       -75.416340470468086     
   24.487549769505080        81.867354623361152       -82.857954383546712     
   18.160494126852516        86.054373853225243       -92.684801023134256     
   10.332224998934333        84.936397454964180       -105.70586155707127     
   14.447573306559896        79.541023673289033       -119.81706828656968     
   18.166190101571619        66.762675781676975       -123.61393911700580     
   19.360590910771279        53.460565677931584       -122.81110929882259     
   12.400436954538149        47.223397443024439       -117.66471782833895     
   12.526875469653534        46.681942557338587       -105.04251813836605     
   19.196451737421725        54.284521665377063       -96.035862128503879     
