   160.06697890776601        66.251086041845056       -242.88316877843897     
   159.59285876275649        59.198698921926720       -236.83200005756188     
   162.75817085420073        51.103746536886398       -230.38351076963465     
   162.15076356310826        48.026546288933595       -224.55270527831681     
   155.41443807472029        41.267565247106724       -218.00222921207464     
   155.16383408955932        36.459614465179797       -207.04082111698148     
   146.96167058730737        38.000169657051657       -199.70111343015611     
   140.55252969838659        41.967561342115225       -195.44306317630102     
   130.96999831129173        46.732744617163988       -194.24098325310726     
   124.99831838188256        52.449899171037067       -188.27703926370447     
   119.24254647333009        55.846343798315253       -180.06480042166675     
   113.01230229469073        61.236673205196134       -171.96020170319187     
   109.46808928308823        68.103249049831490       -164.92654310142413     
   104.76753606480648        75.211496541324777       -159.16329712809619     
   103.20928472258304        83.070536618635899       -153.30314612895125     
   107.66988944910361        93.445590058494588       -149.13011798462759     
   103.97230555756722        101.57278693818910       -146.40321487113511     
   98.130344744164077        106.34885776684756       -145.21660974770947     
   94.417579672121249        114.78133144626659       -150.34965962850251     
   94.089168275341962        122.83963454294974       -156.25447059294314     
   97.064850901763620        126.47144690118014       -164.45409232758081     
   100.87955465314431        129.66684822244363       -170.12000530793725     
   99.881380260970133        128.31993308789487       -178.99339875092667     
   103.43431546609938        126.40547109489833       -189.02808371239192     
   102.32874611565212        125.19546380114069       -198.74698231351329     
   101.64132742993986        127.23501895335477       -209.31190209478586     
   97.179065129022945        131.19099854664992       -216.74877006063454     
   96.359097304728053        133.82445305430653       -222.46226419246426     
   97.812602204870316        139.94128233297224       -231.55566668573962     
   94.639811093083850        146.59866625090999       -237.78897668193022     
   90.408339803776286        152.72557682704993       -245.18226590807913     
   89.191902929547723        159.92767941457078       -250.88962956970659     
   93.181888540978434        163.75436953503765       -256.80650828519993     
   100.42029917962878        165.29385576933936       -259.98490564968938     
   111.30275494297756        165.39175817290550       -262.39595759131578     
   119.78396311438638        158.74058468081486       -258.10820168840075     
   124.49404236211723        154.15918566739936       -248.00371915835905     
   125.92155774212812        144.02818053060795       -241.80384618420365     
   126.16122507581719        135.82118039618996       -239.81779617819302     
   131.43696699217963        129.08670080606399       -242.99602608737945     
   138.00840024999624        130.90181061804228       -249.53025410847280     
   144.54343353632316        133.92007745630013       -255.27965068101958     
   149.97788675325535        135.12754117950351       -255.13948159050253     
   156.55771683217048        142.89738058941668       -252.71216233410644     
   166.17059185309097        142.12614280011707       -252.34582394373578     
   171.97561223057033        136.82861350599805       -252.28360570869907     
   177.49209470864460        131.35891926970410       -247.71070538512913     
   179.19956036764754        122.44836787873723       -245.00135624423979     
   177.49916016515692        113.28409773693151       -241.13173975284863     
   177.03227132047732        105.05587183866027       -239.92705962715385     
   176.19187086164919        95.061502743957163       -239.20052855366978     
   171.27037216821293        84.104036583124980       -236.52247435017989     
   169.08962963572063        75.867973332598623       -230.41724309014683     
   170.90954550822880        69.181409142784943       -223.75287440459346     
   166.77421279078854        63.315102879467780       -228.01592009544422     
   156.86646368133177        59.271100412095599       -232.36803803171941     
   147.41245855237710        53.683834811866973       -232.84502111696213     
   141.12856206663210        47.549540865195773       -232.16168799991024     
   134.55542930163173        38.569917754027720       -235.63920984976934     
   130.89089381432279        28.848901135685395       -236.44450668235947     
   126.90739266146335        22.003508920324258       -240.61961169653981     
   128.06248401027813        14.530497518671266       -242.12469533456331     
   131.50530538629818        6.5406846956019651       -248.15821111045750     
   131.21358601862090       -3.8254286801535100       -251.88188721488237     
   128.34724790745983       -9.7161279589330736       -258.11398101689423     
   129.69615263239780       -18.340068653432631       -258.29301419611613     
   127.99425863943989       -26.319750146444804       -259.14255834618535     
   121.41041836872023       -33.418718607413808       -258.35557928338812     
   113.13360677732521       -35.713517424497425       -254.45361285166794     
   104.86671054018306       -38.448497019808151       -256.89288436456809     
   95.747857827135491       -35.842396458808352       -256.64168672138186     
   85.811781329638549       -28.099348601572874       -257.66112653259364     
   80.898056091642843       -21.301595537854805       -259.99857907117291     
   78.192844406288742       -15.490249128736892       -269.74361739586152     
   77.086877109278205       -16.210733898159859       -277.34428620539524     
   77.189901933850180       -15.829215130822952       -285.83293906941884     
   82.138819411050278       -14.281125108934130       -294.71816138730702     
   84.065360198650723       -10.374021171808769       -300.33955094380536     
   85.977998471418658       -6.8551784425709066       -309.95844601450653     
   89.410028917326997      -0.93384289772788076       -316.65318452514390     
   95.727884758535268        2.0057604282980370       -317.49661627138647     
   103.62014783707332        6.3999006430135159       -314.01970675591599     
   111.45825112927115        10.389712686626517       -312.68109653967832     
   119.61884244741154        14.630455095609355       -313.96968196634100     
   127.52411450857424        17.559727655614946       -319.03479179660445     
   134.93138910377172        19.600210297576588       -323.46850920346094     
   144.42496650146816        24.746634732802200       -329.79369538255696     
   149.93035309071243        33.334923190122858       -332.81125794361213     
   156.68307775409630        37.884425789381538       -331.14252554203495     
   167.09769814000430        41.702140652899615       -327.86356952070611     
   168.75870653761962        47.514193512803892       -318.72463487343714     
   169.18242526333947        56.500946131666169       -311.84792070453051     
   171.79014419810898        62.891159362328814       -304.01891148946299     
   170.81796135560933        67.668211018907499       -299.15669085441920     
   170.18354860960500        71.444959436863172       -290.76684018663013     
   170.06188210990555        75.818515810381157       -282.63727362395389     
   170.97147587102975        77.432654933202400       -275.18455132833736     
   171.84997607172269        77.021255263370350       -263.55044919668211     
   166.07658414410005        72.563759898946955       -257.53635496158228     
   161.60630281641536        71.253613859558456       -251.17478337849352     
