   75.039046364966310       -51.082491799406405        92.655127327581269     
   65.937600966310512       -50.254279116603897        99.321799024165202     
   53.294873597264136       -51.380232278969004        97.973863829583479     
   44.700654629353025       -45.691157979979337        85.899305461465673     
   41.531881007819159       -51.319433237501784        76.709893786673334     
   41.640445718567911       -58.356607631454828        66.274840895308870     
   39.903551929565175       -62.797528528384191        52.551311052593022     
   39.873475039527463       -69.799250979012555        41.752324606553969     
   42.089636960438185       -82.169727592314885        41.437672977225589     
   38.309627762654273       -90.033804808089016        52.382841036787518     
   36.288093196410344       -95.304486903031574        64.136230731594949     
   42.023754204489293       -94.120145664897052        77.345992124685182     
   52.774784875271280       -89.467198467806924        84.339976164064041     
   64.364701097430753       -79.557998807920370        81.648503179769406     
   72.482804150761680       -81.713833916076098        72.135411537307448     
   64.881082045831150       -86.135797018434374        63.232756898172234     
   52.166968514922274       -86.919107447676538        53.723749142101717     
   40.256909754179013       -80.378892631043499        49.225717666833269     
   37.677050248466287       -69.740323205781678        44.136454660355305     
   40.473659769655079       -55.634586168259283        43.230663788930755     
   47.610242589733652       -47.152794695553837        47.129081151093722     
   57.015649747311450       -43.849859970338656        52.016933174074019     
   66.532326646817197       -46.720347420349860        61.724854504805130     
   72.709751370151011       -52.641787197499376        71.006130963236743     
   80.294469021419005       -50.513241944158679        79.207953320651555     
