   46.114502827493411        159.28932331597522       -250.74258669572504     
   42.407115952418330        150.44544981379576       -247.03246810521401     
   45.178786730396972        146.27295260511491       -240.87062306757971     
   52.620860845976480        141.07693753183034       -236.68596110638182     
   60.171907542763122        137.23218376086396       -230.73620588786557     
   69.797467655290305        144.77976341937753       -229.74714354249141     
   73.248541748604879        151.67074958442498       -233.23280877395450     
   74.789747394515047        162.04372760953618       -237.55121235826408     
   68.182111626879220        170.07264002821003       -236.81445349131005     
   65.591521440268480        178.12104072128042       -234.19246677966490     
   63.454320216226137        180.84565208826896       -226.37091183147444     
   56.242377622841083        183.51576236204147       -218.18213433043968     
   59.279528304603694        179.82344142938655       -210.24847269948424     
   62.937655344138598        181.07682124677871       -200.20461881093709     
   64.773999289488771        176.15672114823093       -194.15027446978701     
   65.184453604679476        170.14021377232163       -186.16502378200826     
   65.605142669367723        163.72723076571239       -182.93448856419295     
   72.147501144654470        156.38795843201012       -178.75031013756447     
   78.628444023673993        149.08085201775029       -175.31622264358822     
   83.771340425141986        140.99355329151456       -173.57392918726742     
   82.190656972877946        133.19998535581865       -167.31454915506833     
   79.746982833775547        123.98243835686745       -161.39302896795934     
   79.603017140419468        116.32786656149698       -161.42016561567544     
   81.526241806762599        107.25441760680145       -162.42255902199864     
   79.334025511443457        100.84612152028137       -161.93666017166365     
   75.069645875143038        92.291843987168377       -163.16449879178541     
   70.494663460511603        85.902573627035025       -165.18715361569355     
   66.183601537865727        76.333468180451860       -167.21513622719263     
   61.024000824802300        67.146752558421881       -169.27176404765382     
   58.623039495496471        61.165814130293512       -174.65622016614168     
   56.439873002137276        53.464995160275670       -182.40862082367246     
   57.714415649800102        44.940771264177883       -187.70078579739604     
   60.206178122535420        38.905070535475708       -190.26481786390653     
   63.766022072580931        27.204557720463985       -190.86515517608271     
   70.190827033507787        19.604479279669732       -192.20769793362481     
   76.078035047906226        13.382037858003578       -195.01338817019052     
   82.763271222521553        9.1330776985335405       -200.04334452463274     
   84.290249888534674        2.7586829749900330       -205.50457151973285     
   88.471032996972156       -5.3575549143309695       -210.44358267717786     
   89.491073782125028       -11.900136152440261       -213.67383733962183     
   90.031967798910699       -18.245355364185006       -216.28177873745457     
   94.156473016710933       -26.347216559373486       -215.02545165347229     
   97.603456577030499       -35.269591756238455       -215.58999043143939     
   104.91175121937026       -43.128448274694726       -211.67414781620187     
   100.41001075141187       -51.155997214577575       -207.18228653491144     
   94.218389928004257       -53.209024151372873       -198.56876935474801     
   90.393203477711097       -52.122449810918134       -190.71089122723501     
   84.900915526050127       -47.294442749297644       -185.41198920269383     
   77.664719364040650       -42.631844988277116       -178.87695749922563     
   73.759605264607387       -44.535399781289591       -168.83637157929499     
   65.666731264672322       -39.114667993168176       -164.06425588243349     
   62.200768494074197       -29.462989594638348       -161.99479143457376     
   61.993422319057082       -19.921534448485417       -163.43419613929009     
   63.192568417357286       -12.216095763558437       -167.91666131710014     
   65.968752157300045       -4.4588549781779374       -172.10864667402362     
   67.489535727766807        4.5538541776503276       -178.85634309528498     
   67.327829892499494        11.174774300687874       -186.14842528071253     
   63.712494293202681        16.430006291871035       -193.83467416299806     
   59.450133847991623        19.513618028643055       -202.79500858643357     
   52.247426894308504        23.455376512327831       -206.16178890264442     
   42.893387151174394        27.287134239631158       -208.50023078539982     
   36.254179585036020        35.895206269212572       -214.82479371970601     
   37.545734827239286        47.834346189809857       -217.30435190772312     
   37.989255378810689        56.016817804061432       -222.67255131501466     
   35.522768977120677        62.092639122753496       -227.65521741887849     
   39.951730782535478        66.787123576267064       -234.47199145993568     
   51.016829975080562        67.889857395643673       -237.95182070494573     
   61.851881288517355        71.757920583970048       -238.47479329578783     
   70.588763428867992        72.820177856028806       -236.09859515518329     
   77.296106459792398        79.436568864663741       -232.69558770813862     
   84.568122641216675        86.287045950638230       -235.68732374089433     
   88.409206133876268        88.711938813451894       -244.72419895519252     
   90.177656533649724        92.918886292785061       -255.00072993903021     
   88.921696066591579        102.38821621778547       -257.57023723239263     
   88.188185581323268        110.75079368430802       -261.29142345119146     
   83.917165745498252        115.94212328644426       -266.52186416492998     
   82.866336041780784        123.74363592274065       -273.16053370230338     
   79.988464937326128        130.01069610801281       -279.02371586981110     
   81.027919836618878        133.37529226534116       -285.44244381502000     
   80.900258995145933        138.25789446001869       -294.06190929406159     
   84.052409966152268        142.21948825674724       -301.86800180655047     
   85.809219492213813        150.02974486777245       -309.31348035027554     
   83.652580149428090        153.98745701818629       -316.75178208796876     
   74.751900333451971        152.79220597679216       -325.29640885897260     
   69.106724527789069        152.45046962219652       -331.24904928324321     
   63.697778584879075        150.07158212162489       -334.54135872845740     
   61.129165535234215        141.90865260863211       -341.63951612382294     
   64.485267231724464        135.08010179962145       -346.31717613207269     
   71.296213992225873        133.31375729033388       -342.08132343757467     
   78.276126298814319        138.99015617918658       -336.57121791897487     
   80.907700199752767        138.24045918114842       -327.18618127423076     
   80.900517951250634        143.43695478724158       -318.39851394939370     
   76.630923299044099        146.50074332908846       -312.62252665557963     
   70.254943931436699        153.45444910591988       -305.62368307897077     
   67.615030382494155        159.28212950967790       -298.68854543327245     
   67.081115734796697        161.34504578154707       -290.53189814806041     
   62.087227426702434        162.09985382418131       -282.63569170585191     
   58.055763356600124        164.23838722323993       -275.01423593525294     
   54.239822969296704        166.67403471307250       -264.42028343044382     
   48.227621268174566        166.07529711587546       -256.50391575193436     
