   72.184299137983572       -39.947643632030839        93.348754747108529     
   69.712008746272687       -30.129089551138506        95.213427848994002     
   59.962975063455566       -25.865730665366378        88.247562661422876     
   55.737880093498227       -31.325482828446106        81.887128577080304     
   50.665690794427945       -44.509866486657252        74.407879297685582     
   46.959634233265199       -58.644781499010115        72.187567848928197     
   46.166776781038649       -65.590353518446335        59.512486322754462     
   45.061139849390287       -77.294475024022418        50.955992099195271     
   42.995593077339421       -87.688731860949986        40.468515014968858     
   43.993187479124963       -98.966872025646751        39.186443231455868     
   49.025313364454490       -107.89036449868328        43.160063451744712     
   57.852186471066219       -112.42531815550285        49.288444351941287     
   74.622601196191354       -116.81070159310254        53.136879309104842     
   81.575117247504124       -107.70803774234678        57.245705823885942     
   80.977370298862610       -95.146213437548312        53.486805152155078     
   71.523025346398683       -82.020598712170028        50.430576160255917     
   58.298866282005605       -81.945677889546118        50.653149947200930     
   46.212801567831143       -85.661095035948208        46.883524179428811     
   33.882490354766880       -85.516844274680835        52.842932019512574     
   33.428094893423847       -76.050914110480434        59.297300971489555     
   37.796636872139302       -64.846226651187948        63.280005165105443     
   47.130509468732512       -55.416856623424657        62.101744090095892     
   54.789654057143096       -49.202015392968214        64.037788534966154     
   66.622149860185161       -49.933308551103146        75.002640960461889     
   73.643586627865645       -49.281119541963996        86.847177586355457     
