   70.555011317197710       -24.297806564000872        77.852738867061291     
   65.694163109914442       -19.851146996567213        90.248909375313048     
   57.931169725744660       -25.765322154006228        96.931242902182049     
   49.070309586368630       -33.366160880617372        91.054779385657881     
   43.784436964475816       -39.077864509373455        81.959301234670434     
   35.907983495063895       -47.173403470641780        79.858855614118866     
   33.294801670692806       -60.903448204691735        70.762572518555615     
   32.482675287274503       -68.281483203506625        58.450558306154676     
   28.090026153113154       -78.631949144028823        49.899015767297030     
   37.244189140937813       -88.110975171224581        43.999924149932305     
   42.693087479036507       -102.54286565098124        42.616811509701755     
   51.186189655232511       -114.32585290733755        44.804425502884833     
   59.067758178518829       -124.80568794752227        52.909399577723640     
   69.050213101117706       -116.72082980509899        52.215257478190196     
   69.205281958338858       -108.28490985403702        47.685424567209353     
   60.279525060993016       -99.790390132548865        45.064425807213659     
   47.748528772797854       -97.577047352102696        49.182698215367139     
   36.650301799889228       -88.667158988211938        51.008178803142279     
   29.670591346217847       -79.059466706090149        55.206874370424394     
   26.161790752004269       -68.999159969433705        57.969519729760520     
   31.446189968216416       -61.091313150373949        60.744982365282915     
   38.746077183461232       -54.491087681419920        64.270747716905191     
   47.558256056039227       -48.777834095757783        64.900646851478598     
   56.060338328018695       -40.371797747053591        67.040704213694653     
   65.504661451734819       -33.354557694944226        72.098094902247709     
