   65.114156413262563        15.809555136614780        170.12475820784931     
   56.081751105325409        21.508398992709321        170.73554154525584     
   49.387216674431542        28.231554564939589        173.35656637114874     
   51.111939716189148        36.895353839951241        173.68303498550929     
   51.214527851494665        45.822293659321758        169.15701742778592     
   44.457704284327392        50.423872711331086        167.22093241631407     
   34.334417085927235        52.917984566673283        168.76793434251476     
   26.551815715560465        57.220637347236604        169.51225347000474     
   22.023809860978943        64.676979686965410        173.75468058727654     
   19.998029685440379        73.132594459260517        178.73355769834018     
   18.740442593281841        82.924702440549368        181.28264422050285     
   15.326761037776510        87.384359290860985        187.87722362202089     
   7.7602568484772965        91.489205058934772        198.42631180490736     
 -0.16566276467009011        93.948670023033188        202.93956578033126     
  -10.192527154798114        93.425930578639523        207.00244991702638     
  -18.046199047214841        92.999971728468878        209.14863824613636     
  -27.437777131614332        93.229107912760881        211.70281195819106     
  -34.583091156704157        95.087712250138736        211.72579919088918     
  -46.278760023318206        95.064755732064611        210.66468123787871     
  -51.179933661638863        93.559166972190738        217.45808025689888     
  -54.464385575196246        97.098812316609894        223.42914111600649     
  -62.360635552884702        101.13314940926310        231.05589597775548     
  -66.186898507336778        105.65651303420346        236.68173787564862     
  -65.910100146323785        112.10628965334593        244.69019483069806     
  -63.412738677388006        121.74716586877511        245.85074543484089     
  -57.297098627325106        131.60344827398339        241.29177313801864     
  -46.780302587433873        133.59864603852995        239.00288714469286     
  -36.067197672804333        138.55581183982778        234.98846814205999     
  -32.384610983762350        138.58138275013613        228.83297335456865     
  -26.604469624654520        140.94478569410890        222.12329222585583     
  -22.648169429627803        142.09696063102484        213.48899900757857     
  -20.134208792130078        142.51995088954567        207.18015983952691     
  -18.973290074461435        139.24702006869666        199.70449832558097     
  -14.523933786261075        136.53119287241020        192.02109565475408     
  -10.430441405151463        134.21376586208044        184.48701533842942     
  -2.0724602139831516        127.33959410919623        182.58450658199655     
   3.1007565235934025        119.82537182551954        179.21869380501741     
   5.3685207993668218        110.41464729269696        181.35498873747255     
   4.8020642150710025        100.31420671386644        180.49706678846272     
   4.9650716399805486        93.627605820674688        176.06518834711062     
   5.7176530330793085        90.185422884881120        166.69686825718424     
   9.2586211033672399        85.748594736523941        159.21809888695586     
   12.858741316963446        84.504279466958650        150.28950336242951     
   12.699021154553908        79.671707759320270        143.86864976011375     
   12.026136303266622        71.006789092745166        137.09191463449412     
   9.9561656038130479        63.736900201498550        131.57289633136347     
   8.4848977158264844        57.212081212466700        123.75145346401305     
   10.247921031544340        48.112398803942476        124.14643279769439     
   13.017868670480013        38.863600813566244        126.42894613816861     
   10.455396711363313        31.295301953192681        133.38219804521074     
   11.749892490771852        20.952523615238206        137.53458216007732     
   12.463698287728523        13.300630840769760        142.40059081207718     
   8.8562561734128558        5.5802613172942337        146.51717417873331     
   7.2096239000068438       -1.9440254117378266        150.42599380606708     
   6.2905250845386265       -11.711574396920327        150.83627535908099     
   6.4801602670111516       -21.234030363447921        145.82682399933623     
   12.708782870631175       -24.614806349423304        137.16567640056385     
   14.794653474598043       -23.259680529520633        129.47491994798168     
   19.132231308624945       -18.382528645642335        121.14141619407333     
   23.553148472325098       -15.915354924735748        113.15854049446423     
   26.189592082130698       -15.170084782211402        102.07337642377743     
   22.234199166523112       -10.478945028777231        92.854632221413766     
   17.752869307173778       -10.524459432533359        84.539787635334676     
   8.3493053517495479       -8.8104948107552303        81.748929912140184     
  -2.8849334287734640       -3.1215386662159763        80.382222724296554     
  -9.7378466021019694       -1.2058293391760970        78.629719609842795     
  -17.429431096610365        1.0587853845602115        83.175071741772754     
  -22.511032100085355       -1.6289680818944539        89.405105473125843     
  -26.734444036796685       -4.0016198990411143        98.740120086465737     
  -27.914875123446674       -8.7411396204352876        106.57162308829608     
  -22.448443070815038       -13.434319563971417        114.15648266494624     
  -12.893060163753185       -19.286660076095945        119.20640162697113     
  -3.4897424188512649       -18.346414462097368        125.54144371250700     
 -0.43823134431803490       -15.669757414214933        133.98656213668795     
   3.6094561866106907       -12.514739800513755        142.53193657802623     
   13.407763613532424       -15.553304794938892        149.59781200757712     
   20.522170239978603       -23.130995166461020        151.23611473499449     
   24.562418220332908       -32.340500236241866        150.84451389604266     
   26.572469409733230       -41.671614165852915        152.31180746640595     
   24.842430649426174       -51.503368159909066        154.09819373726589     
   24.364732198457748       -61.729148324771934        155.31074697085222     
   23.808136526465855       -72.414464466186473        154.38829547475279     
   29.964736175190378       -81.081784481968882        150.43156320988646     
   38.196022320514288       -78.164977927044944        144.94407259394808     
   46.421635865601090       -72.522005986062865        142.55457351135072     
   52.326885079420187       -72.606295402301370        134.38924150239032     
   59.523883156398853       -73.294076486467830        130.09474832240849     
   67.061820414106734       -68.624188476610271        127.04351093116767     
   78.188515554509451       -62.943984234326329        127.32962585138726     
   86.329258105678562       -56.678629227634019        130.57917489552418     
   90.866336641523617       -47.376080776175513        131.05088156716272     
   95.379498256337257       -38.374233361672815        136.29140782118793     
   102.67052599397343       -31.789991126767603        135.53146229385001     
   102.46483245679129       -23.237550964903814        141.34355162241664     
   97.147208639043285       -16.738179618315272        144.32444968716308     
   96.460919441543808       -12.496342380375664        153.13459168065052     
   93.741208952454542       -7.3904209525598299        163.78214680806340     
   90.546902039240521        2.9678073256150128        164.60205933431007     
   80.797800901552066        5.5881175649999086        166.15985616574122     
   73.000171224381631        12.068876674935604        169.69210155934405     
