   47.053536801354319       -20.892765640781057        87.320238131540791     
   51.474723388394942       -26.507862241117948        89.472376977575777     
   51.886011723556173       -41.131859578909619        95.344858848431429     
   47.118581781290416       -51.728858076677476        97.249421764616656     
   37.932681134954962       -61.740493830124919        92.705849493654668     
   28.384413848350874       -73.798668341923914        87.579566266221335     
   23.494320282925916       -80.348618633928652        77.610717793894466     
   27.293487994409286       -82.733871215303211        65.442419225944121     
   22.968418602439826       -85.847130915142401        52.878832914056339     
   29.385284653033956       -97.342487957520760        50.194606082918817     
   29.407769552535470       -111.30399276009690        41.924791000560134     
   27.036782265898385       -120.37413339827596        34.464400646354925     
   16.935026799311586       -124.48758609320151        21.939914781415602     
   13.010066239021363       -119.15536224896780        13.122286925131794     
   8.3952451084956845       -107.49707960228238        16.046955048619619     
   11.894211589299182       -98.870493604060755        18.033991689110433     
   21.783285148292716       -92.656507514450169        29.672300754828605     
   30.590769407779323       -91.521652915940962        42.082678243161659     
   26.956254294012876       -88.250780885842971        53.408354061602914     
   22.858237573375298       -85.444073718790207        65.522261025055997     
   19.869158395358486       -71.939309754621576        74.401318121157317     
   22.126600168781867       -56.989599811154918        74.152946950493146     
   26.356431412064282       -42.485203891415381        76.242435916103389     
   29.938422402504774       -29.780453431063009        78.333636705139924     
   39.852669808648528       -23.771186003748689        81.021329910883978     
