  -64.393582123008983        83.289763611855619       -5.1399698261351086     
  -72.987011671615832        86.456487390430055       -7.1967789010031655     
  -80.612575399510860        88.821540005661262       -6.4528888103338726     
  -89.100309188979836        87.025540366092585       -6.9326571002277895     
  -97.586353513276819        81.202646113764530       -8.8652952485409937     
  -106.69235415683447        75.852117990173994       -10.307749691117982     
  -110.74849911816813        66.356287112412645       -8.1287343599658310     
  -114.93612156976032        60.667191532539015       -4.9609143154625581     
  -116.95489079557389        51.762026550031315      -0.73015909556602543     
  -120.45756908291217        45.467566366628333        8.2466848405257842     
  -127.26734735581907        39.571911378462808        16.113007840307652     
  -134.66010586227054        40.332387269179662        21.214752811332563     
  -143.87415730866022        42.208549760185569        23.670198726171790     
  -148.37197391578053        43.383881057669129        33.365803968171221     
  -148.50337567645002        45.334880208563007        44.690819681511812     
  -149.52615306027670        49.822353839570532        53.356299357646648     
  -150.36265381403376        51.443381971624611        63.181654589933117     
  -143.47546425343927        53.075273603593480        72.380995402887535     
  -135.82893208354051        54.150285298321322        77.255559884381171     
  -127.90881995314950        52.411574862678975        81.930606697557337     
  -117.42298007891667        52.345119123675616        84.771538850206056     
  -110.19368634799611        49.948878805850967        92.828824641275901     
  -104.65147128221412        49.748991996348039        100.25490019233662     
  -97.843985942648047        53.838939561403336        104.25650549830165     
  -91.214850524948361        60.610583639788373        110.05083190269117     
  -87.305979601505740        62.583885756636121        118.45625036187121     
  -85.248950412294107        63.781897030293308        126.45896060306495     
  -79.368848402600889        62.751346237068617        137.49725786273646     
  -71.860072320604985        59.203118917143172        140.72281483072055     
  -63.785779728474637        60.316134761161251        142.96102941168226     
  -56.141928694561230        62.359102956585623        144.35657454795225     
  -48.063812100803851        57.952618108594436        146.98153919685888     
  -37.768137832823662        55.024955243580919        153.36092822969169     
  -32.387023218988730        50.573157443593956        157.49645301857288     
  -23.586418551908388        47.406933051223874        162.13097421397737     
  -15.619019471424274        37.621221689847872        164.33937070482682     
  -8.9155709299815697        30.678328374528775        165.98344569214512     
  -3.6585945582127479        24.410615143123707        172.80027675598160     
   1.3457693090926739        15.046517295970864        177.49761686930378     
   1.2213724471227820        7.7752079026124203        185.64629536275527     
  -2.2239336864356858        1.4308353127905225        191.49121007307753     
  -3.6139614509756655       -6.3229713120596713        197.06810422067909     
  -7.1859451071957210       -15.641817451607801        199.71703806654764     
  -13.975865736364355       -19.414777297234693        204.65661630789126     
  -23.188676738197309       -22.677513529422804        206.24434776533366     
  -29.841079445439277       -29.380695934352559        208.68654397899658     
  -37.067303856943717       -34.237496562815579        205.36077239919715     
  -40.346552560838489       -37.888722048409655        199.65264277817224     
  -42.977063319181212       -44.885170192314341        194.54520777097633     
  -44.538250837850207       -50.469757090419961        185.10574979593557     
  -38.710121697768756       -53.341381104679769        179.98457255686688     
  -31.898024341979927       -57.278370475548577        171.63596353776853     
  -23.667038193883055       -59.537202359403111        166.20687059391673     
  -17.558737892615742       -58.456475608902615        159.57418295510902     
  -9.7786231502259255       -57.312701154534437        152.83736231484755     
  -3.2159483874217241       -55.274862431014952        150.20896845476162     
   5.3395254634918539       -51.397332644600269        149.78413516714485     
   13.755786868240644       -50.987691726776951        147.13538037272616     
   25.525115552311270       -50.166390100736109        146.06008691261576     
   32.998562513444753       -49.766700034606785        142.80412949712041     
   41.789165678067079       -51.109717866239670        137.30188383857472     
   52.398098204045830       -56.187015126920869        136.37582502382912     
   63.710081477707845       -55.266797507480923        138.99167365056971     
   72.972437528928509       -59.819309532679057        133.84715897469476     
   79.709700403630478       -63.507060981826797        125.46827228410619     
   86.921254805822770       -60.779422238139460        117.36074970837836     
   90.095573161535924       -57.177776206764527        109.37717906092037     
   88.029359874918029       -53.850132556673238        99.129281659996636     
   88.467616785004282       -56.354354960299851        90.526592990668220     
   84.620081196871610       -57.208242497748770        78.862814278204112     
   80.925396896631057       -56.288009168478446        70.396256690145151     
   77.697662875890913       -54.628181109167578        61.840341001773545     
   74.254245890465100       -50.095045887556779        55.417812409008057     
   68.140962833095585       -45.308013219239115        48.397708936803475     
   65.719268347617344       -45.120247856955956        38.465780311988745     
   67.229663281911286       -44.531820730542357        29.029934905205671     
   66.479516764808125       -44.420470746952631        19.545671996124778     
   61.124847591554762       -42.704662260781646        10.977093449568359     
   57.505318944856953       -41.714304992590002        3.2966486229089487     
   55.754260292510295       -36.622423396677746       -4.3170180134481644     
   51.335183696820756       -28.722535977134449       -7.5413189521281501     
   43.187157826930168       -22.902258330722894       -7.0742585993620128     
   39.857766392173353       -13.141791437497952       -11.948050035402304     
   43.527473479676786       -1.0979271852200272       -12.176926741105985     
   40.652541480269733        7.8888186214752256       -14.755248582697710     
   37.269972550832776        16.964243624185318       -10.721795213985782     
   36.033725395827197        27.055220832093806       -9.6395789955529612     
   32.642219600524314        35.315660552562051       -9.4733554559547741     
   26.682486885810562        37.810683283692434       -9.5743694355713576     
   16.688748597436607        40.364175119096132       -8.1202509108914604     
   8.2359896243416628        42.513514020801573       -3.7910404713106689     
   1.6260455903764932        50.207987782868059       -6.1629971537108199     
  -3.9129563897997852        56.904372611832841       -6.0255739639886166     
  -12.305191298677125        63.808979238889023       -5.0124414779280189     
  -16.478507795083580        72.790138330100746       -6.6288173442747729     
  -21.469974779314736        75.835375681116034       -3.2342223802164018     
  -28.259458198625651        80.204741033632473       -4.5592704423145296     
  -35.381606898602271        86.734850784118990       -5.1086099515869048     
  -44.712932825705828        87.325802341021685       -2.8371948050076545     
  -53.267751293849877        84.001658748956714       -2.1441194628282210     
