   21.804394013793321       -7.6682367934921185        85.368928618334962     
   20.491271553885291       -15.952877755468975        96.787787814906281     
   20.510525637676977       -32.449050752827766        97.945464115293021     
   21.111318179748373       -46.203143152563321        96.125544128759643     
   25.522899336759277       -58.154662590383012        90.474558371099192     
   24.268552275042673       -72.218629724941593        85.931147252556002     
   27.599055729333386       -80.849578316269671        76.872187996310657     
   24.584355546855260       -79.644921139727671        65.519844873205457     
   23.280797337092775       -78.505175903173239        52.724109425500878     
   26.192922464798105       -92.272533176045343        44.706963620032461     
   26.346688716554397       -104.79314855465607        44.973241228290952     
   25.977514712054550       -114.17707075540858        40.099032490991256     
   20.992507914366659       -115.73019040179432        27.943065072897756     
   14.419650790890508       -110.93178938919236        15.110935989539309     
   13.385577138453979       -98.934385898310609        10.689839634702183     
   15.376378362641287       -90.869034148554306        21.358537638061836     
   23.905303036522330       -89.139835130569864        30.574779665707201     
   27.875506171422362       -87.917697778695469        48.105643776802815     
   23.477004973063192       -86.496843677670341        59.376342728229808     
   19.305605483287426       -74.210888625246668        61.842274284768301     
   17.167264613939320       -63.101247801140062        56.378801692613493     
   11.600932985888992       -51.796391237653140        59.847350201288393     
   15.061925209467983       -40.375032276606262        61.277622943264859     
   19.286140250569229       -30.445749530082391        68.403647862499653     
   25.643014939265388       -17.157508766487386        73.400683221442222     
