   32.583446994728263       -13.584417078709997        92.410295690458668     
   22.376209693578346       -18.679436011779604        98.354654548379983     
   18.857837377633913       -29.486444142935998        98.895684922245152     
   15.123604816874852       -42.047898126480668        94.438112636005314     
   15.575107824921918       -55.621004996602800        96.191452840019920     
   21.218217372403256       -67.386501427573066        92.914075280446795     
   28.538552977604457       -74.296976917657275        80.269808076001041     
   25.608082121978256       -74.656492056449480        67.679296826576262     
   26.450302219172219       -68.798427190414529        54.982996139972741     
   24.131832020960978       -80.479665057374589        49.756232731338621     
   19.363458495233047       -95.783497665581379        47.100267889173296     
   19.258021131361986       -106.35615046739204        44.403716100253554     
   18.826525121337120       -118.27834375599757        38.074326690563637     
   16.808017299714880       -119.36680524162824        25.139703840245510     
   17.679105029097688       -109.20750793243394        22.413846479825388     
   22.560898855720058       -99.664237074312140        23.643025417486427     
   30.356524763863749       -99.437817244288922        37.016565350804768     
   30.293603272385852       -93.240850193485869        45.564253834655382     
   23.398962092618788       -83.359482021706654        54.484197237108816     
   23.937716140854537       -69.816009013189813        59.697924280265404     
   34.123486312419082       -59.239077322771031        64.514935176481657     
   33.247946082549333       -42.955978856239348        65.064399110473076     
   38.623637504436758       -33.526628629663051        65.650080845150129     
   40.811446413326884       -24.504339013846899        74.632982727846567     
   37.724932864971336       -15.897810246894608        80.176076648952829     
