   21.014657414318698       -12.286200829286116        83.939834495901806     
   14.293514818180148       -17.820107709890326        95.250032813730769     
   10.810948023814811       -29.961724437251011        98.048420453645960     
   17.157154686105958       -38.734733951398958        98.852110395564097     
   26.252788498601795       -49.388128082798403        102.69269385590546     
   34.412859816316058       -53.728455965085743        91.844173698814586     
   32.209453785939978       -61.582003619784658        85.551059075946924     
   30.446467029071769       -65.559826102932547        68.127013447994159     
   30.227815259314745       -68.647554011794597        54.141279326230368     
   31.966907530862869       -76.515356097780653        45.332880682337056     
   23.090511059620351       -87.122895160808767        38.968903630537085     
   24.115312761161682       -98.522014818923694        41.605551239505104     
   33.426080242362424       -111.10622249883383        39.819236519776751     
   36.999499875712786       -115.03777829645432        31.857262595093442     
   26.883769404240208       -114.63394216413829        26.229479694826843     
   24.497330044019193       -108.16700863922229        24.310318723681902     
   25.447644526027858       -96.888286746456203        32.476186869297834     
   25.139720519740383       -87.381130697112397        44.170289876456380     
   17.992368474292952       -80.085220458086837        48.291903337242772     
   17.599720476372401       -67.440279538919839        55.797857856389591     
   23.239451838195368       -54.847608666600543        59.260771997417478     
   23.386037402208608       -44.270485022208931        62.093379325692226     
   24.738244414886246       -31.812794281603189        68.712245720033906     
   29.877112455999896       -20.701341867213063        67.328225578194505     
   27.364697948844380       -11.691524221466061        74.686540353990111     
