   6.4046975373545578        51.251511210159478       -43.618617689009163     
  -7.7402385240128755        47.403730106990693       -52.377204681462203     
  -4.9539456769285586        33.602413328086534       -57.824325692767069     
   2.3920356942721082        20.105815396448669       -52.382145138308879     
   12.994412818362266        14.910674759773709       -44.931131887170451     
   25.344678939145350        15.658582915325006       -35.693604847273889     
   35.402832551715520        7.1623984554260147       -27.723923885444503     
   36.682225798806186       0.75897105328720516       -18.157311588073984     
   28.506534927260653       -6.4799909767178665       -26.955465811967859     
   21.838209137350809       -4.5629262916367601       -42.356041049168269     
   14.763085955134068        5.1112064484851905       -46.089901151406963     
   12.870750539857335        15.847991822091327       -50.224757304798118     
   8.8686125886467835        27.035832652770324       -50.824934180405734     
   3.9576131188778785        41.093670363507087       -42.613811109804423     
  0.10421463279163201        52.873017957393344       -39.341547902369307     
  -3.8502197803049536        59.699522766157109       -31.336941080662491     
  -13.702672490072969        56.501224105778881       -23.863876167264760     
  -25.413952206999355        49.715209585406619       -18.364004213513326     
  -27.695228443699111        36.626548375979922       -20.476085520356314     
  -18.857395689375490        24.431710808079824       -22.204601232730020     
  -10.427719773080073        13.951669705176720       -20.523764872997400     
   2.6012467464174569        19.180740539180920       -20.597819311243178     
   14.914510530402124        28.668597534583022       -23.031690357464765     
   22.219701841969318        38.011291800105198       -31.767264328153527     
   20.085990640339524        47.850883681947550       -37.514918421972077     
