   50.078394559410498       -35.616965439042488        99.901060968502080     
   48.307010752141991       -29.053777410590335        109.32177660130024     
   41.187721821394412       -22.111076910229656        109.03764620085340     
   38.002376955795356       -23.924013141938058        94.013900635106495     
   43.112534155383841       -34.278041309612568        85.559263686785627     
   46.271732885879729       -45.084448643903706        79.398157825254543     
   42.766195448050347       -52.906747707398829        71.979262631954469     
   38.038038787600861       -64.673491991136743        67.650866239651549     
   33.191172143596617       -71.290772900520679        57.233574287033917     
   24.145756874159904       -77.438408906081150        47.265871967003640     
   15.721229080291391       -90.022783783322453        39.269654189116622     
   7.5991429231811303       -97.570390815615937        42.496656532968608     
   5.5586511682096749       -107.69591977494599        45.205510254810584     
   4.3603519184425554       -118.76531459549192        44.014976496875953     
   3.8350991988096745       -126.72800668425516        30.325502616662149     
   15.784496858301443       -122.74891799865398        28.989633016514091     
   20.976397089773862       -116.25928370432932        33.850569908808787     
   22.688951458538583       -104.88219586778584        37.283943906521053     
   22.405148982368203       -92.143689000144462        41.968442194241291     
   20.822415518575010       -82.261310694445072        49.416574272288067     
   26.906418470015055       -73.336965374465237        57.436084077962143     
   27.173147475849181       -62.343083318949809        66.249243014011569     
   38.225804530240652       -55.186683645872144        64.394820789858386     
   49.325762377785253       -46.788760784720395        71.870115564280169     
   54.233146120663534       -40.785923917833706        87.942039396872204     
