   54.481409455844847       -44.200697622821188        91.448983652181411     
   52.636275527542260       -36.098102562081635        103.64705892158528     
   56.724158526837073       -22.901922545070502        102.35961037558988     
   52.296690172125921       -26.951427827176023        90.077023897742066     
   47.645224669106206       -31.680026285418354        82.554341643220084     
   47.744311801824921       -43.366919420957245        78.859705268423937     
   42.481436675334791       -55.821087605924077        73.407990318106300     
   37.957904606910191       -64.852129032597091        72.190060064497914     
   29.328072454981907       -70.301492912407468        61.234736733408567     
   16.946430200406439       -76.487084605702961        60.441245835176815     
   5.2266457294605706       -87.075415703349350        54.239675253025879     
  0.95621955249623536       -97.897571835645024        48.604202208066170     
  -3.0298563415213620       -109.80437999527848        44.183201514589797     
  -4.7328497543683223       -118.77468880913241        30.863061044549330     
 -0.13206155035001443       -129.17866778065425        27.539195113767665     
   13.164096468963608       -122.53043876133223        27.304094460642119     
   12.306492736406581       -106.83570906096662        29.353912597367973     
   9.7966066127581826       -99.189281655886177        38.318074853158578     
   7.1456045922315701       -90.115426505573410        48.074386699125576     
   15.086196465172325       -84.258654923406354        57.989425760218204     
   24.461150104820803       -73.401224650826208        62.642461743199206     
   32.161180008240095       -62.594005981314076        62.321713788525408     
   44.930656683279253       -57.101940095702673        62.206305546608441     
   49.644373904017918       -47.298703039687538        66.903662536251232     
   51.640033163797646       -44.715313666802132        76.035983701897919     
