   51.978784320819955       -40.794024512020904        92.055519002685301     
   52.182723337647062       -32.476621449392702        99.858977922335910     
   58.311112280973965       -20.785378085459108        102.44636652194909     
   56.983856976234684       -30.328853134724913        96.637944354136565     
   51.523573712591279       -37.975410472507626        93.150795601107319     
   43.725350424669294       -51.194590019627569        83.342487484776385     
   43.296122577097222       -61.412168262109113        71.772647740592546     
   36.041655002781418       -70.636567904886448        64.661297967643449     
   26.669765609536817       -76.877909180538978        56.033168431169685     
   17.167238762982997       -79.310426134913243        54.316452259175456     
   9.0732327651176803       -85.713780100651221        60.155054785589293     
   2.7964036586876921       -96.817189863145771        63.963807691159595     
   1.3152436465849573       -110.54288524686896        60.341922419031519     
  0.42739659452759549       -122.90736641372536        51.478830189115570     
   2.1375827774718301       -123.07644419564683        36.381696687919138     
   8.3562976383907603       -118.60228230322521        24.943966947952308     
   10.811690239568764       -109.28826931056949        24.407455049163175     
   9.9956479316651450       -99.925947756980079        35.226135281305119     
   12.235340860235103       -94.346670535685107        44.577943376497636     
   15.966180832586369       -85.645188541839190        55.350432787642774     
   21.955102591788432       -76.494665942298681        58.931552101508075     
   28.396264242485120       -65.318201939302526        61.030647503169575     
   36.101997010139719       -54.891633189340411        60.428545226941054     
   44.833052623513900       -47.729702250531290        68.801565730400355     
   50.626781251569078       -43.791307714297446        80.132260043118393     
