   60.114787962032700       -36.057702958428152        92.111553594939380     
   73.130609003669107       -37.655546019130767        100.94735101202548     
   74.240082266682919       -28.015926695383051        108.54657470168613     
   64.891524690965326       -35.447418325141328        99.784733846898291     
   57.318165165617366       -46.314365839626504        91.257444313055686     
   50.602417053869360       -45.917775127034496        79.243451297953058     
   41.256846345493379       -50.470452817158204        73.152415740109987     
   31.832946467340214       -55.512636401335229        66.275540778745281     
   22.346921593026597       -61.894927542362829        63.042353574240501     
   14.365853951247441       -69.413062575216259        60.643968975392198     
   4.6396581260640630       -77.752247204742929        57.588736133162897     
  -1.6926062519486180       -86.629138829532110        64.645807779777925     
  -10.186305006452711       -93.461113800734324        63.295272165365823     
  -18.252500378159489       -96.289457005791149        53.136670908072581     
  -17.180709878376138       -87.916542875339971        43.594818018020263     
  -13.771340555108486       -79.278551401842861        36.793946500664880     
  -2.8411491651810974       -69.714213551225896        37.040271171750753     
   8.2360470392729841       -71.477877560402860        38.385738938763502     
   15.191088284494807       -76.063658244924440        43.959750788873151     
   19.765010517221022       -80.869880262509668        53.721189283390537     
   24.489037655775022       -78.435831755455396        64.270136834099816     
   30.920341207354518       -65.841585907111892        71.686197167588503     
   33.441024551904711       -54.014442244068185        79.292101149564118     
   39.890363281437580       -45.297860798510143        80.951449350419693     
   48.570330449764072       -35.439785600800455        84.688149163773005     
