   68.843547994869311       -32.814045659116843        81.736386038020441     
   70.401009489278024       -28.309388342621496        95.427911929177569     
   68.059282488249934       -28.522036895828883        105.18818134493118     
   68.634447404164945       -40.762495393828345        94.353931821299867     
   66.905917740622002       -49.680184636609241        83.184717419578973     
   64.457050876819466       -54.084611722736618        73.225943489634645     
   55.196816524119200       -60.848008578523356        67.687831238862316     
   43.146484818792835       -67.844754307061208        61.607835949286859     
   28.955667860663141       -76.160727462737512        63.756797536047848     
   16.821374904826733       -85.729506753645310        64.706923946327706     
   8.1832425537837317       -91.011279171338060        65.796684577118739     
   1.0244391826000685       -91.591376430143129        71.503893638406339     
  -10.272063954019716       -97.247996662930277        69.663990481461383     
  -16.895059286713845       -99.903689172953079        61.465492193638752     
  -18.909827930806422       -92.117734993376686        54.181668476288820     
  -13.234710442385092       -81.999005260874043        49.986940721399478     
  0.25129795557847734       -73.219987459834584        48.809353970479670     
   14.347536670766219       -73.150496714377155        46.922331350041098     
   29.361108712245386       -76.316320925957939        47.578487929489391     
   41.282831416854215       -75.858107896504336        52.419385475130440     
   44.575462308250913       -70.157455852485640        60.885048596596988     
   42.152517766799562       -64.429005764026059        71.165105570053967     
   43.096636908198207       -54.074043608643052        77.928499877493891     
   47.542010294755713       -40.682901907662227        78.275563136270648     
   57.144312916009284       -37.970218358020382        75.254936299437205     
