   140.85833222376408        1.6580798974952651       -62.730693552764386     
   136.71105381865846        8.1018953372067859       -60.425887349880860     
   134.12781259786485        18.802067903021825       -60.697188851769191     
   135.44823945612768        29.372485156591484       -61.757880758973762     
   136.96920331939796        35.754598060039193       -63.568424274613989     
   141.23183690349700        44.092546029775839       -68.764926978267766     
   141.31308188353427        54.759218269560208       -72.573122508992682     
   143.78812767140639        63.295647485169944       -69.992398239767553     
   149.73760433400238        70.544986930759293       -65.879052473881430     
   155.51246673633440        78.825133512712313       -68.417124012900487     
   159.96688258037904        86.726295579781251       -72.466003488111852     
   160.00844837123074        96.524748300539144       -70.093777371131878     
   159.07561473328698        103.25464653983832       -64.921845888993957     
   156.67265440531420        111.52535230135770       -65.573073940342113     
   159.33237356410456        119.32781910585062       -62.856420146651793     
   161.57236221190686        125.97856113959263       -55.560238449457614     
   165.04118835948620        130.55498855795742       -45.527802047904316     
   163.99794489331441        131.41419374210420       -35.993935747839231     
   163.95421044946588        130.55007288250812       -25.033348837668058     
   160.13980756615302        131.13625603040572       -17.267161279781110     
   153.04931314267787        128.44988488296570       -8.6552901124909578     
   142.30388330313409        129.84442944841368       -1.8317638570753751     
   131.50139937935560        129.78204760945781      -0.69475362129410878     
   127.43085724728380        128.67411179893534        7.2472136567262382     
   126.16790259572620        125.54874066498499        17.728353621442150     
   123.34857152947674        122.35759448013333        27.972384229792517     
   119.13724737213562        114.82902713090107        33.585746919120638     
   117.36955061735537        111.07880495431748        42.807623688624261     
   114.37167916935509        109.71179814106208        52.274236814350139     
   114.76404704669154        107.02200174913658        62.592041766205085     
   112.29922679562296        104.10806686400318        72.374246830662742     
   111.91968686267373        104.10324353452819        81.813609009292463     
   108.68933415844475        109.64069575778407        87.536569997710728     
   101.61546990343162        120.74922657715580        89.084540981560110     
   98.170762409977115        129.54431449854314        87.210709300662757     
   92.975364122146189        136.99099054745435        84.598275778692056     
   90.675243222103148        147.64038294439550        82.201535160237071     
   81.607291493269514        149.62355721439840        80.452588775140683     
   73.207600227713343        151.20019644130491        79.842890789672239     
   66.038455485563318        150.74055357723401        84.549299811665009     
   58.821501162280157        149.31635242136554        90.609917627137548     
   56.720828987387961        146.81170535157375        95.958563776500156     
   50.213916668063014        145.13294290085528        103.02609068630488     
   41.820440037412560        147.82677515726360        109.69623693750677     
   35.339515004431824        150.59579358664627        113.33472349815894     
   30.082979418534730        143.16994764781157        110.64037631542652     
   24.371426916118772        136.88860239907407        109.78641314077328     
   20.204246004096223        130.62076163535860        110.89287019965784     
   20.225935276552054        122.03290518104980        109.90025351177600     
   16.050542267047899        115.33208954861389        110.15175506056184     
   10.335823369410729        109.91788696851314        112.44708863974746     
   7.3140289342429190        104.45657416175261        114.36222195033200     
   6.0685477111199120        95.540222304427758        116.23458723781962     
   1.0318012749579992        89.178249882190045        118.45179808882078     
  -2.8382132969523610        81.225429205617147        120.57990320415708     
  -7.3581550051017288        74.208595186122395        120.13334323641968     
  -9.0388213889015852        62.788214623977851        121.77721550704075     
  -10.335139531213930        51.204915031771385        123.63138374651791     
  -12.400272878235164        40.342429892822480        125.99414256913201     
  -18.278396017923129        32.740224515981026        130.57540083569916     
  -24.503390386329656        24.435937421204660        135.71144277284870     
  -31.759235455794848        18.395365153409710        136.34737264012458     
  -37.914392604594681        12.218441650663202        130.20665200011183     
  -40.814425392219960        5.5420874040736905        125.08247782841951     
  -42.740213919544082        3.2186281645067534        114.66816944513057     
  -38.305652775308708        4.8595331844311129        106.85516631547314     
  -33.934299801770806        7.1959999840078250        100.90962068206490     
  -28.558897691292792        4.8622499482364425        93.860942776786345     
  -20.773967515932583      -0.43521630612736661        90.390339672568402     
  -12.024977891967033       -5.4000980350227898        89.830240537551489     
 -0.96129375522552252       -8.6898371954285487        88.886061203585143     
   9.4651977458053693       -14.014926405171497        86.751302626740681     
   14.736556547136875       -21.317813414278508        85.090456177148084     
   21.997721362213085       -27.019504100605811        84.943510596021568     
   30.049512239978394       -29.726618132394965        82.072802195727093     
   37.341799564438134       -31.367922967869401        74.723204815321452     
   44.823103647785601       -33.070900590502795        66.329612545222361     
   49.220427096412564       -40.778310528296558        61.097595713239279     
   52.733869726931331       -45.553000499869341        55.333880043353588     
   54.539400336917609       -48.402140659560530        49.138449606236264     
   60.606474851793401       -51.171494754624106        43.034254234314730     
   67.035974005789100       -50.771170743985351        36.840828856238026     
   72.816362269100665       -46.816460684185799        29.166629435414475     
   78.368457461690838       -41.319006576048309        29.602283731427924     
   85.937068280644070       -39.914157751220579        23.781214858892238     
   94.747488305950583       -41.041314141411597        20.001472828856816     
   103.92559056091363       -41.435684911387298        19.749570567256036     
   113.15066965420796       -42.505775818702631        17.523154856687274     
   121.58676452023582       -44.649354461954495        12.253082066084536     
   130.24897282860186       -42.676793663221815        6.6784418172497704     
   137.47682683011010       -41.113100282131057        4.2614689941976067     
   143.26291665130628       -33.943008683809666       0.51248332357104309     
   149.80005555992756       -30.272300824897997       -6.1799322833436321     
   154.67926282618012       -26.520323081974983       -13.196404854164626     
   155.67708274301566       -22.816074075898339       -24.650304614331038     
   157.17690688754456       -22.154984196271911       -33.211757503337367     
   158.80374767943755       -20.871492604098528       -42.600543227602820     
   160.21966943230268       -13.193187499728602       -51.606879134729205     
   155.27007608336928       -8.3329970560038866       -58.859497092416561     
   149.10771549916905       -2.8372562852882859       -64.284067334875019     
