   66.959933861228762       -25.170569477857100        86.944247375132960     
   77.301218695799776       -27.147323924042947        89.445237975281771     
   80.181681649271823       -26.343733766435481        95.352200953057476     
   71.677412425001151       -29.283491001616913        89.494028716288682     
   60.582294127387300       -31.650671226048473        79.649887868916039     
   49.658925924101602       -34.388711451918184        76.521518502825444     
   38.511488893624701       -37.141982438299301        77.169223604824964     
   28.986463918623791       -47.105457083028313        74.538828171999967     
   25.895587409075645       -59.296153723628009        69.224403982682531     
   17.022803286036499       -72.312065092963465        65.631641374945133     
   8.6851301849698590       -83.200322033192805        65.255494943753476     
  -5.6056186426717689       -93.062472767166383        65.522888154139835     
  -13.612470187436070       -102.35745589854875        61.628843003809664     
  -15.611653439058490       -109.64916564828059        50.573684640776165     
  -15.679314255410809       -104.54742472075560        40.467430282295872     
  -8.3030462941821614       -94.262827738414444        39.249843059659845     
  -2.0853405258923439       -84.853282630336494        45.965254100940179     
   2.2673915081019094       -73.832416622218517        44.862396118886110     
   5.9259155985466752       -61.682207559831298        42.780398254940081     
   10.949583189360244       -55.216268787541843        49.790384396431833     
   24.807002854313186       -57.027555100897523        58.824568952130321     
   35.804953659174885       -55.564411154868814        63.012244175578964     
   44.247850387006885       -50.614592361725698        71.146504603221089     
   50.257920420679604       -42.110286779411609        78.628281245843183     
   55.057444223748647       -30.142022975252420        82.899595238116419     
