   58.797880772935926       -40.448746354193212        94.819554166073559     
   64.760851214219954       -41.900956392851654        105.70064205710874     
   57.891448946146696       -35.911931451277312        113.63312953636328     
   47.442968462946908       -33.404352252753938        104.65059408217981     
   52.444570451881802       -35.414652461331322        92.745442662172877     
   48.227666974943808       -46.385272607237056        80.387296668866995     
   44.713181702441894       -56.024734214124834        69.704298618576487     
   38.899392196226465       -65.240723334145315        59.241722417369644     
   29.534725270163634       -75.618768983567122        62.605102466211086     
   18.016840065455387       -80.209015253306731        62.328929897205313     
   10.809250112394892       -85.479055049647997        61.565499560515214     
  -3.2258476166053982       -93.131275717167227        67.165419362543531     
  -12.289997945759003       -100.30553899052281        61.765363693486215     
  -21.765142537615059       -100.27382340620076        50.512251376631752     
  -23.736908350152415       -91.939082952395381        44.493001724806234     
  -15.142683689221130       -89.293671976369154        38.599252508222932     
  -2.8882693931601118       -82.496868406438665        35.290693587611806     
   13.547132890675766       -80.877035593478922        39.365769339484252     
   26.633827052307481       -79.099163139579062        44.359176264836655     
   31.078014734630873       -80.325363446155009        54.353081571895402     
   35.294123061504678       -73.691266834942084        61.559866229327824     
   38.093654654335481       -65.171987468838324        68.635017718191776     
   44.440711337098293       -55.562618266328833        75.341794603487912     
   45.505575775708564       -46.160390494902593        76.823469653543711     
   53.362418830846643       -35.793983346790839        81.845047743000777     
