   1.0466100848970727        52.858746957873763       -78.267534164342408     
  -3.7898476404378298        36.566997124994487       -75.847664912246870     
  -12.223004196115001        22.978787313429191       -73.440437208387252     
  -8.4095280342304193        15.828516861120148       -61.546234085603764     
   1.5087870970606330        19.124066183535270       -51.596229440178526     
   12.757858671140109        28.572076126286241       -46.368944239385456     
   23.835460358923690        37.639133188196993       -43.617835566381984     
   36.324212037107877        36.325984257786573       -38.642994515585741     
   41.073587780472721        39.198831790366178       -27.984959862158764     
   31.335472456075294        31.721288406680685       -30.566682703576642     
   26.256291890875737        29.607139036278483       -37.735238175096768     
   19.963255196461489        29.476924526852311       -49.435279907253289     
   13.516631748778153        38.485455172823912       -52.291455671118193     
   6.7947249698546308        50.630147336183171       -49.633054787859230     
  -2.2333182577442159        57.996226072890657       -53.314636643903071     
  -1.7887731060704035        69.170843035201557       -58.663411230538905     
  -5.0896944579827750        81.767896591649119       -57.012538577423861     
  -10.297449642622633        90.228075821046943       -47.092341829850987     
  -2.9799213593655574        93.079227242625535       -35.999937476543138     
   5.3241421463596632        83.402831240076551       -32.223489903301932     
   10.291767045987468        76.651489067282242       -35.137998698802392     
   17.039622845747331        76.984917303514123       -45.717725131260671     
   18.308126918216420        74.179340416117810       -59.437142952506022     
   10.684124479682367        70.561533244789899       -67.557591186131972     
   5.3038582503949279        64.952252099744697       -75.608386507894267     
