  -9.2858394006799010        60.941594215686244       -70.271911905092708     
  -5.0126420640362088        50.167217888903714       -74.001113151530902     
  -7.3368216001140709        41.163699777176028       -71.935353591343855     
  0.11757994957933526        32.987008238321856       -67.149163110375056     
   8.4842631399963935        31.696027675850083       -59.592826898528656     
   19.598664008354387        35.914387684466277       -57.478456961892498     
   32.049146240776182        36.955593720073594       -54.749003458601521     
   45.318734753733430        34.543246966555863       -46.251200292210989     
   50.238002807801735        38.381006764561782       -35.697024675245274     
   40.902864423769188        32.059504121356184       -38.913013859100197     
   32.653641364395583        23.757634109908544       -50.749485199508612     
   22.379706465101229        27.888688817196208       -60.340984357986855     
   12.120247438774824        34.901228199511422       -61.970057228286898     
   1.6490401892273860        41.474040262275501       -58.966096604309520     
 -0.83184243679421443        55.049544858478399       -54.468997707404064     
  -1.4089681136117431        69.731178373228559       -54.118325379023737     
  -3.1384881999670182        82.906704965973205       -48.538375107815575     
  -3.1677942885324564        92.377830018040925       -39.154654668147003     
  -4.6182271614556667        92.500698988421419       -25.960589642959018     
   8.2932639024764594        86.513421956551397       -27.840320586555194     
   16.337254383790782        81.024561317343583       -35.620445912730830     
   11.855256821690975        78.155981962009449       -48.009882503707153     
   2.5236324933834222        77.922987234936585       -54.715146093731725     
  -12.131330188092743        79.049802446037603       -58.107629830990824     
  -18.326960791113052        71.499528405859039       -65.834944854907363     
