   4.0758724036631353        59.355645765635607       -83.094880367681796     
   5.1720883323335940        46.919214828114136       -76.789913533981334     
   1.0110065968596929        33.913186607981466       -73.344822067931915     
   7.7248363151883410        27.077859056055896       -68.923386175502031     
   12.266789531160095        22.160753933168333       -59.222168974654387     
   23.255155726643384        24.683624865487889       -45.217923812133151     
   33.358935506296390        32.292333755740259       -39.339149208010255     
   42.473778550607804        36.963921837879404       -34.329081995023913     
   46.661730060384713        42.885949847806927       -24.799228112187858     
   39.344249769578248        36.754090855970539       -30.000802409998450     
   39.615773472026106        29.292845615731558       -41.606434092149932     
   30.691479164987644        29.453884045995043       -47.363413039823577     
   16.758793321849279        34.555168909649915       -42.373323586706462     
   11.069010682575144        44.270703235694462       -32.078081070362856     
   7.2773497157648546        56.003688358454589       -31.797949470020225     
   5.8414947814099740        68.975148714033196       -40.277835619152320     
   3.9201991763165869        81.799960076035632       -42.678278984904772     
   2.9289855413922696        88.744566614303267       -38.642583581939761     
  -4.7341571304658139        89.790253748518438       -32.402837434615257     
  -2.0602082091104679        80.004891215182951       -30.365569511151246     
   10.512700999482723        75.652151465902904       -36.730112673280743     
   10.754354918664530        78.701555240732930       -47.613889127737316     
   10.909589326347531        80.386421544000129       -62.405718029302200     
   14.483709102594007        79.092429897410156       -75.417439641179968     
   7.1420822508351716        74.147859488043764       -84.960130356821409     
