   2.0750728485238277        55.028306793882763       -90.621355568092227     
   3.1269913183031215        43.816195680826880       -88.766329986339287     
   8.8317260024266027        33.533571738678276       -83.203108468403514     
   11.095287332799426        28.088742771142929       -75.978052938083906     
   9.6938118354117382        26.319339904974377       -62.055458017047741     
   12.400533067541897        26.396174715369053       -48.129713060858350     
   20.325778804719686        26.142223723341349       -37.698088807955799     
   28.986751987914744        29.020503471881355       -24.869751179102678     
   24.201237812061184        30.015464304665098       -13.666849743635549     
   26.457124280223201        25.325546675740785       -23.200116642736269     
   26.579915733871115        20.686696584990070       -34.379324576455133     
   23.129263810063804        27.021483420292306       -41.580469156492491     
   13.651820979288129        29.065320301410885       -48.566777532527269     
   5.5284314730433701        36.701757275597636       -51.552838197651205     
   5.3364448274324348        47.112075629113043       -51.288931582787185     
   6.2126190976623477        61.546723480032050       -59.016627698071304     
  -2.6338803798529562        72.712371968152539       -60.716826835323545     
  -7.8489282555200877        70.418470821714820       -46.474520030753851     
  -2.7473699570928813        68.339651742057072       -31.219158705237856     
   7.1285133373772354        66.385953379727610       -38.634382436020090     
   19.048041966237236        71.050481691645217       -47.230415101139869     
   19.991093247906441        76.005297773134970       -57.076241132189409     
   22.220289401859521        75.382951040811122       -71.732868564390330     
   17.234869386226752        72.593723652146934       -81.721481174148408     
   9.1289084711482644        68.346440872731591       -88.472626251901403     
