   28.387088151386685        51.752830391876927       -87.306837908800603     
   16.208704025797701        48.071127314540711       -82.835744586614524     
   5.9591877309565007        42.578660065039855       -75.980972513985833     
   7.8023087134265996        39.919558596462153       -62.196840056517082     
   15.492597078297070        36.325368645408062       -51.278911071327308     
   18.487832268750548        28.111608991106682       -42.078484356531725     
   24.354136953903652        19.832800608833828       -35.166432500459450     
   22.781429737674063        7.1469951098851610       -26.060755472222368     
   26.713088164262000        2.8176367406354106       -14.962028296518213     
   28.636882378699507        13.695203188923335       -21.257734800736888     
   21.779786384348395        18.339858998181864       -33.229293223498139     
   21.255926282346337        20.046104838847473       -48.068606640905671     
   18.486412910319014        28.823648558246862       -55.617031857034505     
   14.958396953871601        41.906397867111039       -57.335637884289120     
   7.7567763196394406        54.437276449499578       -54.510818342590952     
   9.4244487633589635        68.009106182364661       -59.226020339800897     
  -3.0231479666534939        78.050912067905116       -57.936285003372205     
  -10.915581148085101        81.442731766220589       -45.188949530723754     
  -9.3294895219936222        71.035206555267791       -39.464292867788714     
  -1.8336422532530927        67.598523365028967       -48.780770651497541     
   10.758013443006167        63.452652210488246       -54.433746817763776     
   17.236307373352084        57.716492225872699       -62.550602545807550     
   28.018735986830837        64.573126384486628       -69.031831098039916     
   39.846581658425336        58.643443200054641       -75.475150664247977     
   42.416066882921399        49.818170878723890       -81.698859865970093     
