   37.472212513608419        40.887110571795866       -92.384158767944726     
   37.320521777669029        27.522094749945694       -88.772215759769608     
   29.016041432258618        20.738925637090471       -80.634707817080766     
   17.815418568738625        18.313150689388792       -71.031783074987658     
   14.049179249697445        18.390913740344789       -55.953295187260927     
   10.113227728263135        20.061788657269101       -45.849019549169100     
   16.343471705495229        15.324686410799545       -34.583362815218251     
   26.313813621297410        10.016708691241357       -31.283230578102110     
   31.386636920033823        7.4273268524248870       -18.218242722876500     
   22.672631867233608        6.2119050749311517       -31.813255850117518     
   23.302732434926568        15.704194727670167       -45.660836172956728     
   22.432075325294775        26.844558728797114       -53.231645617148580     
   20.706505062290066        35.287462720377427       -57.782134374622082     
   10.061746010235392        45.959491708434783       -59.587128694643717     
   4.4334434057724872        58.782638111193663       -52.085577147817006     
   3.9234883194333254        73.076974531591844       -59.205515149562807     
   3.0794474386299786        84.071500873007011       -62.779082556847534     
   13.336258008186874        91.175583687042391       -55.248566781321991     
   18.489063390449143        88.484350107313674       -45.913610599984651     
   15.251664720996832        72.559320993218506       -45.528978078289562     
   7.7537056772296022        65.358556823849199       -54.940796711711855     
   8.5602154007661113        63.339002285655539       -66.488135857409901     
   17.259339327012256        60.280917218850703       -76.205591535786638     
   23.143691728282857        56.039503406806773       -83.588036991794397     
   30.211632079126968        48.825786849275147       -90.838964866826487     
