   34.535203979800748        40.762580992366033       -95.214009153370370     
   27.758124053397633        28.821906304372771       -95.713510661425005     
   23.498566141307144        22.564445230497263       -84.257524200359484     
   15.127494666516775        21.249872394943615       -70.342396404955792     
   14.806814669699200        24.199556067681549       -60.857094766675736     
   11.086334094749358        23.274934976786533       -50.662423993524584     
   15.341954251149103        19.196910187602686       -37.549376646388083     
   28.236341904287400        14.804847588116710       -29.334925886570154     
   36.678726490813659        17.650661824969546       -21.567481059355746     
   25.364083169744639        16.277674849198053       -23.673121330790085     
   19.866678846819312        14.056961738936653       -34.311862927877151     
   15.774721091763752        24.881102418381854       -44.706422959359074     
   13.372104421019849        34.709634249070056       -52.362140895000017     
   11.990176000658941        46.557313655681945       -53.665111474379572     
   7.3957305983443220        57.200455753333500       -56.445832361685227     
   3.4942858178112211        69.678367327689230       -63.462507469040773     
   5.6417730241743262        84.573739834881621       -70.171318236930830     
   8.9595454112958528        95.193968308792051       -66.572823918040740     
   19.500320408475599        102.49569510929781       -65.655467378311428     
   28.691167364258988        100.74684747982738       -64.467421688325686     
   42.001018131907024        94.944693928083112       -66.492760461977312     
   38.124179814952981        82.620728126947355       -75.581786048266835     
   33.710032303084787        77.049879852513882       -83.959011107374181     
   31.701453631333855        64.384494288396368       -86.767071800393040     
   35.512443784854426        54.488001513006147       -90.043516671183966     
