   47.206986344464283        93.458156448692108        38.397499803796755     
   48.070490331524937        103.21898300134939        36.757924028839795     
   52.585598522757557        110.31519046039855        39.864593067498937     
   56.205970935722313        118.33089116015977        46.685309512384869     
   56.540763454700667        126.23202059668881        50.795382584362613     
   60.813821456975255        133.45829247494569        54.953720900439691     
   69.978313901926100        135.67551543797131        59.680585210045066     
   78.520452840993656        137.15278870145735        60.337807893377054     
   85.494788099786945        137.45132097380710        65.779294882543269     
   92.877622663804459        140.00993139957990        71.278249500284801     
   101.11103849050548        144.05259785708503        72.499820113364066     
   112.89008133003786        138.22527089294104        67.376660358006021     
   118.23105525358072        132.66196116433898        60.917375021814330     
   116.79218110529605        126.56645043445896        52.751989349899198     
   111.90139297223158        123.56177481689599        45.849433507764694     
   111.79986529641442        129.23451211497778        34.180257723666976     
   112.70356831387137        129.49389523680631        26.175638397893195     
   112.83471270158823        136.76901175706183        16.894408584950707     
   117.83938714799162        142.10045038871777        11.613456094685089     
   127.43668293520184        146.28133675812853        11.281189047116699     
   133.76726036224323        144.23903110193751        10.101896410800492     
   140.23342034311790        137.97354425877006        7.5777212318615277     
   146.54367478594997        134.75947049382265        6.6570412169113737     
   148.80226873569856        125.76158199750500        7.2509069441727334     
   148.61257478248854        117.01292943275550        12.773223168385099     
   145.97117444877784        106.67158088740598        14.353228555215683     
   139.70420212643194        98.831924558423054        11.641230614439088     
   134.12911491962441        93.566902599958084        11.964360866694564     
   127.07050477600973        88.014163427092754        18.683224415831901     
   124.88213502040300        83.454503537322637        25.750756551927317     
   118.38047780719867        83.530904811878557        31.705723623656940     
   110.26238415189398        80.054007744155626        33.646456016019798     
   103.44829209455679        72.657134640581020        35.556445173119698     
   99.990784943503925        65.967673605459652        38.994219850181494     
   95.350330515695802        58.844172466839709        40.111493785478629     
   90.573565184870432        50.560917659512761        43.406446435779841     
   84.780323460899396        45.223908807311567        49.157554478427727     
   80.319477147313521        36.966277876601822        49.527027510659195     
   77.304066431872897        28.463823954839011        45.471273679797207     
   75.807128835390145        21.550250750607283        37.155112286505727     
   76.325908784007964        22.376253299364343        29.223563709601784     
   81.808470885015396        21.861152840942349        22.954974233354744     
   88.514372490579490        16.896122976037969        18.982238932200048     
   91.739116200960737        9.0614322417449884        18.197987204930804     
   99.039973558172875        5.1312190834879914        15.033757541923110     
   106.98607984787094        2.0840859871967012        12.051372102600606     
   111.74710400091902        5.8765105512840856        5.6413522284870670     
   115.64832243558543        11.211057878839657       -1.6690928258964686     
   117.09685297179117        19.795874495775990       -4.8161349551788453     
   114.16572518159376        27.146520522354233       -9.5565239179988932     
   115.71676035112981        38.384047282161767       -9.2237730939457414     
   117.88144523092379        47.962886539551029       -6.4975424252022380     
   116.27271429766076        56.724332833060927       -3.3302295061107356     
   112.26176727115687        66.232069115561274       -2.0406720775055458     
   107.08642122309024        72.531749654743052       0.78698492980799273     
   102.46235495432975        79.613201789759884       -1.2328822998881930     
   99.311668107427735        89.883442704756817      -0.47697853755630226     
   99.384979672069917        98.326733477334713       -6.2635973345153646     
   100.48792769615197        106.08759560046703       -12.445142176146254     
   98.298075618436684        112.05224652726824       -20.365325728555643     
   95.416884325345620        119.19304260459580       -20.521262240257780     
   90.753666021406445        128.53956617850986       -24.638044369789572     
   88.434658512234236        133.51390380904752       -28.678964786667883     
   84.536682024384817        138.64079855519401       -35.165550166206351     
   82.752011753910324        140.18801914029277       -43.914963354094766     
   79.790050159451297        142.37211311288638       -52.609478888946022     
   73.212284222319866        143.43591998645149       -57.119161966853198     
   66.412235074581048        139.03080015511000       -62.170727449261989     
   68.927170529716335        131.58228413695116       -67.248155215898251     
   69.693689095008466        125.14528962412508       -66.801334933536793     
   70.997978283488493        117.00256412124490       -72.289485002433139     
   75.149144951386191        109.49165867117105       -75.742334223277723     
   78.216421786348945        103.64668142344131       -74.802171563848233     
   82.191631093036477        94.081417969864646       -74.641496256254328     
   85.465620438277909        87.833655312638285       -68.772949474299637     
   86.615642853670209        82.895459704753591       -62.187775796496851     
   87.286629485313938        78.841425740728994       -51.858859135636806     
   87.660126585080107        72.684631501856643       -46.222914548497236     
   88.120154538135310        62.720111065805241       -39.710376910319717     
   85.630421178902694        53.752777324966679       -35.092736692743628     
   82.072821419766143        48.170450124232346       -31.062116342998422     
   84.122782163667395        48.617182161329232       -21.397841794178809     
   86.396882904982462        54.602659040996258       -12.002134609257478     
   89.555830155121342        58.798657463670239       -4.6774224429352698     
   93.774442484318456        59.372279238677486        5.6263320606406078     
   101.52907066425134        60.337291365490096        10.788415722408963     
   104.34779092982794        60.060484471681839        20.205596710891168     
   104.65260009128740        60.343773263533294        28.586961123610287     
   104.88194598334040        65.838334340570086        37.680746988131638     
   107.11265755215281        69.432349534481332        46.976707051680890     
   109.50335752138817        71.961407351023894        56.901265222669714     
   106.53587959374354        75.515646776882761        63.057144665165353     
   98.717245912669014        80.388410937739152        66.025461736790632     
   90.159506294350706        81.811126502249493        67.024006803768998     
   81.675263478445530        79.873622724226422        66.449082311950534     
   74.405456554215505        73.833131033603308        64.176915426348771     
   67.332897642600997        70.232421647567492        62.934853573106032     
   57.044793897735211        72.078064732231582        60.108347126638179     
   51.726565770229556        80.530401137166791        55.596224769653986     
   46.243175953198438        86.769104692933823        45.965135746784576     
