   44.265852466461467        46.742393217002132       -98.541487217841919     
   39.247684987758952        35.987705437875931       -90.731691397900548     
   29.737475606845269        31.525017331126964       -79.919797960440178     
   21.198874824613291        19.303494064709312       -68.234066689726973     
   14.239775170431692        22.999221787408054       -56.484735231755351     
   7.4106200290286548        25.790603551485049       -47.771873231925703     
   10.167257219983304        19.619316333431254       -35.718638975968211     
   23.724542448042964        13.994162815819088       -29.794230115492400     
   29.017588368563928        8.8435087394942702       -18.292289253278565     
   23.470686023975830        15.121932369099731       -21.749800858710671     
   15.025235007410018        15.055008879341656       -34.518080575628211     
   13.496461776578057        20.504393189351994       -45.572497381906189     
   8.7966004248401450        31.337732405800125       -53.502603608546387     
   3.4267448561625624        42.104974917806913       -57.000769944337350     
   1.3470758103869471        51.575860883048335       -62.240810764655137     
   4.3281160897233679        63.292503331318144       -62.847052664829512     
   6.0023623038766605        76.980227960611842       -62.581062589091822     
   3.4258630232278700        90.591700781272110       -60.914744248303137     
   14.037897281750915        102.70737881892101       -61.541849749923848     
   23.859921526132993        98.037725483606749       -66.307201758432939     
   34.934100635940993        97.976006448719986       -70.217363715132706     
   39.752510425620734        87.354063254533301       -72.832984961494319     
   40.750853978214465        78.814094126735256       -78.940600097367934     
   40.947199573438191        68.484212795974727       -83.493325125705653     
   40.679395563553740        62.066305786048460       -94.061186962828373     
