   28.324541923025958        52.301651335900715       -74.918086753835610     
   15.225794471528046        45.493741236522396       -78.698863736499490     
   10.527872038769580        39.931837306492476       -67.708738478165387     
   14.015183343548840        32.994275387179094       -60.100095811455823     
   20.977135908591350        27.393592670739817       -53.197580063195424     
   24.456028142905296        23.386736150959290       -43.431023645579870     
   25.526337316496285        11.216778122803596       -40.522297018260126     
   30.485349246857790        1.8354122674179134       -46.655417785016908     
   36.568949186036271       -8.6983472622428799       -43.361213021492361     
   30.190133776511679       -2.0811642586652042       -37.440372398494688     
   23.241587201332138        9.8821490676521275       -42.200635502816283     
   24.447810580121519        18.134170341563600       -50.455129598201552     
   26.489965346338959        29.699081521363393       -55.215066548933045     
   22.638511642191293        42.194528510033990       -53.229797786837111     
   16.082554191088505        52.154046974947789       -58.440395182862552     
   9.4836729280164018        57.206363030517814       -67.745213363005448     
   1.8437155887306496        66.480701273298251       -66.897101550618743     
 -0.82726222466507660        81.363412538577549       -70.205062257396605     
   9.1717632345183997        92.467066941794911       -70.327960348803558     
   20.329050101992962        101.09166295440973       -79.068658686502445     
   36.044277119081215        102.99966035967984       -76.450282044492525     
   44.169942445956622        99.466794055824153       -71.504366235972370     
   46.808991016989545        85.380465340540425       -70.685625518039956     
   44.488495444358435        71.725569371934384       -71.431459940847176     
   42.196936629579511        62.290413316986751       -74.918940709887494     
