   42.851799513459348        54.908126350366352       -87.664715639851224     
   30.068306275731246        48.627308028288247       -87.924474175392220     
   15.691169832640727        44.393380570303471       -81.535685210313630     
   13.814247278109153        39.058683359552894       -70.801937155011998     
   19.738212321939741        35.263881895834771       -61.563604815637426     
   28.715333588320114        26.800478830258385       -51.881467621402919     
   31.290528470374102        11.479341975527349       -45.105392347411083     
   35.600076435623755        8.6374516187750716E-002  -38.906061037393876     
   43.447303803839631       -4.2088160978575031       -32.268019705572470     
   39.397417267374863        5.6348599429444661       -30.376076420073328     
   27.193616821520216        15.076017126835570       -30.107232444571729     
   23.948849764872836        17.942327857738082       -42.591569000542485     
   24.401058013413312        23.572656391045193       -55.400363715066376     
   21.863391771485738        30.536794225867997       -64.093050782963033     
   16.165455537235900        42.351075641958985       -74.519039923252777     
   4.0906334773451274        52.549801307282642       -76.471425398938891     
  -3.5604924755759821        63.831207843538294       -84.228589096121908     
  -3.3694848648009916        75.811749452365902       -88.313573383137864     
   5.7981047185757006        83.502572644191289       -84.582677520801624     
   16.061843779358050        88.534511419360143       -72.660064131765495     
   26.980492714143917        96.878676227757239       -64.811140056466016     
   40.702642856119027        96.321273535554880       -66.541728933993994     
   48.605036707127041        84.964903735363976       -71.322524299230452     
   52.488136394450493        76.536381823753615       -74.577078374408345     
   51.705905342994100        65.271749464880529       -80.377200269654239     
