   35.976185194577226        55.709726476637421       -90.177343911000477     
   24.783256052676879        50.615094064567408       -89.040890043121109     
   19.285938425415463        42.321457103929511       -85.040327035285586     
   11.804927884963043        31.243752079527116       -77.867655703803720     
   18.243004047552095        27.842405988787242       -66.259443879049840     
   26.286944875753527        23.015943733834284       -59.468574187561700     
   30.779826041210349        11.057853588707003       -49.148998486372037     
   35.577680380657348        1.3569013341983700       -41.398652674321319     
   40.056508218918154        5.9891967093499652       -32.746348466610684     
   37.600240948677545        15.666359320188764       -29.766664235697650     
   24.676775248595366        25.973540749644858       -30.703384584682706     
   18.604940135526871        27.800991426858573       -41.690096778566222     
   17.832542332979500        23.565639363352240       -58.420851562685613     
   18.899634628623687        24.215030535384710       -70.591357806672931     
   17.453204716694980        34.656164690292449       -78.380605225883656     
   7.8394376671050612        44.159765609255572       -78.409671385799228     
   3.7901753863321268        57.237411157046324       -84.164920288946860     
   6.6591295101614350        69.797254921534190       -82.242698595234657     
   12.085773893198155        81.144343990022492       -82.311358460728727     
   19.035965100005292        88.964705373053519       -79.674645249643149     
   29.511107964478551        94.791525081566178       -74.440663898697210     
   41.602976222146040        95.392702863518693       -73.648441457051376     
   49.295253002411940        86.046747239124329       -77.679623218961424     
   55.743057483835088        74.224461620943003       -83.975723326010069     
   47.156442816277206        63.102330456457835       -85.595067674097379     
