   54.548618392702210        55.592738401394818       -82.069859396142533     
   42.520787404800544        52.268131366883487       -89.202348274077721     
   31.937543498639911        46.215408491539826       -89.965317188954188     
   25.109088083586737        45.184850453316713       -79.948091851913929     
   21.500284491383820        36.562038306651431       -68.840711532977252     
   25.028307185251862        27.591441532424419       -57.256828379040101     
   32.896432084231016        16.681460202016950       -52.766691507789439     
   46.507883713075174        8.2448379555462079       -48.838508792463621     
   48.183107430902488        2.4834162851608230       -39.174173480455707     
   36.895245712734621        5.0995654390468124       -35.294983789237662     
   25.844732017504704        8.1898394181768186       -35.547508484346999     
   22.177216033336553        14.457462393873801       -44.434361870746564     
   23.335070733588537        18.583406311442740       -55.815105292837266     
   34.405136055368772        23.440038405904875       -60.553444046505575     
   29.451410920515421        36.605699153902002       -65.955053405976813     
   20.114527134915591        45.242160795066859       -74.091071440112287     
   13.556634280292190        50.593830253124629       -84.485064139085907     
   18.041241164987390        65.996466349541635       -91.038071749758743     
   16.511292301889178        81.348290126010298       -90.490090417719401     
   22.694659491197982        90.922215121686136       -82.765696042795966     
   34.927233163934822        93.163080634495060       -78.611229368578094     
   51.233964778883752        95.122518037457198       -75.445332029700964     
   59.080922555104401        87.439128341861490       -73.239074012004806     
   62.599680425103145        75.064569551272356       -66.820064716285813     
   63.282348397381838        61.354417911767527       -74.441227464008534     
