   55.267570810111415        63.556477362703141       -93.253091980500017     
   41.826364280130377        57.258360353171838       -92.274920619813670     
   29.183021299863988        52.237926540726107       -90.256810716824035     
   22.701481891404097        41.651555648745230       -86.442317971029624     
   23.317610279672603        36.756596098891947       -73.223142406370556     
   21.780174638320336        31.070760517204665       -59.744941473576120     
   25.096651234305948        21.508679940007905       -49.080437259471317     
   27.360441520460547        10.685611646999062       -40.975273192864840     
   37.704360748973329        3.2508774425416740       -32.885594072318426     
   38.061803287657845        11.185772150225525       -32.708735461307278     
   30.036830120872796        21.020143855472593       -34.588562711436815     
   23.395353522780681        22.961893205711323       -42.423210986909453     
   19.877589892813567        23.513084120518176       -53.555442230990629     
   22.597821931731445        25.841304828975549       -64.573678376942908     
   27.030782810773331        35.415654256899089       -68.545862472507622     
   18.964756401929545        41.131259325450216       -75.456353160664037     
   18.625324296429206        47.109600566395201       -88.275596640991921     
   22.268753003868468        62.831518529406992       -91.377552530533535     
   23.255319639166437        77.360364061357572       -88.555918419189496     
   26.018479135748542        89.180604913699085       -80.924259210945763     
   35.553712753911292        95.738252946351295       -73.631157152847877     
   48.063159601385692        97.791666710496358       -71.599789145341802     
   56.131927639832767        89.512713482127268       -71.422987335868356     
   61.362348347531650        79.730702952455673       -74.950281401293310     
   60.675258633903297        69.282700734501688       -83.711667389982594     
