   48.144131937265684        66.915522436058581       -95.869492935582471     
   43.105838693020310        59.511668378527105       -88.940936838451819     
   30.915767388075402        50.713876664543342       -79.251930467458777     
   21.432743459404787        40.804539359277840       -79.277343589938980     
   21.466535922828584        30.264878679387706       -76.505802505701482     
   17.005058067672582        23.039998422930143       -64.937888964210089     
   18.343648360241492        21.317687502977236       -53.490006675990450     
   23.203023710681567        13.225204870985639       -42.174192192699657     
   27.116979699601728        1.4421342375029531       -31.380079712638366     
   34.254380444908264        12.845251755877605       -24.260866456714403     
   23.936864489444456        18.799330211590615       -36.009684940330494     
   16.979747910628287        10.671438737983912       -47.428510934187479     
   20.583625014771751        16.152323427627270       -59.060248838979646     
   24.697174330989380        21.888152748115356       -65.524283948365493     
   26.073058085023433        38.374954109411526       -73.001433778561974     
   17.314044406623601        45.833766051456912       -81.832973844381257     
   16.513419436906034        54.782273466194511       -90.872676326788465     
   16.744024681506602        65.212397446561184       -91.784295833398303     
   14.039822875051234        77.679655022850170       -89.927565433715415     
   12.578710478390434        89.050548354814623       -90.472056841922196     
   20.677819079906257        96.543029686735210       -89.813428306702008     
   33.955444994518970        102.69809783438399       -90.241730904813579     
   47.708979319635432        98.455683478748099       -94.894441770394280     
   52.718584809546819        87.457064203541719       -99.093073193618622     
   53.319511062967010        76.882314472176702       -101.94300754862935     
