   47.476908175031774        66.974737723095103       -86.694983096544647     
   37.476747498945699        54.464834112122944       -88.222861392763292     
   30.403404541960143        45.005833809574092       -88.862451249363446     
   22.528526474298921        39.639362447831836       -88.382291969935977     
   18.689576408809099        28.846585431763884       -80.783394978900347     
   9.5635861821076187        27.358763029976686       -71.603122420356442     
   7.6739455730289450        26.684453912718020       -62.528070344215067     
   12.556907231946424        24.819503671939778       -50.336516892482948     
   13.704713826534991        20.526364550661931       -36.496769271398932     
   5.3869337310653087        12.768216213692122       -30.525054172976063     
 -0.34802376059394513        10.972356825646235       -37.782538466369679     
   4.3235465782627802        14.404379793208760       -49.315777310118676     
   15.328480570789820        23.353383622653059       -46.274260484983721     
   27.751753186078254        31.031324666083922       -51.047122547762548     
   25.098451738074836        39.012625118934494       -63.719053095071033     
   23.822542225342811        40.417285830539193       -79.813068811816223     
   14.855545718490575        49.892047279292619       -81.466263271896764     
   16.824320962619964        62.069066065658724       -86.223071795573205     
   23.332684675960479        68.770645033044531       -96.226911380742152     
   23.842524529568351        76.855129891771554       -100.68177577112802     
   28.936749090140935        87.327472700157017       -104.14340022904710     
   41.004885821062572        94.795249366018368       -106.45954002383709     
   50.915610956696177        89.416770330652298       -98.236650928162106     
   58.383037943595170        86.091317683367336       -91.275637095521546     
   57.098119276517494        79.751609198080615       -83.266715265295915     
