   48.840392413085759        62.494631579144688       -83.831437993177104     
   42.394045371786326        55.241406895718193       -75.020259694269200     
   31.677370404149791        54.318081413618664       -79.889296630951023     
   20.440459887922898        47.605694381356585       -80.563008065660895     
   15.739464197343633        36.631952596025030       -81.371584614561542     
   9.8283801742762300        32.664077211695840       -73.191705262446291     
   7.1307985220204735        34.012514071635515       -60.132134944650915     
   1.4247744710776957        37.694512794159394       -46.907264382065684     
  -4.3431286656026833        38.254391830418946       -31.859959617287934     
  -14.009692740366219        31.371566456061082       -28.025029755648898     
  -16.088911420939890        18.432680675325486       -33.920216213298751     
  -6.3908467866446328        16.857954369615065       -42.046871416320599     
   7.6699309292763269        23.726805790300386       -44.498538417977279     
   17.814458845271020        33.680722789340990       -49.039230557640295     
   18.939714343097762        34.617570275595760       -60.518114677356188     
   17.300927424232707        35.951420188178894       -75.284742205827740     
   11.889561865090370        42.135112483052467       -84.555978488781349     
   8.0533223588961285        48.435214042390470       -98.340994100024488     
   17.005252605408771        52.521962673154810       -106.98809676004412     
   27.324900624059829        59.275070085783078       -117.12502838671372     
   34.550449993648371        67.730545170195342       -122.37016107575532     
   45.524489482793435        80.414068806070958       -117.83941735214754     
   46.106185548958798        85.255125973964866       -109.09318495156310     
   52.500500979264451        85.076392307722983       -95.996472564980621     
   55.829403642792379        73.979687654060470       -91.112270193264692     
