   107.74619073336329        131.07693124259379        49.489964473417515     
   110.68746150267562        140.56368579114888        47.463145915521274     
   111.01024575126004        145.89787455544447        41.575547909510625     
   112.33430127248559        153.72995606809079        37.044384002925433     
   120.15866096138703        162.82713942746500        33.940193056509671     
   126.70309244264104        168.51378642958724        31.910278881130200     
   137.91300542511078        168.88524869985116        28.751231397221176     
   146.99086909484788        173.04214728710704        23.061393559628499     
   150.08687966433993        178.58758593988864        16.419271384514332     
   158.14108716094609        183.93428918247000        9.1507939963081419     
   161.26683795679529        191.70046690670102        3.0933500859723257     
   159.23885506599970        193.29120863405140       -6.6275363486056778     
   159.23622044689603        186.88436117939429       -15.123942526929911     
   155.69090749429003        181.85524094502006       -21.551646271559786     
   154.04076282518199        176.12530475680660       -27.845483546987275     
   149.25339621046871        171.10592228266333       -31.895647113221571     
   140.09811521414380        170.10249292375434       -32.296786386949556     
   132.97131093744704        169.44265605340675       -30.372832020791382     
   123.75374933259604        167.48343795746030       -28.895900594779455     
   113.70446175391230        169.96584256863767       -29.561982232004283     
   104.68163108577069        167.09821494255141       -33.751131118735259     
   97.477795010685384        164.54430700124902       -38.397701358737173     
   98.189810908854554        159.02677852042825       -47.918259456163632     
   94.559298483147060        151.52332895604923       -54.768598573553348     
   86.550000599762669        146.21971456930814       -60.808421541081636     
   79.626759584071536        141.84241800049685       -61.314570546295343     
   70.042768991489112        141.30080619367374       -63.679232777414164     
   61.592019758910240        143.58885969067020       -66.289542322986492     
   51.711267312525237        143.66159710502345       -65.044404654821307     
   43.188015533110551        144.99638164702807       -62.749194825490605     
   35.664851998650803        141.61665359396090       -54.627456556045622     
   27.971621840965902        133.41902884328650       -48.661422753543803     
   20.683720382425811        129.28851138159561       -52.118749013877817     
   11.612899043001390        126.94837611594495       -52.527895354055886     
   2.2769505987232943        125.91931665723075       -47.577689719669742     
  -5.7850903283250679        129.56078743460321       -44.998916375061626     
  -14.764071181128442        130.54818785954305       -39.795578329614045     
  -23.164100703434858        132.54931864524053       -35.393998407039973     
  -25.694902116366958        143.09611703226102       -29.437618433981655     
  -26.260843254399401        153.19807676193855       -30.265952482804188     
  -29.560286944131843        163.25315607564849       -27.704940926181884     
  -34.502679747401181        170.40363178709032       -25.583867115565141     
  -41.728513238125082        172.58850966696173       -20.195701611084182     
  -49.227748513488280        163.65279260742997       -20.456701598893158     
  -48.865666434814031        155.64849436817050       -22.116518038711874     
  -44.270617148518497        144.75057506476310       -27.459411092924281     
  -41.776377155772487        133.94348403696560       -29.602625023465972     
  -40.556156992575183        126.00827366273113       -25.446331741601934     
  -38.150739301790928        116.59865600122173       -27.121996224140762     
  -35.750384559314561        105.13902825387544       -26.227635215587192     
  -36.240112509956788        95.508154584194699       -25.770340928984901     
  -35.243950627336119        89.925367965229611       -17.854734438247188     
  -37.864139270959740        86.223115888366976       -11.510746056547472     
  -40.863933428155221        83.053911709921437       -2.6042113949323458     
  -45.133475305400808        74.559056022239332        3.6978188323811549     
  -45.004846056998126        63.868519496225368        3.8278710856238831     
  -39.556959265133031        54.090355387328707        2.3321164620420642     
  -35.085667379891902        46.719822533382541        2.2259285585362418     
  -34.118108338510488        39.613955343195038        4.1206860397697609     
  -30.491260612795621        31.057030626712585        8.3973114660793424     
  -33.553996809663197        25.152550809277194        18.773712850915793     
  -37.908507458513668        21.574058198079307        28.623667998584811     
  -33.294837804260617        17.527842142987122        31.714351982641606     
  -27.238640093385893        9.7619059455600556        34.925947633452175     
  -26.286557052398354        1.7330839262780999        38.988485196132999     
  -25.854528792461121       -6.7906108517440469        44.682424956634136     
  -25.141772044335244       -13.515248665775646        41.726355350447598     
  -24.063461634362312       -21.228716737273867        33.351996446115379     
  -24.058308133267317       -24.774754398175023        28.813276062202963     
  -24.818785862208745       -22.697352811049981        20.740962182484033     
  -22.091622297064422       -17.165999122981322        13.010948105463109     
  -19.127382293668663       -10.528509387198955        8.8058595761745622     
  -15.195534740780532       -3.1699607251391315        3.6331123288737954     
  -8.9704830365856409        2.4282609526083681        3.2357505787004541     
  -8.9934233725764656        12.088825458374572        5.5151547781693493     
  -10.596357272323912        19.911804477229506        5.3326483874927399     
  -12.562776405580333        30.599652387863287        6.6720299057440027     
  -17.692416712294317        34.385846542972750        11.079739312242726     
  -20.930519357587450        39.337226950595067        15.039942629920628     
  -22.261974041471777        39.339824382501980        27.164753771727383     
  -18.916063722768406        38.204626940531654        35.770242109528660     
  -10.449777775589453        40.936842024701285        43.756850642096538     
  -1.0674784204226371        46.897273896020288        48.521147773122536     
   7.3193253061127628        49.818207813779360        51.385466247890442     
   16.400809065027598        49.024782795247297        51.174767922525596     
   24.588685747004224        47.794638744589236        45.209013747840139     
   31.433650201112130        44.871406985096336        38.266884711832276     
   38.899813352219610        44.318176133833688        31.959398219297842     
   48.095024807145698        43.460553626268350        33.470686517334485     
   57.019398972319301        43.081793608132152        35.208895274383991     
   62.504459548407695        46.545445501285926        38.855446251364427     
   70.052586220416615        53.714549431263272        41.913047708271748     
   73.438223560170570        63.501440499756377        44.276080336510262     
   78.762302443579188        71.097011939538916        43.987821270378525     
   85.659265174546036        78.585560056987276        44.082786341562205     
   93.350864128880673        86.232588858946016        44.847119200067119     
   94.814023548779147        96.475699350289162        46.120445962103084     
   94.426554525787125        105.78631026972218        45.047040535493345     
   95.921878146085817        114.96150124291103        47.377749557820586     
   98.727696433076275        122.48240984720670        51.039986363132222     
