   47.610619922333129        67.073486717682783       -80.973532274908322     
   33.500377036318646        59.750755739221333       -84.185194632915241     
   24.711756553772048        52.976317358317047       -88.817948347636076     
   14.996058876387647        40.924354673561616       -90.752581885323437     
   10.631855661059543        30.730603699441843       -83.450068709619302     
   8.1719505481165289        29.390403654585590       -71.801838734099732     
   6.6187125317222923        27.849081241553822       -57.745972156057661     
   5.5043086624542399        34.767178391979208       -47.986044013923618     
   9.5034165502567429        44.922095533017455       -38.959471014521625     
   8.7192995948004040        48.997336718433836       -29.649644574922533     
   2.5423346347437272        35.402983218150851       -31.756636757531091     
   4.6911983833901454        28.782482505099427       -39.079247209133548     
   3.3317927105100447        19.513730585265112       -45.849320128631106     
   10.865757948790680        20.805734427842996       -57.082801497558165     
   9.0390344507420899        29.930119927945018       -66.015225248394970     
   5.7443809972525868        35.823570803743110       -78.050206095260890     
   6.6369540901540161        44.483201045733345       -88.401496955540324     
   10.698373558367177        47.988462479363740       -97.063858028651424     
   18.819979192614444        52.297163618832556       -105.30232085106833     
   27.800929700315795        60.000646489555400       -117.65588869139627     
   31.037054590561517        69.531953525818366       -120.44642869333927     
   39.120448819613294        83.711889492980504       -119.51957301303133     
   45.661318484139876        84.062461927831620       -108.22148426115534     
   50.693432266537528        85.776208722073875       -97.420312882798044     
   55.991784473416374        76.044312781665596       -85.187809699672115     
