   27.234493618313877       -16.442012387943006        43.668267110833845     
   26.285811762193298       -6.3701746961651660        49.627098604385353     
   18.322151527582751       -4.7413339109595776E-002   56.871233430862901     
   9.3795700189684830       -9.0762669351614012        56.499229065007057     
   21.352496745965006       -13.702721428343896        52.862098264023047     
   31.651689064893297       -13.959181712475251        46.728689494196509     
   33.590186082564458       -16.298041311373904        34.121558445487288     
   33.611536872822398       -17.442955445204429        18.639137855259733     
   24.630960937297843       -16.636049083136349        13.431819842326334     
   19.660039552643237       -28.409362825745738        16.967526983874208     
   28.655845718175510       -41.155208752018140        21.743560856277337     
   39.565839522999930       -43.294187349882044        26.321634009423839     
   42.182439997671082       -35.159179824052323        32.762264736331844     
   37.058452348437299       -25.595472682891959        32.956698522896296     
   27.826144119756570       -15.861139925415120        28.669186190033013     
   29.750544576481023       -7.1317553299982466        26.633979794012859     
   37.747970536468749       -6.5266347849241759        17.189471952610251     
   46.939868148784257       -8.0464152608848032        5.8690747369822578     
   56.867350914770022       -14.044104597843827       -1.0984704711672442     
   68.271103522527696       -19.886971588679252        3.3036581493904218     
   67.635984621328859       -29.437630760144334        13.154491225698598     
   58.197134141976598       -30.256235400503002        19.272745588777774     
   49.843694559274127       -34.014144916284387        24.812824305438369     
   42.436137702241155       -35.664730184975092        37.156243331631394     
   33.838898841095585       -27.310159980982483        44.815661032968087     
