   27.135350657945001       -18.000150402923705        39.231076597239358     
   29.243452213891452       -4.5816172094475620        40.829686814197068     
   31.312362253269914        8.4367301818339655        50.142248979095974     
   23.961494331605344        4.7372634679938903        58.667846211315229     
   35.473209370281040      -0.96601596584928906        57.521208872966817     
   39.835908675115775       0.92657171440563091        47.345036934531031     
   43.101975513468979       -2.4389426437256745        35.417771614781941     
   38.119628221867430       -8.5736174774646248        21.430717966989075     
   30.576389305777418       -18.330423530665641        11.795376383087046     
   17.041100002860059       -26.448412801117332        14.364176364650506     
   4.8684153960343730       -37.037517973984734        16.170602220439463     
   8.9544265493463886       -47.929043670100228        19.779108367597679     
   21.176989549683050       -48.592990333513939        20.545247250528973     
   26.691840928661371       -40.413234157514367        23.318274753298201     
   29.521558815771723       -23.833794955261499        23.141580503120984     
   32.114766591605914       -4.6136588824923983        18.290886937160852     
   40.946151179994047       -5.7452507599209772        7.5624354202410453     
   48.846245661790142       -10.037884137087403        2.8069831530844609     
   56.271511858267580       -16.399810983752108       -5.9108572012137222     
   62.417912480944288       -23.809460702463593       -6.6402272302871452     
   64.995552086975209       -31.927544104336093        4.4211418398320532     
   55.869918458602058       -37.049452778672304        14.006893424683961     
   45.217597667594134       -36.634283743290659        19.822624022038667     
   36.441135068452922       -35.673352465144255        28.571084335861325     
   26.632094770909674       -28.024923679292119        32.592591220998521     
