   26.008717155187075       -3.0191632451078836        30.257064067116154     
   21.814644332100720        1.2704009109374885        38.280675967215387     
   16.896919078738463       -3.7039752191729312        49.984185982893287     
   22.409645943183836       -12.601533963903556        61.138221267264321     
   30.645401762023543       -16.448955237376644        53.445118864013594     
   29.910637951066857       -8.2015035835289627        42.547135427715816     
   31.722946334020680       -7.5810175351587619        29.289257815011180     
   34.241518642769641       -12.372342766316773        14.004656855193756     
   24.634030874864663       -15.893640215975807        7.3541386402914215     
   16.457543119366701       -21.288132409864669        10.347858731725118     
   5.5139454302951076       -20.319010213568561        13.948458642639190     
   2.8585448687505561       -25.539019191636964        22.173450642568206     
   12.192961451140116       -36.310654452509816        23.599226759505754     
   19.685534105603356       -25.626448253589910        23.298487126535534     
   14.835809680566024       -11.204883330734479        18.645540701572948     
   18.654878404267958       -1.9669864222245101        11.014831970723144     
   28.922705814536744       -2.7434392795499378        3.5686959331456922     
   39.043075659591743       -8.3633024127582498       -4.6270920708654035     
   47.393783024009942       -15.496241847360768       -4.9410218161628228     
   54.282130380303585       -27.404565540154678       -5.9945930764699078     
   60.665370864208541       -34.050893872004849        2.0537278340401670     
   55.267867008396983       -33.263896785336499        10.073318636808379     
   50.638813373771860       -28.836465749912552        21.024998098852478     
   45.193435339941495       -19.328091804482060        25.234966885528145     
   32.116626807984879       -11.418439037311551        24.998356440797281     
