   33.696822717621714        3.0910439699182120        45.043176208861226     
   29.520258601844066        17.954708951396640        47.686983970604359     
   24.032134676940519        16.429283877161797        48.374112773636902     
   19.683604438911345        2.0310123876703363        54.053977668414582     
   28.113633306568396       -10.865000426787274        50.738904254854369     
   34.726573676666057       -14.391010378596862        39.757605987340703     
   34.746882596743070       -18.523765913730752        24.400537848863564     
   24.425766149760111       -20.614087710057468        12.349227972599433     
   11.998439368210628       -28.099333321530487        9.7766941548451634     
   1.0716333988530151       -28.520645718029598        12.702093455962864     
  -11.683430247317951       -26.716312766192143        16.640100759583486     
  -19.968891618366627       -21.134264000254952        28.983540079971242     
  -23.301448791905791       -9.8766779092495209        36.237693073227696     
  -19.719451726036230       -3.2253315811511145        27.906854086197040     
  -10.747498555556078       -10.805685211274156        17.644492147744462     
  -3.1300849788179845       -8.7606528000129291        4.1622803670765114     
   12.683099208438687       -10.667669179882795       -2.5135005063067015     
   22.228835135966548       -9.4261476822819734       -5.3878237433395952     
   31.926843983984650       -17.010012476347672       -4.7776774770480390     
   35.528508000509973       -28.095723259477989       -1.9097361551868941     
   31.464421141220697       -36.152034570877305        6.5414969903377971     
   26.236303201883107       -27.008933117708917        13.823300780007949     
   21.431771159122597       -19.639700499747434        23.867741723924976     
   23.909227236461152       -11.143882350484057        30.683131440519968     
   27.064423416146518       -7.1561630374272385        39.402385225715207     
