   39.659099815008162        16.279619107877892        33.908045959310755     
   38.291977013664933        24.898462576045635        43.190432057948570     
   31.368636480705597        19.028781269599339        50.228124020287574     
   29.745043346088021        8.6178683808238752        53.724493944209847     
   36.750622611729689       0.12403474006580950        50.079185866831516     
   39.581836651671445       -9.4957276720908279        38.617585176104406     
   35.808054305329108       -15.253664174940832        23.245828098876558     
   25.328490994336445       -18.171356121511160        14.985991190301361     
   13.702725162650882       -25.010442073774257        15.190131893510358     
   3.9282921631383036       -27.399493619706639        14.556818977459040     
  -7.7437459721752218       -23.371334288964125        12.566518118311071     
  -22.270713741659897       -14.808097285755622        12.892659414953995     
  -27.629992720835801       -5.9186897205699003        17.451784861572079     
  -18.358439749170998        5.4385263623887576        15.902788645856029     
  -5.8578887231636072        8.7404606672216651        12.278585530501996     
   5.2037592061260458        8.5666570035352674        6.3083577723562563     
   13.724159686008395        6.5625954801749282       -1.7880619338767545     
   18.099823455965595       -3.4823634526279528       -13.232957206894733     
   18.094294290180411       -13.900256278099642       -17.291133941698295     
   22.611985635519080       -28.798740360766928       -17.356524987783047     
   32.468692338880977       -31.507448724230670       -7.8425635757264542     
   33.264499528625649       -24.575931413714912        1.6248510923118977     
   30.094426150611007       -23.381339188435859        15.374018096939171     
   30.228774642716424       -12.043751703633964        26.907542485350163     
   35.620073050168472        5.6127244138362107        32.805955789549898     
