   28.977372418672399        13.623249246952982        39.275541925878684     
   34.564526743003888        18.581129902030550        49.939880615278682     
   41.516268195723796        8.5076346138853634        52.686182014071441     
   43.268253742281409       -1.9168858255005379        41.051858662431876     
   44.973406894847301       -8.0025219528718399        28.044372464323320     
   37.726383964810147       -11.796795937556851        12.972122330854287     
   31.296224308656079       -9.7067284334664841        3.3402572086029307     
   18.165083887930880       -15.270754881446699        5.5397339870851914     
   9.4914870703898515       -20.059815192644400        10.694822212848836     
  -1.1397959882077531       -20.872388981847646        12.352523085836545     
  -16.296291826682722       -20.301212500507713        9.3360931176197806     
  -27.940130375593682       -16.367861777012521        11.265968386941227     
  -34.138665665799870       -4.5633457475566255        5.0290377270773927     
  -31.766423085131958        7.1209461197204167       -2.9323691156208742     
  -21.868326270002374        12.009756245320466       -8.6861445465822626     
  -6.8421747767431373        14.683886830532979       -4.2402009520220600     
   3.0975043138616751        6.3641927529398838       0.29373507361817108     
   10.842709644913377       -3.1419224575203573       -5.3300038090678736     
   19.522174843773545       -7.0521355347095156       -12.406466175005930     
   32.274353351599736       -13.202920084912831       -5.3366655766408462     
   38.225243374618010       -23.324567459137455        5.3372053171977809     
   39.535096699270227       -24.677333793116404        18.033752594677452     
   39.245861456374435       -17.498081270254040        26.278182412984428     
   37.162482484027741       -6.6261018104306970        32.021187185790737     
   35.670535809378094        2.6156828880068810        36.117094468934980     
