   47.103062672857156        62.561191298928676       -99.001892462328343     
   32.318285243463613        55.911681038629773       -94.354671849996649     
   16.214065126451338        48.633171123472543       -94.817108280078230     
   11.112606237857646        37.989681926185341       -98.287147062333318     
   5.6860459541437578        30.014443255833228       -93.253748516388313     
  -2.8378092099673444        34.972359378741466       -78.906338847710330     
  -5.2112540889165189        48.669544533653514       -71.187782459338280     
  -8.7655184316160355        64.601931703109074       -71.034383256792864     
  -15.422188902531168        74.021173886698577       -75.380840668020653     
  -30.408756212320711        80.078501701002992       -71.883467020525458     
  -33.689983976387289        66.700576293346586       -72.188942697851886     
  -24.725501846581246        55.712226283936509       -66.387922000610544     
  -10.194070152854225        52.570212787823237       -62.769444912284996     
   1.9379485965009466        45.403821916500902       -57.882567850470856     
   8.7940196462713711        45.237948075660007       -69.522891216633710     
   13.353779650881052        46.871100448852154       -82.188426935942005     
   13.380342596837306        49.085648893465148       -92.025199934142037     
   15.579456818381251        49.612745141539854       -108.97827614282411     
   18.881223042510083        52.665523133015718       -123.78565190409961     
   23.547063315496686        53.411499938820711       -137.88374299897140     
   29.480419527086276        52.872728106382226       -145.44860658690502     
   40.260926544143864        64.912465761885244       -147.20018088926415     
   47.597843931356245        69.922227345481886       -137.67707935350725     
   54.085178148914331        72.023992546280766       -120.72308950079477     
   47.738248953530892        71.366095957430460       -108.02564314970924     
