   43.709808918846342        24.775553230463082        2.3637905262325107     
   44.379174646712599        26.310401409948629       -4.2209662222816844     
   44.509965299310345        17.756202463707126       -13.275149479112356     
   47.751161910070103        6.2750078426750537       -13.108787558886819     
   42.970111898964440       -7.3766340305866711       -11.142376869525986     
   36.588567603349503       -10.283950889197621       -1.8349034159797588     
   24.947628806763241       -14.778563596917840        6.6735556185949516     
   14.629647201967048       -11.452543543768661        12.960995455527510     
  0.56023934606138803       -9.6419552147175214        10.427270425107114     
  -14.665743533148710       -10.206537710992862        15.263735819076409     
  -26.520631029655043       -10.814235988001212        21.572779282548925     
  -35.111707932891491       -6.3054051036973551        10.686139459364554     
  -38.978321015197352       -1.0381695158166522        1.8526924853164797     
  -42.168369778195910        8.4541456550021969       -2.0228352649887458     
  -35.733948908506200        14.112663023047904       -13.249925922265909     
  -23.005236184320609        17.590902131747587       -8.2333488689918362     
  -14.909454543390481        13.212336720427150       -3.7889484920350816     
  -11.495591964677793      -0.56324309543040396       -3.5932676031317614     
  -6.4655593486556056       -13.350197998558306        2.1661203657710706     
   3.0092571948020499       -19.664281043078919        8.6132930524047779     
   14.732675662417833       -25.700109850297661        15.214222051051820     
   30.532472594940071       -19.908723903655535        14.423837227671203     
   35.266240617062408       -6.7663897759202776        11.111595722088895     
   37.169943326717295        5.4291501110695570        14.564710573628396     
   38.343901980369957        16.668121056035925        12.437148029605790     
