   29.847174661325017        14.045417496137487        3.0723993712501043     
   40.634203789306063        11.569018677183941       -5.4437752463274283     
   48.285485342727249        2.0074863055472694       -3.4465706194325696     
   48.839725329364626       -4.4539421439434310        6.0074242234066517     
   43.580307980221846       -5.8439359059042344        17.970830077213176     
   32.040934783162861       -6.8804693907428884        24.807847068150629     
   22.916124637637193       -16.213799386838382        24.023212052058302     
   12.329768272134560       -21.824742654239042        13.162527931623107     
 -0.38664103377515902       -18.622940816916120        5.5725041742691053     
  -13.235966420213833       -17.028428472938351        2.6162890414893045     
  -23.121639078217136       -14.555207350247130       -2.0935646731070365     
  -31.652810067046687       -12.701190890774328       -11.889481122901248     
  -28.278345105100996       -6.3782884751602849       -21.562829766273044     
  -26.289718010394793        7.1058277823536224       -19.314081379218820     
  -24.182183291973878        18.417321354912019       -9.4898976674488882     
  -25.492701592512713        17.567729334814377       0.92945236598782854     
  -20.641458038090168        5.9777177964732910        5.8209640088080974     
  -12.794778543104757       -2.8807157994927417        3.6709857132940833     
  -6.5126351301832752       -11.776465654036912      -0.51863292766968949     
   5.1553222851736384       -14.808332600578346       -3.0192351725229631     
   9.8442392807205437       -21.606577099431199        3.9732638031500040     
   8.0151276875758484       -27.479221147366257        18.896971140782341     
   13.919374296276180       -14.394347575188640        21.413055244236933     
   22.619613948610745       -5.1068607056067608        14.161796141915151     
   23.091134516262382        5.9340444065868327        7.5873037509890189     
