   127.36914134829860        109.42036922295338        40.078829740385444     
   137.52388110534554        111.39304570885238        32.207772200487469     
   141.49365014157738        120.78970254118492        26.814088541934133     
   143.49563916336817        126.11238794157991        21.440613706508348     
   151.18783437423002        130.06151313825256        14.669741589398493     
   158.80620431640224        134.05869962114471        5.0355961703117655     
   163.30244498223360        136.66077767208051       -2.1258777850144908     
   167.69379115116351        144.15884883201474       -6.3649118886125144     
   168.84056112289136        152.66977781405330       -7.5225933361186881     
   173.50847355218198        161.15014415193571       -10.231979730285248     
   172.72254318841908        171.32923678686001       -12.103497167181988     
   164.89177544037872        177.67201709080251       -10.838818236859101     
   153.99315585857582        181.47035893342368       -11.440099892940058     
   145.56692981793969        179.63164494239871       -14.925015032075855     
   137.02365593521526        176.15365779237689       -19.692845336342991     
   130.83344274251348        171.58258018373064       -20.818906837252712     
   121.38264894128547        169.98035834059499       -16.627096457810804     
   116.62818782076192        171.09516981448849       -13.568391792405510     
   108.88840528016641        172.01645754390242       -10.109378377131154     
   98.083676659897435        174.26710880772330       -8.6663556573917973     
   87.472695920363179        169.79202838172660       -10.156862832304556     
   78.962372377754903        164.23709681285388       -12.457347710372877     
   76.217140721494332        166.53069958985697       -21.910394664497606     
   72.661908488865066        164.86661181479408       -31.812739322622800     
   69.046822008298406        165.34140953021156       -42.525095784382003     
   65.798439864845719        160.42169451111138       -51.577964487632748     
   57.981555385047294        158.15993489884139       -56.239752600560507     
   48.491834610870512        156.12217279670830       -57.199852868797734     
   41.625028241702438        148.99777384133984       -61.851806678214182     
   37.441475471338343        141.15830443631239       -61.410637046762353     
   36.174044238940937        133.08898504891326       -60.664480860817321     
   31.850738741210556        122.32684669879123       -61.563938003620315     
   26.544864045901956        118.56518108472554       -65.022024252270114     
   16.862310662268335        117.88655405467938       -68.983308089448286     
   6.5173862413796924        116.19650087613272       -66.618511279934921     
  -1.1874702572062592        120.81344435061322       -63.168839934653029     
  -10.440835152378909        125.32071861429722       -58.068546653168347     
  -18.347852923480168        124.58661690950072       -55.058382761149112     
  -26.043320576571894        130.42942807576259       -55.812463487845584     
  -32.015571837154710        133.36083138407921       -61.955793407693655     
  -35.153305122638116        138.10111121873973       -68.841084546235535     
  -33.871736082253626        136.07610188052774       -80.226633341405005     
  -39.264422625095918        132.25996632259219       -86.437723623125848     
  -44.782505724532513        125.27783585399847       -82.744483309094235     
  -44.579466184446673        119.74711523823197       -76.096550166678654     
  -44.321786501199007        114.78202818779617       -66.892637532827010     
  -42.378843260746876        111.91249938639761       -56.921435350326270     
  -41.236262735563763        109.94544247785687       -48.109063904768647     
  -38.054250547709692        106.50857634294358       -41.838170214601746     
  -35.439569139049468        101.11353634426318       -34.029941653110825     
  -31.146850900350699        94.809528514429843       -26.391466253676050     
  -33.347720167524969        86.344246645709958       -25.681906939309595     
  -35.949012310456268        78.200558387161195       -22.103464338258064     
  -44.438159107587538        75.245925698802779       -15.149602433858561     
  -48.600578849241494        67.417118494113808       -10.974022490317800     
  -48.871441917648632        60.825623513735593       -5.5783487325009427     
  -48.867905555975064        55.440102158445306       -1.7150201732161219     
  -47.170752564332659        49.516980077524522        5.6469548358947090     
  -47.401004186021432        44.811923780365262        12.300238105835632     
  -48.563662575999061        39.231674846060471        22.481011613613404     
  -53.348989264466908        31.166728221418428        29.308351532152866     
  -57.322014120352861        23.562497375400490        36.699513475638255     
  -55.193499314979292        18.902615083647131        41.345811818660692     
  -52.548847450403706        12.576711458433229        49.204240327625023     
  -54.272157098449938        4.4998893941011193        47.955328154709690     
  -60.620457845629275       -3.2106965780400714        49.011449361651657     
  -62.641233241380256       -9.3258755581568664        41.882758021993816     
  -60.382658622812933       -13.981455408248520        32.735827882989526     
  -61.947090351507605       -15.156777856904759        24.442476648350240     
  -57.439800397046874       -14.652843537281655        16.464679036803982     
  -46.862451743182532       -11.702290041001316        12.367012777724053     
  -42.863975844864633       -4.7826581360989460        8.2365470493434181     
  -37.922073316284269       0.51716986027534495        5.7394352175845391     
  -30.022252497874224        4.0777384477316048        4.5716994049687614     
  -25.958448479572752        13.388806885670439        9.0213788653604947     
  -22.540079477063944        18.542354054716348        15.661640224107689     
  -20.693604534218714        26.559127512669399        21.348400417507108     
  -20.052071554758182        31.719511479046155        31.041626164493600     
  -17.207700952124444        35.603410104471600        38.558255488519066     
  -9.6921451677087909        34.956220628740674        45.884366852469419     
  -3.5999579492379938        32.706119212286424        54.999052863786261     
   7.7562330205133438        32.674263786509634        55.233725292140448     
   16.869628583889977        35.375991643814992        57.585741233082317     
   28.107104246967893        36.274267888606886        63.298585412514612     
   34.786745205860377        32.178428188946263        59.551507038969298     
   38.676350732051858        35.089381944213137        50.999623064608407     
   42.989346449982513        37.673234366352254        42.136516756037459     
   45.964002723847443        39.145140380071872        34.125196330389507     
   52.934954371613095        38.894592141188788        25.876494164566534     
   56.498333838078182        41.478583454681143        18.373022590317163     
   64.071902810643266        47.701629480990398        14.106087284633634     
   71.025537446437056        54.949068296269125        14.053022749552861     
   75.534619845490241        62.161101203995415        19.753278296349432     
   80.301193378388106        67.371232866757069        24.351896438835769     
   87.420754914062755        77.713445804053066        28.595806555858360     
   96.203215071554467        84.136438123853921        32.088321859715812     
   99.131482949287943        93.409639148028603        36.300778831061187     
   100.17006523438175        100.79170202117629        36.722652027880073     
   108.08169986200662        106.43326324452947        41.951003334967176     
   117.20393991659857        107.38131953667182        42.466486210730906     
