   26.670488977080620        13.748386547548243        2.9962306708539153     
   28.451634318149562        24.842642537821224        4.7544796623357550     
   31.847925059290766        30.019072856022213        15.880436408611203     
   32.621468255130196        13.417455441061426        19.308623765706010     
   37.122152819886402       0.97986344171033690        15.770255846658426     
   34.091098563024097       -9.8336638922150037        15.055620611846447     
   23.920766419602145       -16.412512843303031        11.476356906055901     
   12.126977805391709       -19.922130475434212        9.1183266725726604     
 -0.34263164538969643       -17.906511181277398        2.7134789136499440     
  -6.1102521247603825       -16.048281877017043       -6.6583388999000892     
  -11.438203177997430       -15.448217741458755       -17.569800871285729     
  -20.784969901883652       -18.550485971938876       -22.799368189552148     
  -27.393279070565306       -5.2093286427255974       -30.557557095834561     
  -23.252767477127691        7.6313842882415655       -32.215857552987778     
  -14.960945195580422        18.660440280718372       -25.769313908686851     
  -3.2039836011433147        20.623524299651066       -18.059139214346576     
  -1.7152948291999803        11.907751726933238       -12.010059205597674     
   1.1749683752880655        1.1067456432099976       -6.8603861386568852     
   1.1211018412868343       -11.955218599835202       -10.264923666100159     
   5.8667081490505320       -18.145999455963935       -8.4050463933412498     
   6.1553147537377573       -22.771308465917105        3.2987164746590256     
   7.6106051031870150       -23.726827872050414        13.846382043215828     
   17.770601949192226       -16.201129723946131        15.144544579773882     
   22.992449192457880       -6.2985541310705679        19.204060874896250     
   24.509257014152791        4.6493573568189355        11.988865726376011     
