   37.998575240531672        22.173430136156316        18.393295146164274     
   36.426774843261995        30.854849568576316        13.383570649400443     
   49.454740926526263        30.763036817885265        8.3328896952504969     
   50.490358100222089        18.986993214052109        8.2577827349001254     
   46.228868334555770        10.764491909557169        8.5499738795194560     
   32.971751177745176        1.5051172478631150        5.2876894973652258     
   20.139853494464358       -4.6614444992747819        2.0167330466992648     
   6.7388381595928921       -6.4925031325305245       -1.9516449634800259     
   4.7703222371241472       -16.821635302664376       -5.9273013579611460     
   5.8471086484210204       -18.714413103473095       -14.199068265666112     
   3.5377338301473449       -13.112472911596505       -22.917757813103773     
   10.528555772794526       -8.7239913763018144       -33.081179929910547     
   14.887029012125318        2.4950781049389787       -29.564338809335553     
   13.486520246571118        12.899540341429578       -21.022992539096876     
   8.9713772543405277        24.246868969240936       -13.556193842552387     
   1.4637868979843927        21.771480307444332       -1.8568858494907836     
   1.7524703967453998        6.6899220205531753        1.6835411135599880     
   3.1847968516940126       -5.0553697586335149       -6.3169805404619614     
   7.1641698389827111       -17.421176340380971       -11.537656812883874     
   15.324567012274102       -17.859483005910910       -10.229169779986600     
   27.570439756642180       -18.685446606689307       -1.6175200755326631     
   28.015217370808003       -15.682007890969615        8.7775120643840960     
   31.677616506952493       -10.599427192702970        18.028338121068849     
   35.296704912702310       -6.6537400613870137        23.743514462599840     
   39.644439378302948        9.6575376831799407        22.448491217916352     
