   31.610438635716079        22.150084128757729        35.987148881597093     
   38.993170931487256        34.909503055630118        33.747433120710369     
   48.212864783306557        30.598955262535735        24.651452345250608     
   37.539721464816175        24.853651305334061        15.491987931736917     
   33.445107695719940        14.625927435701385        7.1444639848136591     
   28.176659933946858        4.3596110526486420        4.3879165309261250     
   22.564188250606620       -6.2948936552203563        9.1952135505000392     
   10.854412367605320       -12.738457033540602        5.8793733510916519     
   5.0573887944079576       -8.7756120203707439       -3.5543627548464793     
  0.46499810539127040       -7.7963212041912877       -16.323619730214681     
  0.13408052021942396       -2.2578028649013975       -26.930519579473806     
   7.2472314122956512       -2.4254813748657162       -41.910550272915245     
   13.112272808764507        8.5571101188068148       -42.869162262761229     
   5.3904782708657883        18.501890862341686       -37.928825268717702     
  -6.2630241635294039        20.904373968588498       -34.930770241621218     
  -16.126421866943428        21.882650829315342       -30.951516740037324     
  -13.282696111012106        9.4024667774732240       -26.284523136813082     
  -2.9041065595481754        3.5363635245284168       -21.635919845158380     
   10.122848093543812       -5.4256644776579614       -18.891380101761303     
   16.330977153128664       -9.5308145307989740       -8.1152837741932959     
   20.610812551822047       -11.845666167234771        2.8028235913485355     
   23.117535269848361       -11.850084008997825        15.086207132036298     
   21.092942250817458       -6.3910094248875771        26.649121277635558     
   20.296793225991927      -0.96826954207102145        37.877677617231562     
   26.143249357304619        7.3073093269312723        37.175433072741448     
