   86.178351561254331        29.531505234663115        51.232336884493314     
   77.535936642741120        31.812294810447209        37.707606337794466     
   64.962660900509590        28.632564956178918        38.187011868509430     
   49.423990341605887        32.020869761742958        34.667881396045438     
   45.626269551148788        41.550254804995788        32.077603431669090     
   41.022104535858780        41.552240134730333        18.739286508916845     
   43.776681715958517        36.957281201917418        9.3947441202617110     
   54.245171465195504        38.836462766223811        2.6057656750811171     
   65.136257145049385        45.565502397919751        7.2348338945822643     
   77.292770534488866        41.850136731297326        5.5023451346058554     
   86.554886072492266        43.509851899863520       -5.0979698134058768     
   77.897666849890172        38.406712396024425       -12.341417649159343     
   63.514712170147085        40.957922815470702       -10.628645067152382     
   59.281734728440377        49.790135061649856       0.23711133242444071     
   52.363713576878261        50.327159939928258        12.893023099824704     
   53.757048950215626        39.902891755657890        20.831827247302513     
   58.848966627984112        28.754969984813574        30.044897071588540     
   59.057835276439477        16.875490849205736        36.097383266135289     
   53.971368953498796        5.1793258914842237        42.650810970433390     
   57.197769752912833       -6.9002464966954733        40.188066354116664     
   66.940227592907817       -9.0839392413372000        41.544499886815821     
   81.539312899132668       -8.0314648816499279        39.674046340530133     
   83.950954432709750       -3.0469541264913138        44.643457207486989     
   85.551109984950301        4.8538972995267375        54.553283999250489     
   87.354521621435794        15.197373007386666        60.342130961849513     
