   84.204274168908412        27.896106415048397        56.207787514712329     
   73.471440057563910        31.767264318615037        54.062389851145042     
   60.658627172018790        30.400334164028457        50.251234837182068     
   49.406754479577756        32.596000740812748        48.428347554066328     
   41.444818737243899        37.860033078457583        39.403082625182911     
   48.031588325408109        38.207061280500163        26.520385338641148     
   53.000574105986047        43.281873846293742        11.872281526970285     
   57.341177745801566        53.047564092950935        2.0932438662981676     
   60.752105648826593        64.062171733986645       -2.7574345845821737     
   63.132717889200968        76.579739037521875       -6.7621663083493075     
   65.521572918489895        69.692072691112173       -20.876640759270572     
   66.260342563582455        57.515901216646796       -19.987321313902314     
   57.701178025531092        52.329590321940358       -11.514611416465369     
   53.677946300304569        51.740101012294332        2.6747393473334267     
   50.050797755976490        53.498123202512154        15.181030617766314     
   52.962982786223598        43.724672779813524        23.223523572147162     
   60.150771783126373        31.578456580250531        26.682702821983710     
   66.227887883161401        20.951700900595728        32.259090461413521     
   68.843027431389459        10.148278406369085        40.253120478307373     
   74.689967110721881        1.5629428675533710        48.549295745147354     
   85.782063081703825       -4.8053217577216465        45.625358756880814     
   97.463037177848221       -2.5410597753466462        37.878279056038416     
   107.69268426635389        3.5254771276892414        36.931055330248839     
   110.44198105590196        16.293631197367059        46.856353716106611     
   96.440810591196893        23.020894740228794        54.486567346904593     
