   83.840129783307148        28.352862524374263        35.757522868568962     
   72.262617548158318        30.673488053600273        39.692373520887713     
   60.597103945896968        29.346048873634789        40.652254412543599     
   49.582494433283074        27.691975929481316        37.283617028159668     
   46.803008175591231        29.246041885157442        25.688273344637413     
   52.656437161520600        33.843516114875840        17.253757749102455     
   65.881827565491221        38.366204131352006        11.896444391777553     
   66.778267002757545        49.056214801937514        6.0620190444857780     
   71.346935762577260        60.372201096411132        2.1753788616246474     
   69.559643740276627        73.304416452687803      -0.97782777213013583     
   57.775325962651458        75.250426908918101       -9.2546653658044598     
   52.268034798607367        64.911482828425704       -14.733540483823234     
   51.482254445946587        50.361063787693482       -8.7238315608418322     
   52.670842993019825        45.857082878838341        1.9979117129893922     
   55.005979765711608        45.236385278850349        17.807268111013599     
   55.172433033583218        37.117939080862648        27.830750764666135     
   56.947574092010157        26.002601245398111        34.342661594509238     
   63.942581221799230        16.903300650569690        40.903035539675685     
   69.922848811853044        9.6064662826048526        49.333569766807678     
   76.456050779920957        7.3945740183401929        59.665513481539797     
   87.330161364166131        3.3977095034325697        63.972464041269482     
   99.031977133689281        2.3638145144704263        54.817763945071441     
   108.51236482236679        5.5717306457134814        44.217796118839757     
   107.91370972761682        17.506185099905764        37.173652807448740     
   97.366007846519295        22.887108471221403        35.359618671476341     
