   72.309238750264200        4.0517165050534452        42.671160720863007     
   70.153098353224550        14.718479752492907        41.323504356406616     
   70.405946102077024        30.572136930981671        44.204631465756449     
   55.631026010338147        37.381575925018531        41.824919090284055     
   46.837087583636674        36.395429995321997        31.353209610354433     
   50.070897121368027        32.582479840879195        18.513835451160045     
   54.965994277535941        30.256939334551237        6.0367432249017812     
   65.734739544274603        31.718247512569370       -3.5796234710402830     
   69.282884717605768        25.309109404929970       -12.712712752543391     
   66.402529613070996        27.497776235009287       -20.339812853483192     
   59.442091634357659        31.484365313731523       -26.145022943725863     
   54.216644289541840        42.945009404150021       -20.641002957015104     
   49.410065494542202        48.797924880390589       -9.2305367053014376     
   46.582769504429116        52.416637221131545        3.6859897711373950     
   48.388870311986565        49.654224133708198        15.456354432950219     
   53.958229675912754        40.321897112791312        23.348699559872813     
   52.481852136147168        28.971459407518260        33.886013269117427     
   55.275202537449040        19.916976284325337        41.006617685143738     
   61.284179772202016        10.543352483781840        52.161183827417155     
   71.818579527423779       0.76427128830851498        56.472738428669494     
   84.289021148998657       -10.267253639094031        56.452438834374298     
   96.582975874673309       -10.864581752126668        50.632807373048941     
   99.963930334594480       -16.487022026466949        41.825457595853720     
   91.652782458145865       -10.731108294162004        35.442805527232252     
   82.368518124669876       -5.4637751010878270        41.284375104073071     
