   73.701753431907548        3.6307293778615795        23.120150509549212     
   67.403366197023090        11.925322543347370        31.303052282972615     
   53.863967112893761        14.777830297536969        39.037991271605776     
   45.885183349222800        16.005288816541650        29.169153781553533     
   43.786472056528829        23.295063384395579        18.867612830854824     
   52.129658474784208        27.210984859920217        11.157680699559391     
   62.017243712189327        33.229465861385314        8.6449778625142901     
   72.389726367737126        41.776430787077530      -0.85221235203341661     
   75.654624843225662        29.248823433915060       -6.1261158765647741     
   64.938691129857347        17.049421359997314       -6.7056746797817555     
   56.032223743025575        24.425756047628628       -13.219779379342057     
   43.437290193937081        31.984707546012181       -16.055539228881806     
   48.608485184176430        42.278739236243695       -5.6649490948526466     
   52.089010289732727        41.163685596878594        6.9109563972797705     
   56.642027008874258        35.795442894189485        17.193785935285312     
   57.006963470873934        25.757573846432297        27.225303161273459     
   51.725501369442384        13.268767723581655        28.554527917777321     
   58.070872734248525        4.6321459500581099        36.225525758131319     
   62.888359736490386       -3.9133112429434296        38.467982628349219     
   69.604097574889266       -12.394143443978166        43.948675051628435     
   78.640876736767154       -21.535674129770328        46.233591636129937     
   83.035563710608557       -24.452237440219047        40.825101940814640     
   86.547241206557530       -22.889952910231198        28.190008967800239     
   85.771495143101774       -16.095220434210603        21.327379914775598     
   77.704256507434224       -8.8943744024799223        16.551664534776219     
