   204.96508107868507        179.11126275594535        83.584861906727269     
   202.83799561531330        182.63233420641959        72.821940986517518     
   209.14623569948938        183.26335358039907        67.436536232534067     
   215.56581925248005        184.16944591846581        59.533010530410976     
   216.43474347253490        187.52258321262278        52.816622117692610     
   215.91463960943685        192.05646895563086        44.093629051418198     
   211.88372461019696        194.03760020539363        34.256435828647781     
   205.44695416952803        194.44898593717147        29.549785142207185     
   198.02754922207862        193.66501654719730        26.122684624048532     
   189.44704703220756        193.91625063099914        20.251754515883452     
   181.40268392705900        195.96609637542903        21.888939050218404     
   174.51534691899730        199.60139948211028        17.149018926403336     
   170.75958511638589        204.53052832821498        8.6864221467974350     
   166.88138161679902        208.98211995974566       0.58246849389879507     
   158.20534435620607        212.67366043082077       -6.4370251499617295     
   150.67927798161699        215.13777063023701       -13.568542704582697     
   145.69027800082819        218.10989107920707       -21.883540280949550     
   143.01639516413061        216.41431180611744       -31.704953257939035     
   138.69870408173739        218.50046135806082       -42.797720464733814     
   137.22084391632029        221.78611696278520       -52.155307526680630     
   130.42950542024550        227.36379342385229       -60.571286297212971     
   126.17471849091991        230.91688600296979       -69.159557815364835     
   120.64390976354181        230.24244440110866       -76.147379970969467     
   113.79772983023818        226.53005969216059       -84.344309388353821     
   103.52532046752361        224.72507978407955       -83.617260417856585     
   94.838096085076941        224.34187383788100       -78.483658122793457     
   88.181001762223019        226.12672834600568       -74.979938178083600     
   81.443445575917110        222.81271810762388       -72.706506853999585     
   72.756054180642366        215.54004898720117       -71.285337957261859     
   64.148720682389197        214.75320605178067       -68.122070685484402     
   57.527363491680106        222.42085713161609       -66.991086307469430     
   50.846961698994932        229.01703904749610       -62.943098869009994     
   43.464710114337329        237.99589055367684       -60.751936933585966     
   36.823159792813001        237.35969122191577       -55.569251666850747     
   30.211346105044402        229.73282475089187       -51.131564846152571     
   26.837914576882575        224.46871610445316       -44.152199453353958     
   25.987624540227870        218.35808505036144       -35.467475076361879     
   22.807542924086476        211.91270292401924       -29.643723008172699     
   22.068150130232485        204.14617039012475       -26.093704295592850     
   28.575636280529245        197.04240267700288       -28.129346389585027     
   36.707717800350558        196.99067389636170       -33.650160399917546     
   47.193645158665817        199.90722941350469       -35.946361796310157     
   55.710312952261958        201.73588116296463       -34.786282908085546     
   62.647029474608118        208.22950254596805       -30.138398396472191     
   67.116227490971895        217.04097456459749       -26.975781019218132     
   70.128737690226387        226.52782677449360       -25.132878867162436     
   72.582150730338824        233.75877424559772       -23.570422908291700     
   75.901991949966956        245.48482190977703       -25.150185407218057     
   80.127379799035765        255.27247984644436       -24.017469902400087     
   89.130390511105318        260.25864162472777       -20.493722581953396     
   96.524008415470846        262.52035708970595       -14.236214283781928     
   100.39841181944122        261.62729525325119       -5.0738268979168950     
   101.83533317913098        264.77835105032494        2.5847635723376028     
   105.45893074526808        265.80679748751322        13.024401942832625     
   104.42331046561578        260.37658545871614        21.818498948404635     
   106.30148637890622        250.80132311230838        24.685582079946666     
   102.09057330065981        241.86508098054122        27.415256148451093     
   95.111567710275139        233.37443481027415        28.715932041895432     
   95.130141075848456        225.02887272459859        26.191472919060370     
   100.07639686206188        217.10756406234188        19.089278200022950     
   106.16106986392302        213.74481969415007        19.659028716970788     
   117.41541587372950        211.03245859098413        22.551578991652956     
   122.87057998428813        208.14292167484581        28.304238167611310     
   130.80075249461729        204.96499986185108        33.268296621941822     
   138.43336802590983        202.60412961193094        36.046889756931677     
   145.83036113855255        201.95064287828791        37.492688918074876     
   155.41202624979829        202.80619126893180        38.480305849162662     
   164.58708430266191        205.83822506430744        33.194176782627082     
   174.87691357631238        202.92233575408173        30.945736407951500     
   182.43983019061284        199.97415593133951        26.405438295693092     
   193.22540918000382        197.29824704143553        21.619399940886225     
   201.46521580437133        198.14957698373289        20.608326407839645     
   209.20046988063805        199.05577014175483        18.511442141977913     
   218.62248621810087        199.56430226716031        18.039511131760470     
   227.65541838930895        199.32869448698912        20.053312155110142     
   237.87976328819332        200.18268388133239        24.170066836766985     
   244.52878499267865        199.95005500674100        32.492935229005688     
   248.34010296094127        197.59554243031667        41.270831992404212     
   248.25281981822138        194.11015904977390        51.793543129730601     
   243.46388189707659        190.88832204542993        57.880390966476185     
   241.80403036638049        183.35604623317542        60.954953016951762     
   235.72182084948048        173.89565596631417        57.964748401758712     
   227.11687940891224        169.16458986282407        55.658117160241943     
   218.76361130439216        168.27595779936522        58.274881160124309     
   211.61758233513885        168.17201723188768        59.145844637147384     
   205.68353844933796        171.95834313253619        57.458968826953637     
   195.62836832501912        173.72026258154565        56.710710681476627     
   188.21756665619662        173.99851242597163        60.481098032431497     
   180.87506436219488        173.29572772975115        62.463662692727524     
   172.55699561780227        175.28443305738105        62.480882992907645     
   164.30244490556851        177.52712875978537        65.357310767526741     
   158.66288955446529        179.29708836890839        73.396633434197597     
   161.83257744736795        178.20315491776520        81.024585538353691     
   163.32687206961586        177.73523718805708        89.045326740574282     
   169.37669280172142        177.40883812296153        94.163439411893421     
   175.93332383182607        175.79025311955064        101.27871506159171     
   184.70384918904384        173.09152692964997        109.06834233329327     
   194.95466755195784        168.60400889761269        107.73392186261019     
   200.09684730598127        175.81793167909089        101.15718047138012     
   202.06319313115381        178.52317406361462        91.761540175379238     
