   74.235618105925965       -1.2476222229572995        24.322906933984882     
   67.898162138905491        12.229943748268139        26.610542119952065     
   61.453266737095660        22.258640954666706        32.341727949854665     
   47.314802450979812        30.249873208862351        28.299904008177784     
   48.064091794755420        33.699099930654917        13.301729399236535     
   53.281882298613148        35.785805372676236        2.5667181832128807     
   61.484377973688616        40.016878860171062       -1.4680520758748175     
   75.242068702689153        36.329712898030373        5.7404718949164977     
   65.812228910025553        27.701359367591184        5.5805290073697877     
   57.904929925264035        24.553632413406014       -1.0609186080178474     
   57.788475239166068        33.398146415140879       -10.227387613166444     
   56.744642676256042        47.040285217120470       -7.7759608181782713     
   50.210885544298698        52.187441534235084       0.51116875352953550     
   45.067046344054880        44.042768881866955        9.7160285649222615     
   51.429347924241057        37.066362996601008        23.745818135781885     
   53.877402940843488        25.291307863320121        27.738478380095337     
   55.978151973664460        14.899200985675533        32.342935225982544     
   58.215724804034437        1.0208801898296844        37.203010793626390     
   64.618450805622800       -11.815797515743075        33.269298483547296     
   70.401055487430369       -21.266100611541241        38.985108759650188     
   82.320637506986913       -26.184191169448525        46.582579640038432     
   96.036333968453008       -24.826919934725261        41.584595875029002     
   103.55040701743154       -23.755698713356409        36.269361455967555     
   97.752389440307468       -14.145763504205082        24.625175532286022     
   84.865927765869372       -9.6336303837582182        16.964532072847447     
