   72.877085502347228       -3.9758897527293131        15.919891021386809     
   74.810897779741751        9.3117352788676229        17.249439169216519     
   75.779438409257068        20.441344517573903        25.758932938201244     
   70.289389482746259        30.711717487434115        28.924314696855706     
   61.286566275184853        39.971616476244364        19.916990572099156     
   59.170479452599693        44.943949043849095        9.6883125114571484     
   58.499018306729575        55.186006118345205        5.0138074600192830     
   62.205511851827808        65.719381771103130        2.5555849208294408     
   68.928407469867750        53.101036856068944       0.66144752834742193     
   63.409179540721773        42.578344785846070       -4.0307132604981311     
   55.554083320763390        37.441074283269920       -4.1864625722853974     
   50.587721826980221        39.568105318306472        3.9747348532472548     
   50.947816551271529        51.293952263456042        10.402176957845491     
   61.771366889261920        48.585508332805588        19.150720215618261     
   68.837708314469111        39.122348262135645        18.806624674495175     
   68.176858557315711        22.934289522558025        23.625151515050213     
   64.068228691696774        12.776483656051802        33.401255196555567     
   63.061626839898487        4.5227048287342733        42.692618904358433     
   64.460754687929821       -11.271464371261391        46.485966857286137     
   62.499938371121473       -29.162644313160950        47.680851965538537     
   58.993834113526709       -39.801228622328281        40.695326576231032     
   56.564578954011040       -40.987400487541748        26.575154390867446     
   56.355318511497146       -35.291308091785972        11.442884223209440     
   59.940446209536788       -25.498500765812384        5.3031681551642782     
   63.230136203221733       -12.826729498836645        8.8694973269404773     
