   58.457383111757338       -3.6705526699162858        26.322541352492962     
   65.777702214373889        6.6371012566967753        22.863798153807284     
   66.958233970922976        17.066430589117914        28.877107167376622     
   61.610225221575035        32.111428185001266        27.456499454585007     
   61.270548883994053        40.675265215509299        12.832732983967679     
   58.927851524203952        45.300532008126318        3.4524887231109700     
   66.155824083533062        56.843533652389205       -5.1150727147481341     
   69.719836450063454        72.632085568892393       -11.159904244026173     
   53.966231536365193        76.842995090057059       -7.5694343561482764     
   49.622450244396106        77.977752991940164        5.0412055051593887     
   48.710857656016920        73.368479943439468        19.116764945545572     
   55.230755945053872        64.317821683595184        19.888207498771056     
   63.613853991729691        53.302785052456755        15.345489889661167     
   66.058499158605542        44.003160842051585        14.236106400385466     
   59.411375777283538        30.842663524306062        17.953418619808794     
   61.263684288511158        21.297247255871415        26.186605814425963     
   68.429258790254707        11.451917936060061        32.500434950617908     
   71.104911776475276       -2.7189369415659379        34.929455741236872     
   66.760492472330299       -16.269765551497962        38.071300140279298     
   56.655837367308244       -26.785821875812829        41.574904924524901     
   50.957140229014456       -39.043693955944015        39.316284748496670     
   40.091515513890499       -35.822101777103448        31.349795968072087     
   35.288921830567382       -24.820427773489129        31.785008586176236     
   37.421702448130382       -17.551036601769418        26.558754869771843     
   45.830067249588438       -9.8723581650760650        22.267819782113904     
