   58.911094565726145       -3.7736600479746576        23.449931249662985     
   64.179059250519416        9.7997490219458481        19.215590936664608     
   66.866772731376642        23.088754011850632        24.152154336675387     
   60.714614245134328        34.947570128726014        24.501700826106024     
   56.965790445602956        46.353168110515711        13.996010202797169     
   51.556846988668489        51.514407828707931        6.2404686234752758     
   51.340602964899496        55.833865500628072       -4.9736871484263236     
   43.298285762051691        62.726145638847456       -7.3282108801854005     
   37.749191236127153        73.958643695191796        1.2153801346531676     
   36.132146272336662        74.122657766308578        11.124766069714573     
   39.095419410209914        65.695086348855838        16.985103026945314     
   50.167087093123186        61.838008462479678        20.344394554306721     
   56.737709948041449        51.985936946119409        22.178391486237654     
   62.507153776733453        38.677818938159056        18.670108216090981     
   62.570732437196902        27.768129116031631        13.587272723326819     
   60.255982367024103        17.160099496136567        18.021465453953791     
   61.329247622694972        9.0392064530906389        30.972779006426073     
   64.333255914626903       -2.8573921841882894        37.795589269232558     
   60.222680027481665       -14.435020322963011        44.657761446676112     
   61.116870642480258       -27.184218145838944        48.520467411561022     
   61.969610499785603       -38.779566962514288        42.379705425536059     
   51.833916741476166       -41.212721818355263        36.643452399945829     
   43.979258988493548       -33.628761298242296        27.940975358496530     
   45.182085429091742       -19.277578469130876        22.646369329515451     
   51.461123121664244       -8.9662074402558538        24.513587166842257     
