   59.192054297793696       -1.0759638278534231        27.528045183994866     
   63.423124790311029        8.4277655990338083        26.147542988580788     
   63.314819215752983        19.872836945515395        30.957692528706385     
   53.087039031763460        29.647902806601802        25.296874129470915     
   48.144049107080811        30.782418689147313        12.430688976327884     
   39.660316621824208        35.856737159634122       0.58576454731508110     
   27.656032141452165        40.190067002471565       -6.0098664684931213     
   23.916975948779772        49.232751658818621        3.7188391181898548     
   31.171556973480055        62.415208958458486        3.1870692268144101     
   35.491134282842268        71.787651396058862        12.999174350763383     
   41.263957610362361        73.085307065141095        24.233975671155349     
   43.673385213947221        60.652026289042354        23.816902028354786     
   50.580299767137546        51.661237402709908        16.863284315622501     
   61.178428615009160        40.975140020143527        16.508687048574899     
   61.605991685871089        31.208765299932772        19.609129475881581     
   60.299642879823544        20.570623226827596        28.063975693518188     
   58.190256057898495        12.892575511043978        37.135897002069093     
   57.500564469158419        7.0869899695054315        49.917088249378423     
   53.700900142271500       -2.4440750430835223        56.720323180798374     
   47.107288733089888       -10.322480425440336        64.396404630424229     
   38.843874629400140       -19.288329339015917        62.814876232978385     
   29.152247588459446       -15.505481290256784        56.685772391521041     
   29.098370966691757       -10.212232485663714        48.551506656401024     
   37.434005568094392       -5.4539121536134187        40.852034982235502     
   48.932749654807388       -4.3943696077137435        34.650806565834564     
