   58.907553967135648       0.20137398446011412        40.198581555577228     
   59.386391148339740        12.180813793588156        38.298236884097292     
   62.050766570811760        18.813570043482112        33.211256307689709     
   59.387890672960381        22.040288237690771        23.062642803250853     
   49.319674224150901        28.992691641754767        13.309340224396699     
   42.339174283326550        33.450862353621105        3.2793208740169790     
   34.724284852505846        43.454697950491123       -1.6899329652398680     
   38.674144128758272        53.776483731699486       -4.5649030075833634     
   47.509408245895607        62.079223546970027       -4.0984379709443353     
   52.754204128157951        72.069351822159604        3.1630646565131570     
   62.554652374247397        71.839882133967038        15.348813339985941     
   66.951417830987438        58.845439766347134        19.409956021824648     
   65.208240802153384        48.294435553579078        19.685194197420518     
   65.007166386605931        35.512916214927898        21.306557009962688     
   64.352308670945760        21.877432633636023        23.264004149819534     
   57.052126066174942        13.973636594423679        27.891070284328830     
   51.028267907608466        10.900699814054484        40.492527596695432     
   44.504179392805057        5.5691761647250333        49.847050002680128     
   45.200754846913441       -1.6058979099863264        62.427991959565432     
   52.125525526983203       -14.135861503828931        66.133908560495570     
   51.622368746519939       -28.532692779754488        61.850168576762265     
   42.965385086146867       -35.199511677857309        58.161764033575928     
   38.526659151663786       -31.520329740213832        47.669479169871046     
   44.986037682110180       -21.769534681309022        40.646631601462758     
   53.964316603491561       -14.800756068079117        37.582097148696029     
