   49.752589957156914       -2.6551953258376089        33.326342723733973     
   56.470062917649983        3.9281529175751824        33.017743233981882     
   58.644755791710871        16.851790519210830        32.987920844124993     
   52.983768918988837        28.773756717892368        28.019183165420074     
   45.203199272582381        31.346030445860372        17.396304222732400     
   44.130083245711234        34.414877424401162        5.9173156599271355     
   48.823380135998782        41.938629709152835       -7.2434341505420869     
   55.676258181228228        57.228512970671822       -4.4997979199397840     
   66.324026447850628        64.015984987476273       -2.1161999862848022     
   74.586811321588726        72.068017292669566       0.93534673306858129     
   72.454622500144993        70.606629955486994        13.825062536428822     
   67.887100960650585        59.102896730005085        15.556922988442395     
   63.834933741497288        46.121953747118916        15.096872664663204     
   55.131545144497977        35.048605883310103        18.037706555684814     
   52.951267376858873        22.410878077591697        21.871497358581493     
   52.608552444349229        10.996166735551546        24.754060458498589     
   53.889812753408421        3.3253311328602524        35.260979557403772     
   53.516419399962842        3.4002462370146622        47.205886780993552     
   50.370510104828888       -1.2373533962106849        63.414959844545393     
   46.004985581743703       -8.8416160853177246        73.958632178988793     
   32.464933366074753       -7.1449865687527927        75.448769093165993     
   23.938226472026315       -3.3806094909342157        71.290002656785177     
   26.248804984241797       -1.2340653927477865        58.846193881963394     
   32.911935344785299       -2.6047480068099653        49.213330288148462     
   38.724844953737559       -8.4592883594210218        38.244019473343606     
