   49.175235378903487        2.1778876413700266        36.625939155843916     
   59.472740124984846        6.4239408476933564        31.826096936025504     
   59.168839121010627        18.240136356439407        32.793896860319613     
   58.651659053882767        30.211417772625637        27.368871401006466     
   46.207606257536348        36.082210613542571        17.578551337583377     
   44.359078749202936        44.272062368957421        7.0325428622612325     
   46.904874566154625        42.916191875511871       -6.1655344949163560     
   56.044955048417911        51.798166326643134       -12.135389609918992     
   63.201440924018513        60.181844860552744       -12.543328379187814     
   69.673929855849963        68.321088330031728       -10.406673670597618     
   59.470362165982714        71.420840244996995        1.6303559524635516     
   56.689078252780583        61.970413249332601        13.325445692760240     
   59.583029920786572        50.870031492540704        15.702213721677108     
   61.325104196728468        36.670247558371230        15.058580060330877     
   60.106269620286412        18.676492840272836        20.509481511268188     
   54.958467717952480        13.471362237401399        28.077336138158977     
   50.634119871522401        4.1226415181453815        38.299685839558819     
   47.702513470696438       -6.1121343440841649        48.024379223752995     
   50.320465442525936       -15.485871493892541        56.554620270639354     
   49.054665548192730       -16.326568415724822        67.790160823955247     
   33.625624004901510       -19.174329134727564        69.725407054689029     
   22.456310631363490       -11.412983570969432        66.067827266411669     
   18.890749017888755       -5.8140655317122691        52.115163219312620     
   25.268739756550584       -2.3409931226426428        41.685547359169149     
   36.295014077342969        3.2449343515953872        36.198246937001748     
