   56.839007195167113        6.7780516679354381        39.812984103420916     
   63.126243314236099        17.133134093487698        34.836149464230616     
   59.874951102309502        22.823869465483579        25.969295910716397     
   56.404062068411172        27.468390569987722        15.453851736429883     
   63.439511791797997        30.802311626776667       -1.0811225901458168     
   70.494379395129471        32.998213562787733       -10.082694113135197     
   74.944392824263815        41.985493089552854       -15.386846886948087     
   81.959227001842066        52.448265185705694       -12.901553861609374     
   87.553567519242620        59.920702430992229       -9.2406752568851438     
   87.903505463154033        71.877819174267572       -3.4070645490299136     
   77.732298503264118        72.254035630121209        2.8715208772560379     
   68.939184796923968        61.943858205722783        9.5045878178763754     
   64.525639624598384        50.129309967518431        11.608679620276966     
   64.796612368884752        35.399676419759146        10.439903207358046     
   60.762800936829763        25.379919472705058        16.722885291998935     
   53.383897477534738        19.464635094933570        27.570955958982015     
   44.847185064789542        11.656285828568574        32.417123230384263     
   43.004478850156246       0.57107051709781853        40.521074130807335     
   40.196746334925763       -6.7864478843655043        53.042757214123270     
   41.305390183751321       -11.258252405574233        61.866825288060987     
   34.555924958456067       -7.0741919557953414        71.337924988623826     
   24.360481370370326       -1.8950505419043244        69.089798268764383     
   23.507349136705301        1.9692800999213371        55.643268368205227     
   29.291705421893685       -1.4056439962570801        43.093301359018298     
   44.342149897798173       0.70486025836360899        37.796849990151017     
