   48.485030069798512        3.3420399784124490        29.739039261950882     
   62.037764328605085        8.3932667410460802        30.244803498585835     
   70.269658859791662        21.946471138970789        31.180475110644473     
   70.040680664595129        32.874739930659246        23.566625485272937     
   69.356212445024397        34.005949402239416        9.8892798523626482     
   66.265965194544336        29.720111260414253       -3.7847061512486193     
   74.340283814636777        35.012778001582362       -15.726054239457847     
   80.639204074153810        45.433036279069135       -18.668587273998391     
   77.355590234197720        54.585915579108587       -12.418962959655031     
   72.394873197450337        63.530976278461303      -0.84489193607714186     
   70.983234948987786        66.886029228290639        6.1110991824415404     
   70.760831463574732        57.024075901880437        13.624982334206566     
   69.524028577257042        46.768892117285795        19.851343544135133     
   75.018251033272264        33.462648327283354        21.413009371594846     
   70.306486407883838        23.699568263880916        25.192421213841570     
   60.728560721223758        15.150563491547958        31.266155087891747     
   48.855902239808486        7.2737928636486702        37.759372945523388     
   40.345521641628721       -2.0625618982725458        38.993585174475065     
   40.087997735438520       -15.796935896505671        40.692419527778256     
   37.085557844742354       -27.013140566371547        45.708929833304914     
   27.649467255773096       -33.917596547349426        49.656154251069694     
   15.812436246214101       -27.121469170704653        47.152589285475401     
   16.794872685104920       -13.947853823906152        39.130578595512056     
   27.677648212879070       -3.1768401944670850        32.611514341061671     
   37.101572069686874        3.7305121505959860        30.547763019921607     
