   265.09064104697921       -53.567536441284453       -5.1809709430944393     
   258.63066755050073       -46.729489799022922       -3.1180740560435127E-002
   254.01151925014946       -43.474822256598308        6.8548656391053697     
   250.52183431936373       -47.053198851993237        13.032167393483041     
   244.52540520765683       -49.610426717701856        19.120684939245894     
   237.27821764983381       -53.464698084848848        21.710589989490547     
   230.23644710304234       -58.172426765062710        27.115567701529329     
   224.44597648848926       -63.260048287693387        31.018579021836601     
   214.18009508694257       -62.210358780372609        29.315608259338013     
   206.52707736567965       -61.051009493398467        25.819547895844678     
   200.30969719127367       -59.293958368125786        21.963062878395696     
   194.14408479939121       -59.244080799203658        15.757702797342393     
   190.65290332914552       -62.508113934358470        13.097753889634477     
   183.66325967112397       -70.147192140303773        12.202726216315774     
   177.44856735517612       -75.580187645318972        8.1644962753712989     
   176.01725668866800       -84.504765194593830        4.9380444237347998     
   171.24565391254220       -93.337132005755052        1.3277060126179747     
   164.77227713029041       -97.024980848373133       -4.8595819602934158     
   160.25279354863511       -98.639259677284073       -12.729011764269323     
   158.98243512913140       -101.06867889110733       -24.478392637209730     
   163.79663542334833       -108.08536721191660       -31.777607430765187     
   169.57932233505994       -113.12753623407883       -34.531527777846001     
   177.13242882373422       -119.11033955718378       -33.951876096824677     
   175.86443189046011       -128.04185453449890       -33.022779034021276     
   172.52727379673041       -135.13843723723770       -28.583832312607100     
   166.18089642544405       -141.48705968397218       -26.647779881212422     
   156.81318658130400       -143.05589575456497       -27.515561786250771     
   148.27912017630621       -146.22505830054826       -24.477415991015949     
   140.11511092154302       -144.45216820009787       -18.823641246053807     
   135.06219147237272       -139.32066209353624       -13.280681468264586     
   128.01773295865718       -133.63967234416870       -10.150793062706398     
   124.15175293434098       -126.26166351695883       -3.4646925898706029     
   120.84760479215467       -119.47606140197955        2.3100270278358912     
   114.71127990490059       -112.62524478254082        4.7765244791761239     
   107.72983751204551       -108.77224889305057        6.8365586573976351     
   100.43574607303343       -102.78397646869857        4.3298752281967170     
   93.768789874078095       -99.115540977763445       0.81643041938861471     
   88.685602051390177       -88.010896098851063       -3.2524536322109956     
   88.349371722606264       -80.566506248916539       -9.6385197625844938     
   90.419002518227387       -73.380047316594428       -14.458910528656338     
   100.76840373724275       -70.452870155429224       -19.591993791841443     
   108.02769241529457       -68.225228663101248       -24.344883354883457     
   117.67045327786016       -65.664229555999015       -29.969673714037413     
   122.27075527633934       -58.334983959860793       -32.651851853961503     
   129.20175185035097       -52.169032715773120       -33.138056804229507     
   134.46532001439903       -47.029797704835737       -33.731233362416418     
   143.00211586566388       -41.045700510876792       -37.689076069538181     
   147.70114320357686       -35.453094684519613       -42.481373256434082     
   154.58265322619383       -28.126182218951197       -45.073859364287536     
   163.64130645136956       -23.567410608293439       -42.662342830642025     
   171.47331447400958       -25.509586636498678       -36.960902921096483     
   179.63883687083197       -25.055735968873581       -31.443617125911352     
   191.41073574696239       -26.565445830565107       -28.830714406954264     
   201.04674976106281       -30.280600371940746       -25.042905737185947     
   207.81046285239117       -36.642916870695636       -21.441226863947989     
   211.65672641522465       -45.218749438276319       -19.324520450404545     
   214.97142357720992       -52.802229026727673       -16.274606535678377     
   216.31949727416597       -62.395839665563912       -11.572207371894189     
   214.51425563277400       -69.456512508465636       -10.664343252437220     
   217.69654535279204       -76.865270475864307       -4.6745711946727502     
   217.54264910343690       -85.287986203539262       0.79748349111923189     
   214.52706582408476       -95.289871417247412        8.6017200890551582     
   217.87020749453544       -104.03665458608700        11.659908561887464     
   224.19573810581775       -110.58229093169042        12.857041243458360     
   232.63020663342601       -112.08179786707350        11.847971037894377     
   240.90312497386390       -111.93806057216564        5.7820986809003561     
   244.09889769914525       -110.55279791954376       -3.1190697657717408     
   248.11193702582861       -105.90632715225480       -8.2753299987592772     
   246.63623847513605       -93.608058848994617       -10.723765474898670     
   248.62040182469764       -85.675174660562547       -4.0208007679448441     
   247.04957823884317       -80.253432053507879        2.5593818066849092     
   241.71589526831707       -74.933103202807715        8.8180867520282398     
   236.78135704560015       -70.294140909688991        14.920148889016128     
   233.46573384851325       -64.665124125138036        19.689692996225489     
   224.67566290992278       -62.753914962089290        26.053444360443287     
   216.64147840907384       -68.226220804481486        30.382655748372230     
   211.24592689477760       -71.212641528408710        40.206746607656392     
   209.70128333216115       -79.289519807533154        45.077728597685486     
   214.14431679562131       -89.363442816957786        43.163545631660085     
   219.79807853714328       -97.050067779334611        45.829977168852679     
   222.87031813724661       -103.91910527446841        48.083470279246306     
   224.43005059567281       -115.33852984479404        46.580137718889560     
   225.34503914633166       -122.37766357361812        38.772827627571303     
   230.56825518252242       -127.32929187538501        32.079344710385357     
   238.84725889814933       -127.23199714573349        28.801931685534143     
   247.90578015991181       -121.00262758810980        27.934847451253749     
   258.43569162835763       -120.14250559987391        27.194123941506646     
   266.95755145716993       -115.73074012530994        28.115688069788785     
   274.06542982249402       -109.79920243940957        25.683709893669942     
   278.11332372090374       -103.44038107802766        18.645760988720575     
   287.46318966453504       -97.423149933311578        17.646307878528042     
   297.60753745762156       -95.432235171930671        13.186178690394613     
   305.01781174943022       -92.858288848109439        8.3727650914021421     
   307.29959721092018       -87.348825953660281        2.3536297233413448     
   310.20452669149489       -77.818262938732488       -2.9055327116439065     
   308.20820483623203       -69.652540622932946       -6.9808975353393894     
   301.64393315264687       -62.439913119581625       -11.874681964930197     
   294.31849285815798       -57.469762100772002       -10.859941789634291     
   281.97230328737646       -59.319749900952125       -8.4905739817067793     
   272.96942402050172       -56.950349361275251       -4.4804618993888008     
