   58.958766403618490      -0.76161214388150356        25.230526161222322     
   62.694760708938055        11.386257471413899        31.442801062426682     
   61.857180464187671        22.700174892891134        32.108262956218638     
   61.508464094698404        33.121110089498409        23.479277770654754     
   60.721237701460602        43.218906260305879        15.406742653361661     
   63.836857571860570        46.206775434518526        3.6080712695776307     
   76.526679827523424        44.358542944557904       -6.0444311583729853     
   79.372674664842393        55.456313910800930       -15.245220383894692     
   74.159485145995902        66.033112644689027       -15.131345687461812     
   62.426133453593884        67.919441948597409       -6.9192849120702498     
   65.358213523926850        67.442041973625166        10.265211098905230     
   65.518671288524416        53.258723038970039        18.744938195784847     
   64.196803815191686        41.317160423583594        22.336755350549122     
   66.145006364786880        29.849762725784160        26.803333914204668     
   64.288587748599696        17.893036145287496        26.874692113285896     
   58.282874837883810        14.266946411365740        23.100027708792403     
   46.212021954450059        9.8345959888361882        20.802763466507947     
   35.823837931924864        4.2933140869628597        29.559345116788450     
   33.384101343128606       -6.6199974669465629        35.533640799990010     
   22.287530507899604       -11.507569219296247        38.640581217946043     
   12.436730598823255       -11.007819383572750        35.325098226332493     
   10.089780192505744       -8.5509213867035356        23.059468135593388     
   20.027873864349019       -8.9908039865096434        18.424066451149670     
   36.121043358245366       -8.3875135860795318        16.597746692076797     
   47.478204849642061       -8.0876261640418257        22.921701095936761     
