   42.668781696346066        3.3137867979996387        17.394623847488084     
   48.423836846806864        9.4240018777472994        25.418044342593653     
   55.553854893500066        20.945264783362326        22.139565143180210     
   52.315382572297018        34.764032621332852        22.898279044418356     
   53.555751414697220        49.857667486256325        17.228164854574018     
   65.240668300179280        55.464516435712639        14.585752161489889     
   74.796154326436337        63.388905870395561        11.860683335966677     
   81.097255788413790        73.657287243209723        3.1896117775937824     
   70.218734604282162        68.716125671711552       -7.0024213300863725     
   62.426987398878865        63.235971164029600       -2.8264117895601455     
   56.260540913387089        58.327444090479311        6.8881270229563096     
   59.810321344089211        55.943742811733884        17.629809856138905     
   70.581327234013258        48.339318152241248        19.614259762114170     
   71.552835241596625        35.288212677541992        21.067210798102611     
   65.723068985244694        22.466888260771192        19.156659248749587     
   54.857301848742821        14.000108869333005        19.137851881732370     
   41.213764975661725        8.4375255383644081        20.357092060140538     
   25.245985140915849        8.8166353814244864        19.258555541190127     
   16.102911430493730        15.271231857564544        21.798745714586719     
   3.8280131642797173        22.268800893432591        16.480707596938004     
   1.2020227323895232        16.900599601447464        3.8479560108076107     
   5.3996556022026043        7.3623541264705086        2.0062364827695300     
   19.117862285191396       0.41481152876482474      -0.45600418254476038     
   27.233911490690957       -2.3802693656472860        1.8955404631062094     
   35.374438966962387       -1.1547009488230553        8.4891125955735678     
