   40.729877168494880       -5.6964125167699056        21.823730649241647     
   41.294656073890309        8.5554700838488102        22.472635562916945     
   43.575038366242829        17.574710324045107        13.840355283832986     
   44.646029336535975        27.791335668784281        4.7792868414059164     
   54.961295172967084        39.749741700801756        1.8592205958324008     
   63.551761645957662        50.304861925163600        5.1023844402565528     
   69.741595546734032        55.943253705821832        14.568435240211233     
   74.407027957906877        64.078957076534905        22.561869700227117     
   73.943334262816336        74.798904178604460        16.351213465377267     
   66.069150600218435        78.643276897180527        5.3330814232873953     
   57.155905258681209        70.133413918538480        6.1709017899069405     
   52.384204884877960        57.967463345247566        8.1650323074712912     
   51.468639419502665        44.129426847030672        11.743439085843898     
   54.450250174502109        33.433856705690218        3.4488070208042361     
   50.485004262899622        17.633175089331850        1.0818382428138331     
   50.360093685594087        5.8807199010072146        5.1239962600482656     
   44.995237718620942       -2.9584015974390847        13.362776999277548     
   33.925840086757482       -7.3991519750861601        20.431950171777196     
   20.209999672732458       -6.2655803472782576        34.077633743148517     
   13.809423538697173        1.5803083757828720        34.325667482726836     
   3.5053330751618259        5.8492667473351148        28.581183469314624     
   9.8952384649559431       0.66578925754666751        18.761723878255388     
   20.032117586077103       -7.2890841855548576        10.338707200418700     
   28.033221246566750       -13.399028914717338        13.482806415865113     
   37.416991479073289       -13.291081984343258        18.883243292658932     
