   34.198774438583747        6.4959131307443059        13.633757591511030     
   47.950303644605555        12.403866472761434        12.214044414468164     
   51.215285429433109        17.974345940442959        10.589588358270275     
   54.367146200877571        26.640488031362043        2.3468299884264838     
   56.798547798465705        40.395441795948308       -2.6321897401021968     
   59.384419941491061        53.788094412255035       -3.7904780333002996     
   71.538020905373159        60.393187247076668       -4.0932424642645913     
   82.511595348530292        53.584996997241760       0.77952203854254976     
   94.369935910890874        52.428367272677193        8.3727779263463020     
   94.213180749944826        56.253196373665851        20.245280133927103     
   81.678418926711501        68.091483980057518        20.563873602857953     
   70.794323379291527        64.786967014403388        12.170834153537683     
   61.752968659615838        55.081579863279089        7.1425080433475463     
   62.382109455738053        41.029912806752094       -1.1638005362034045     
   55.321685507715088        32.187161816888903       -2.5826517891874623     
   48.601332090953413        24.620271795572080        4.2011396944006600     
   41.691437944463132        20.040081128942997        14.629812622096939     
   42.578405119786979        14.658855605349782        25.601945177690745     
   37.310674616456808        7.2823221004821717        34.440448862103615     
   26.449187880035332        1.0569180580939435        39.236811759975168     
   14.460770591115738       -3.1207323967746934        40.948586172631103     
   5.6175150479075917       -7.3623623322782858        30.088563444093012     
   10.538724436395082       -10.964668301792791        15.521546796355954     
   12.779367565039943       -7.0689080623004603        4.0262077165485097     
   25.984817166218207       -2.3134511292208741        8.8575682516185310     
