   32.303702551365902        9.6235675393748039        27.214009871700387     
   39.268652982813499        18.809340597745059        23.475016937517371     
   47.763607592505934        28.944115806011702        15.836934572769279     
   52.099181157844193        39.551361530245657        2.1290282527924598     
   55.162495464959591        47.185316795611271       -3.4097507416141499     
   57.972174071575473        56.593231895213066       -6.2691497556219282     
   69.199296136542870        66.421964926615232       -11.460728995873399     
   72.503786957061919        76.493876012661389       -11.867699331222006     
   71.125261148890147        90.263595397038387       -6.3463036913627615     
   58.773582881241587        92.221284750065578       -4.8438973091315853     
   46.823639554076941        84.938539716544000       -4.5178191156351577     
   49.690789071367995        70.490326643939440        4.0706012117566956     
   52.958104911203193        58.863515391081926        6.6248925334736830     
   55.845193244117723        46.003538989729883        10.240926681417708     
   52.678918609062215        31.997628970878015        1.0681528801102189     
   44.310543316459480        20.535222828849840        5.7617227576280916     
   33.618169159880829        17.893801332741599        18.989382517153743     
   34.279100909603336        12.632543517399986        31.059610521987686     
   24.284133586284128        14.575416857250078        40.704431240722897     
   10.087158648693817        12.345570659120764        47.526744657928070     
   3.0511773506651347       0.41376223751601715        49.673271314266302     
   1.4127627411278350       -8.9079477320318272        47.332824652157598     
   8.5142837040881165       -15.238361816944900        37.446899082649061     
   17.013356835679584       -16.022121282717272        26.796517664094470     
   23.911758418741336      -0.99788519655865748        28.164757319691368     
