   25.164700955476601        7.2813158423645081        17.317052087911609     
   31.929282914516502        16.267271306958385        15.145704292015512     
   44.055688366131179        21.381902602016030        13.094759313447643     
   45.338715280359011        35.718304307774481        8.2252136534055023     
   54.080153808128934        48.058066366039412        1.5455780308080382     
   57.441916294988587        57.924837689495661      -0.21398519514842218     
   60.068871116037549        64.725399268841556        5.1603774948176468     
   64.729483125722780        76.377763886462049        8.5961019586692622     
   69.625050683480893        84.765785199936715        3.1452179817019492     
   68.839046711821155        89.850455450398627       -3.6013998749066642     
   56.669874006641116        81.637101783030531       -9.3159842687687746     
   53.568800463018967        73.245820129589575       -1.0014184098939687     
   56.329024958120115        61.877483318911231        3.5993290140310652     
   57.523110402880285        46.803800865499113        5.3104163535971427     
   47.832164045063564        33.274945961661707        4.6496959233843747     
   41.926720442274153        22.806297605771597        9.3578555530893581     
   32.570443945060624        20.241890854611643        18.817517025120836     
   25.174082911748691        30.778745359865340        26.225214118941476     
   14.591481043585940        34.044635513747998        34.478904198494661     
   8.3037768032803549E-002   31.218345990886313        42.339141110541519     
  -8.1151813286297809        21.496391333434378        45.620840651623638     
  -9.4405940264849590        9.7993623980344324        45.015858865609488     
  -2.1684214942708246       0.46158673935207606        38.267321698109612     
   5.1371209124502855       -6.0885530185908268        29.732181568046101     
   17.959366567671296       -1.7304582869971936        21.656639828979745     
