   35.064791677661667        16.048521030486476        29.902736543553768     
   34.228606298133634        24.422382066561180        22.448789283910823     
   38.468673471160315        37.984518643866544        18.212604730379852     
   43.010613040723555        47.356025470222320        13.155325945681444     
   45.934441068368500        55.113417537577327        2.9641474167005741     
   53.591507496924038        59.363748342579015       -6.6600612952164937     
   56.832972099564955        64.889937314586035       -16.111602516073411     
   59.669701888828236        77.977130579610673       -20.521473556136009     
   61.722871089965551        89.723776334661437       -24.634400553803051     
   51.648692802892697        100.07717678491015       -19.614043354843794     
   44.148500422483650        93.309184876404714       -11.865584661908928     
   48.185593152037015        83.753734418877755       -3.9820738942193974     
   53.933043991239046        74.976690741761374       -2.2760528804341882     
   56.825478478472220        60.682446534734652        3.2335230446558092     
   50.318337500760919        49.211149023043596        3.2699393876054446     
   40.078020082924027        45.694205442690823        10.361589183848944     
   26.547045118454864        45.233366472139956        9.0615276307678929     
   20.840494910652577        41.621740148963205        19.863023326134524     
   12.551155264548425        44.663702635292701        32.302206521964550     
   9.7935065747088021        39.681549057470320        45.552673046799477     
   6.7667775958059364        36.911841813738995        61.011114881731537     
   9.5023255755384977        24.286404060223798        62.505790401272073     
   12.719472369235108        17.127529838785737        59.400647420434112     
   22.827124389770450        14.070227598553290        53.316124205165778     
   27.226352987292934        11.723600883717793        41.666414300560781     
