   74.298697984137775        78.438922710234351       -55.353896402743075     
   66.818063444118025        83.086921307578379       -54.938634147250497     
   61.599524811055865        91.627022176702809       -57.898716049679059     
   59.082334219944542        98.875722209652039       -61.849369288007104     
   57.934755647398788        102.09937605602926       -72.077416503099485     
   56.981608660989316        103.43328697678108       -82.840586623625910     
   52.018575092921822        106.92588033884036       -91.369411609818826     
   44.615846356286227        114.65189839878683       -99.554431650666061     
   37.224983086722055        118.81274370707945       -102.72863741477886     
   29.919059653019673        118.41791057270233       -109.96969723380369     
   18.905843729592924        111.16650140393688       -111.00276398614832     
   12.201915597575249        105.16020688449264       -104.55962395163850     
   6.5598235529834819        107.59052622297459       -96.804978572632820     
  0.97150194698666015        112.54566286072651       -88.463165423939984     
   3.2884949834592465        119.66543546013938       -82.181710909719243     
   7.5701960338682959        124.75017270039643       -72.541166595642636     
   10.157249058492713        126.27224315512217       -63.574164416725218     
   16.242598764295810        125.03525434485269       -56.525117652263930     
   24.009361737064079        122.32415743135621       -50.434217024198681     
   32.567106904130846        120.49813314261498       -45.400166495081379     
   38.564378409531891        115.39348891311050       -39.991670173024829     
   43.737517541222076        109.88728368945195       -36.370937951499279     
   49.273716257323983        101.52624084904032       -37.283654196966616     
   58.581988097690598        98.145523896329209       -36.874405590005345     
   65.955168881230023        96.024182129952266       -37.565365271445955     
   74.063495609990142        91.799095152472958       -34.568128759958732     
   80.996136533487046        94.137635862282565       -27.281060173157087     
   85.266607408162130        100.94485592635507       -23.785046668682142     
   88.659194372387375        104.88550985095556       -17.185901597184372     
   84.671535712243212        112.40028531905639       -8.8470714581026364     
   75.996492835342110        110.75886004942144       -2.4790922645407276     
   73.955676313497008        106.05851229441858        7.4343070612496174     
   67.884063186398734        103.35412018547632        16.301654931220650     
   65.835546460103274        100.32468966913940        24.266805932144255     
   60.641887522962953        96.842578238733211        32.789526780652295     
   53.586528892686736        98.024622766952518        39.940025561444550     
   51.971915841074463        98.713671871259749        49.568652502709064     
   54.763075784017573        94.881815006659124        60.463656737334553     
   58.061925988420874        88.512254525822073        66.856593053723557     
   55.985328011523606        86.167359066103330        73.004688667949566     
   50.026231526783143        79.340166120381426        79.656372859994249     
   44.681346897772428        79.201173811250328        85.636839752954131     
   37.202081605583096        82.603466327101174        91.212443760107519     
   31.506535068092713        82.907641453223363        100.29667180854533     
   33.660772845540727        71.584731485190801        104.53178145173649     
   34.999482887072645        62.691173367006201        107.01519291320555     
   36.361820647560570        51.927990267504519        106.73807592041766     
   34.801363285858073        45.477143410700052        101.24664362618039     
   29.956711051255049        45.573455129193178        94.153297834125482     
   20.465300518118163        43.673817887206063        88.940131837386389     
   12.667354840209700        43.939333319340001        85.219480732087760     
   5.3002163398077347        38.361042768727252        80.294058256764828     
   5.2077429544246101        29.474291890114131        79.683779862383275     
  0.64990063528919473        22.937820980669436        85.615712113404626     
  -3.9414406997497582        22.942349447166400        93.718887715490155     
  -5.7379358785766010        18.285568264715732        101.30478286361151     
 -0.61500364921931527        11.584236016083990        104.91883320896542     
   10.116452803002433        9.9683248803890052        109.98455846588951     
   16.212799707758872        2.8302854641210011        107.86677840165179     
   21.559239078888861      -0.99749931196790342        111.45226574760541     
   27.186329172459608       -1.5382608585940893        118.48338538808061     
   33.261946326607202       -1.2547255602294634        120.06212010962736     
   44.601797985285899       -4.7562180535373226        119.09180292377192     
   54.575080251303611       -6.9170064549441870        120.10456658190812     
   63.091870164560703       -6.7654323697694929        124.63848332303249     
   71.148465682924993       -4.3343045969626726        128.95813422640390     
   79.274811489137988        2.0989179906651150        128.31871544027237     
   82.686248848672406        7.4407460777318235        125.23387661947115     
   85.035243046115497        14.618366910962148        125.27954277346036     
   78.884743310048407        23.188800057453854        120.31594668962650     
   72.779798725730132        30.393459520690428        120.44026527582082     
   70.845852970241083        39.455113509173081        117.56491815060538     
   66.086515086886195        48.844900162443054        117.88353834638082     
   62.028889873118679        56.309483169221025        117.63608864611625     
   54.188515722158861        65.249397394456025        114.11100426613545     
   48.928871889092413        72.215658274894096        110.66455310511310     
   44.928968359078233        80.790861090991811        107.51161868236863     
   44.217547980682731        89.967265711966462        101.15129249194712     
   47.849800257247090        89.138053320845358        90.309114330934392     
   43.796229907465182        91.445078677739772        82.736090085849909     
   38.370789789278803        93.200749824367307        72.620901682802696     
   37.304512644406728        94.385467856571523        61.719854368145633     
   38.381474245349075        98.349888535466846        52.689802367955068     
   44.251729559889490        99.598201267345701        44.959367706971747     
   53.159170281596211        95.144748201797896        42.589809482220744     
   59.504226206980874        92.158928104010343        36.895914653799267     
   68.317959332514079        95.102432663163341        30.409394560040930     
   75.588158756433032        95.583232579143740        25.339804378858872     
   79.245247124715064        100.05215224583236        20.002085676492634     
   84.325249590243331        105.11008651829448        12.486056759868745     
   89.008018726770203        105.31923756255664        3.3546085975864961     
   95.010838193202744        103.41774564674253       -2.5491125536617840     
   100.49256390618334        100.19966591201222       -8.5800646799887907     
   102.25908378104191        95.232112209488136       -16.907181223946573     
   105.32630860121608        93.191646521410760       -25.315017935429196     
   108.78928289402148        91.241247792401296       -34.298468194821353     
   105.23820071971640        92.985284896201620       -43.368745517213625     
   97.970691721860220        90.116719795205810       -51.712691629417947     
   91.306255261394782        84.983848298401199       -56.150812356622353     
   82.090994098659365        79.727081987330436       -56.493976647833534     
