   20.339010810606474        25.874858197598773        32.746388315645582     
   24.506433327779657        35.251227956328520        26.693308444264154     
   28.963715649906806        46.731555560661626        24.390386082838923     
   32.268787509052025        49.404473100534439        12.386144409784638     
   41.363135805617645        56.277294627792422        5.6403204064943342     
   55.174852241465651        63.204825990608569       -3.6785571907102992     
   61.863718301013677        70.629250187260183       -6.7462750679321388     
   69.114640264928084        80.758736664706831       -11.652639365268117     
   70.876797460118112        92.633127911541933       -13.228175812118797     
   62.393349211043102        102.16029326914217       -20.363716877742611     
   53.948691472428791        95.757780715665888       -21.609776702181911     
   58.123008558175719        85.799984579694154       -14.754269894917591     
   56.860673103219696        75.399508082503758       -5.6319524851342724     
   58.472121711411873        60.962827359606003        3.3923376703102942E-002
   52.423488066338201        53.113501233409870        8.7043098096517539     
   48.566152070173061        45.586604539341614        11.485738010606351     
   35.329823747164149        40.482314644040159        16.006963666154832     
   21.415247915256035        39.206662635517276        21.941094062076605     
   7.8320680837989585        40.858211111328373        36.303505066751988     
   4.1272482777633677        44.412130386179193        48.550180788653122     
   3.7360913951413672        41.079665059980826        60.955686985599058     
   5.6697419621917362        31.306678309730547        66.627712251863628     
   4.2135984185034943        19.571008008981032        60.504947748463678     
   11.429186470244726        16.445090937385221        49.620124611150146     
   17.392184959236239        20.272440251281793        39.125485571548424     
