   17.920542818524975        13.454489816970197        36.388267154169249     
   15.846812800989065        28.825428450232724        30.548553008826733     
   22.362525049806521        44.692614586179552        18.999941032889776     
   30.197170552992187        47.089654583040691        9.8224593773703379     
   41.128228321269198        53.570217012463196        1.1202004450947480     
   52.295110737506455        61.997969443905973       -1.4438705190352275     
   66.721427554196609        67.923411313202081       -5.8457002716007391     
   75.684997458851186        76.587686463417214       -8.0201779112796174     
   83.860942080999592        83.417679865073396       -13.243063271370117     
   84.924861703441508        76.185947177079655       -24.006765199866180     
   75.177512623809875        71.116441401091350       -27.953990603731587     
   60.433754128323677        66.959640155020324       -24.272931797056490     
   51.981155385042243        70.447306129195141       -17.331612292557338     
   43.638845581818678        68.362214731800350       -6.0712989404441178     
   44.180116207726904        59.553021023781390        3.4039724002836929     
   42.033435251695487        49.342655875307877        11.317450091532736     
   28.401427027989012        43.142157781553976        14.853474377789180     
   17.749877147769215        40.950172012886696        19.025347032175969     
   10.806766466130700        36.894483090742305        28.652271193159596     
   1.7906553366242535        30.927455930093778        39.768664328347747     
  -2.1688626075282289        35.419965549488403        52.124392133393364     
  0.16842415477406236        27.092494761831087        61.419983329807472     
   8.7176602731233697        21.103150978263422        62.984912943181889     
   17.556048992313968        13.214217817849102        57.675370904106977     
   22.397236232639226        8.6912704253485877        47.111868497797964     
