   8.3819479430261143        29.448594471687205        33.199304047420725     
   17.749709034145319        38.726286861435867        26.879468333077536     
   23.423297706246249        49.683044259759846        18.956422019558026     
   30.745399497634651        48.007805745795743        7.1392262903940136     
   41.244025034605137        51.854738828626253       -2.0099543960426072     
   50.243559559849480        57.388645823640488       -3.5340043062271773     
   58.079418136347840        65.964829572185224       -7.9148196001095377     
   67.413694799984555        79.319771884338522       -2.5834398923693893     
   76.209048615358682        83.383965102168403       0.65140141739119684     
   83.470943212394332        78.621742832351543       -7.0661310090701859     
   76.502569776906441        73.735010922300603       -13.911264736605332     
   62.158152970790439        66.885038287501601       -15.874486468310597     
   53.935927146589655        54.489144416986413       -14.919429262034281     
   45.556325118388074        57.521922815319598       -5.1656422714767265     
   40.249410596710710        55.969699210164492        8.7689616774204193     
   33.064803503933391        52.621764427349966        18.131346455337798     
   23.345126230827148        43.173478484293689        20.186209917566188     
   15.431506995888656        38.072066536129775        25.217775889823923     
   6.0215629460304259        34.527560242056317        35.598673467063179     
   10.980867162912014        29.014947497008521        43.593150471385691     
   7.2676166522853363        25.361197323061148        57.750245598571240     
   11.128937832195323        22.841879084461681        67.572256546980782     
   4.8647909635595701        11.651675365468346        61.113301005111175     
   1.6955592684636702        10.442363757806511        53.274140639518869     
   2.3669220387293546        17.819870709286842        41.638956529735943     
