   21.203480932970894        21.889835826745085        39.382972583977278     
   22.667269783156435        32.597738152785340        28.925941857598467     
   19.966083207790199        41.046717453082017        18.155026141375188     
   23.073594582393216        46.616776784806078        7.7238381915896790     
   28.246681389805723        52.671813302372385       -1.1698040845762414     
   39.282405835120755        59.302193551429887       -3.2025954349894463     
   46.605883626195734        70.635908079934566       -10.055361328415275     
   50.815941086227795        76.012996677483102       -16.672263022605868     
   58.019799325052070        87.870123204313273       -16.162085834792020     
   70.504012128111597        85.406822486523666       -11.805697068196523     
   68.284685120011261        74.372021837175495       -13.217111873525241     
   59.165654245503546        62.953742901589507       -15.826228540614384     
   47.647734272811611        55.591593884987169       -14.204055881394140     
   36.664378853195672        58.342958452687974       -9.7177579610983997     
   29.858362990221568        57.096180555078980       0.44931305330767268     
   26.778501351257304        53.885302273863452        11.347811276213999     
   26.054115176535703        45.580139749552643        16.859964947366375     
   26.224936367666107        33.960988090789769        23.129382258990798     
   18.152418204735039        28.174852472546263        30.834161316926295     
   8.0891639733085920        30.989024454862271        39.967622137691905     
   5.0065740008457862        28.962437326378947        54.171232305847738     
   4.5241942384147560        25.546299946592619        67.975849414508858     
   13.998237969201771        14.419431775116285        69.482744488454728     
   23.867092695598071        11.104310908284472        62.370698247814829     
   27.466668254103869        15.794245643962324        50.389733179109733     
