   23.227340815602691        30.615775754904494        38.949272969008959     
   25.911791828340842        39.236425421200025        30.406242475850014     
   20.647785408982038        47.687720490364889        21.277459814880309     
   22.232812602030023        55.370816262556431        12.368180311585379     
   28.660515656569615        56.215953260537567        1.3329626605740801     
   37.404218078865398        62.977360456090771       -2.4206317620935929     
   45.349573235937171        69.621464817332907       -3.1516463588070716     
   49.369978046570367        79.475673177051831       -3.4759351015259927     
   58.401351371228763        85.976703077235101       -7.8725488706186004     
   65.216131267031557        81.874727202103287       -18.835042882829256     
   59.286407675835420        72.274632455697272       -27.489076661026974     
   46.516339769953809        70.187516713964641       -28.871072586032373     
   40.722778312941905        64.915699359173090       -20.463784737325653     
   33.561832808888759        64.328597385767480       -8.0079311464396632     
   23.086141440790438        64.210497227961483        3.9361186837365003     
   25.269532242463043        55.320259578822721        14.625653505482552     
   20.548151459674084        44.065872827598106        19.932891648269159     
   17.881940125852672        34.228806052384819        27.398975234312367     
   11.505056402570156        32.421475422053668        36.150751749479397     
  0.51289802734555878        32.580178641847837        44.775142974226014     
   2.8980912889220214        28.510147355162573        53.825722324533508     
   6.8040421591374844        27.171551288195879        69.327569947668081     
   21.302196122091427        17.766243853045559        71.564891425023561     
   25.453062159047430        16.324751224317545        60.400943124724613     
   21.869073969395224        20.271469170344666        48.236378172213406     
