   28.901448739241257        39.967841031534292        37.003945398291947     
   23.233946331454600        52.242436417197190        29.904454615023266     
   13.338246003029886        63.528577063578382        21.750283716588036     
   22.209107056612957        66.369183493717955        13.544270089827373     
   27.763608502048061        66.059414590467071        2.2922760526757053     
   35.321728017720169        59.123611842726284       -3.2673468766955716     
   51.149994933415336        49.160319998516698       -2.9448059310800785     
   61.825623450814653        50.109161675144932        3.1197139669196767     
   71.743029228459704        57.710367238941259        2.6554329447509648     
   79.562206264522246        58.714841875448123       -7.8694477702839958     
   70.457681348855985        59.790861039558948       -17.441355163276093     
   58.101067218597201        56.295995981216770       -18.460517367831315     
   50.329619967592244        55.378244544805412       -4.3312673900852285     
   45.959811683950072        51.397182485157380        8.1677607013690441     
   35.239289391382080        51.521327812458551        19.104720175045571     
   25.762488495332438        47.178406117295665        28.001333642067582     
   18.000544414746177        43.961267489405245        32.500004070955306     
   13.493640318221015        42.324664377420170        43.294513486640696     
   13.673654020822205        45.945047541943659        56.347002240569083     
   14.770291397772088        48.048885273509768        68.918944088096950     
   22.987283409355459        43.071670932041485        76.756210264133216     
   29.821331062117515        34.424244956128447        81.738961630740405     
   38.738574595478205        29.311224441868472        67.892637639093806     
   35.919561065693294        27.411464707050701        55.098138639253349     
   33.811821064394778        30.106927756358058        41.379797022873340     
