   19.666862892061388        78.912259586780181       -87.562500381696935     
   8.4141418743674077        84.795145223177755       -80.435620843410476     
  -3.3786087333756440        81.299366207035263       -72.357499342438246     
  0.37760070815286828        70.241416396632715       -67.470522503698817     
  0.77797792702119284        60.981531966967950       -61.637195550726247     
   3.2600088168788228        48.609268639904272       -69.207200749084734     
   10.391510017033747        52.964132326832392       -78.647340503440660     
   14.596227162441302        66.540055537097047       -78.589103508441028     
   23.496875770225241        71.436222647398566       -68.561421311595936     
   35.253671859177146        73.751129058223128       -59.599911768861801     
   44.742500242428008        68.741559355797619       -59.159089084369256     
   47.050421746845416        58.651304537649260       -66.354875779893192     
   49.249964001217812        63.261560372953625       -79.413097319410141     
   42.963172378713260        68.529484498348083       -90.293890468742845     
   32.988325411799252        73.519738145813179       -98.201528572101637     
   24.331134830254804        77.409686732536557       -107.97943672777905     
   17.553426168102661        70.072198568075990       -117.50092063615861     
   8.1164776643695973        67.612333808679836       -124.42182167259149     
 -0.27350912899241098        74.493207461072430       -129.15247935094737     
   1.7235308952801234        87.563348596670764       -129.38525936576403     
   14.205690443476183        92.691236640939849       -128.23834222607059     
   25.475885565769559        84.577711093311464       -122.50378264256446     
   28.141037693377061        74.059547551515806       -116.44207062650179     
   32.214527497349174        65.765782183346985       -104.78867259320805     
   24.326591907171018        70.249952575291530       -90.447564265926403     
