   15.943606406339153        79.547518255085492       -94.068699369514235     
   15.546861066123654        87.583022848364095       -86.920194694788790     
   9.2317936770520017        91.860739822725208       -79.580245035101200     
  -3.2827947332884362        89.339467446146401       -85.828936065021523     
  -13.081083774188027        83.971860854406131       -90.909758169293085     
  -4.9510934258403241        71.098270657380681       -92.512910788568703     
   4.7279747527904830        69.753397218935788       -85.517994632693828     
   11.138006556570142        74.914358796426711       -76.705774071447593     
   19.961543978312452        80.208699056885820       -65.394094733974100     
   31.707739249339980        79.143717390275768       -57.289105780102744     
   42.284207088792179        72.526597889262689       -57.498503582327331     
   47.987871808871304        69.977545365046126       -66.611886527823913     
   47.951162553138836        62.350608044102685       -78.318592514215993     
   38.106448799064964        57.883778602864233       -81.779846213219358     
   30.170214254679895        67.776269369163217       -89.634681988098507     
   21.340366970375353        74.745864336424688       -98.656116824750967     
   12.237950220808351        78.996409829868554       -96.335287897318281     
  -1.3331780381230729        87.790471382086722       -96.359512913696506     
  -5.8387226190004125        87.339148302332234       -110.54008606829767     
  -6.3749230356172379        82.532171513061982       -116.57072197543405     
   4.1641444319446528        72.215021110558553       -119.82129475297998     
   9.2123997085380456        59.059309793699313       -115.71635582761932     
   11.764287666370636        50.256948349005036       -104.34568134666397     
   16.134085224839797        54.984088590811012       -93.200738585125251     
   18.613408058069396        66.603721145633102       -87.861958330212502     
