   39.371263289987681        57.180229401803153        51.185435421918271     
   29.728983986124952        57.990828074949192        43.776318271713720     
   24.261738878534761        59.915978447465541        36.115133226932485     
   26.093532254458022        57.341490084619714        24.386382010706122     
   37.436628535200605        61.498594753398763        17.814535941485349     
   48.671938251667164        68.190325667239406        7.4834565057382232     
   53.820558068331252        74.720846983010730       -5.1797382124921958     
   60.531975723033163        78.437004819508459       -17.417934111980426     
   64.062651638045523        72.145920746006823       -25.757309205358457     
   71.079417995254289        61.411818295345576       -23.432450274356189     
   67.502340186126276        61.951236086587471       -12.598564326893113     
   54.902112350910350        65.198691172185036       -8.5589117587506873     
   47.803044476084160        67.385458579885807      -0.10337876169158300     
   36.391247972651115        64.532408265697541        7.1819376051619290     
   35.900875388675360        63.773184012946544        21.848474416112158     
   32.854044957688799        54.604669452795719        28.176487902424810     
   29.321402652593669        45.468622678195352        37.029167022267814     
   19.605803560821659        44.287964726343553        43.352606002118165     
   10.782221369980128        54.370001131703255        55.236905964262718     
   8.7138703039372345        55.927577371736973        64.889612608869442     
   13.309776245667763        51.695953021502866        76.977746970276883     
   23.569468088159194        44.693456489614555        83.265857597511783     
   32.297558027145008        42.840611339156737        79.302662199925038     
   41.425825546389028        41.528778237408090        70.364968991513678     
   43.258805485769876        50.221665778980139        63.469863710760094     
