   7522.1771147631634     
   3037.2456883904488     
   5362.7109362959673     
   7983.7784805769788     
   7143.6892049872458     
   4673.5694200369771     
   5180.0894833970124     
   4804.8051916580353     
   6000.6526300406977     
   5983.5346548511470     
   6507.5521870553457     
   4582.6292761650648     
   4769.0854233447581     
   6636.8743286689778     
   8187.3692101332172     
   3783.2427019838856     
   6974.8851407312623     
   7551.4222778109552     
   3928.4480326262874     
   5124.5419323445649     
