 -0.53708478913026125       0.52473994162987048       0.66044524598423215     
 -0.34356079327264566      -0.17917260682944150       0.92188022990397589     
 -0.62922857158074319      -0.58824805827340954       0.50797207270086164     
 -0.98571389375348828      -0.14837763248301475        7.9700676534604761E-002
 -0.76300857315806059      -0.64120010760981561        8.1733342574901280E-002
 -0.51800504833133076      -0.85506316274139371        2.3189601677268717E-002
  0.15025177958643940      -0.98804793774553890       -3.4433638319272042E-002
  0.91961359518031904      -0.29379872184404904      -0.26075495508684021     
  0.87842592160449118       -3.8720557596741090E-002 -0.47630727337789830     
   7.1864458490505934E-002 -0.29139967326852412      -0.95389817592071180     
 -0.39537286733409327      -0.54900335435824199      -0.73639365333998619     
   8.3819369100268964E-002 -0.54008701274260651      -0.83742482171857380     
 -0.50031213191230373       0.55685556631533140      -0.66302311341685349     
  0.18813330454503860       0.98135733205631792       -3.9289267494611257E-002
 -0.75146701440175900        7.3130121953492472E-002 -0.65570520169444502     
 -0.59251612438173873      -0.44501545001162474       0.67148037320430409     
  0.32322466867911209      -0.63452365093230123       0.70207232530901931     
  0.86674390779565813      -0.43338811763638035       0.24683949803609304     
  0.46934614590424162        7.1543322695759221E-002 -0.88011121359886524     
  0.62386990354940286       0.35978345983057342      -0.69378830018788618     
  0.21909180062180966       0.96405824385901406       0.15030131518973258     
  0.24067664724045831       0.93473693876630093       0.26142227674570195     
  0.34243886630220310       0.78057377677680351       0.52291510004403841     
 -0.35755208623917967       0.84675015261792419       0.39391710380172112     
 -0.43273134460965490       0.76515316380403753       0.47674334742395702     
