  0.81357828456648296      -0.56081272564402163      -0.15355605373145559     
  0.36438644288075572      -0.81886192010803549      -0.44349484330899841     
  0.18369429724512515      -0.97530113687001185      -0.12265438263537218     
 -0.72100078364618547      -0.68851712466585246        7.8115549178315244E-002
 -0.59879627090432508       0.17707920557813767      -0.78108000928385424     
   5.8039422859674693E-002 -0.62522378534365874      -0.77828442335347947     
  0.51367341611783746       0.13070254382066318      -0.84797197277541436     
  0.21636500901303971       0.97342009599465784       -7.5096601710982522E-002
  0.63789427666280263       0.76985165530217292       -2.0477319877241180E-002
  0.72849601648786222      -0.15722713467039978       0.66676321290592921     
  0.21976480867335815      -0.80322588585223742       0.55365296455960844     
 -0.80616970894168527      -0.48324664587759542       0.34141335596741174     
 -0.87989307965671315       0.21863179218533091       0.42188660540249934     
  -1.1193080813180449E-002  0.98926277409234042       0.14571849140391616     
   6.2165467000708151E-002  0.92003964235778923       0.38686239310992998     
  0.30661833621793450       0.88995103217529004      -0.33759792094306823     
  0.52808292415035940       0.84878783253260837        2.6222901544192965E-002
  0.36556837903192047       0.52817113520936532       0.76641699627788318     
 -0.24830369700287477       0.58846607573039356       0.76944977208987497     
 -0.67550990087910268       0.35792017942503374       0.64465457337605225     
 -0.40053253688093715       0.87904079807907765       0.25857486771187599     
  0.38732368903773290       0.47205333453739640      -0.79192550739468204     
  0.27676303125321533      -0.64576513116310985      -0.71161058164238089     
   3.2097479416668413E-002 -0.99948348910316354        1.5832956945148122E-003
  0.26791872838434244      -0.82700455645224979      -0.49424995557726675     
