 -0.33516646064597028       0.92492102943656695      -0.17940048206185796     
 -0.41283816985920807       0.72293548041404609       0.55401167556812392     
 -0.75458315233089235       0.57639078357732743       0.31365256387520624     
 -0.91355940379612111      -0.40500854766739769        3.7111885589588077E-002
  0.44438594432352230      -0.87030211573990279      -0.21235668067277030     
  0.64407371889874765      -0.44898698135165060       0.61933814285954480     
  0.94306936367971128        5.1935937809116123E-002  0.32851610866537306     
  0.93777178387833648       0.34624767781668031       -2.6393691826072378E-002
  0.68976696766526535       0.46177517683829117      -0.55766048485959274     
  0.91540265128259712      -0.21769773571526241      -0.33859368258910538     
  0.70164392056046887      -0.64183494558490251      -0.30942480729011901     
  0.33213074118229347      -0.91438967536149440       0.23147503613566717     
 -0.65776195359774536      -0.49054408474277122       0.57159051192542565     
 -0.66760733062455380       0.72450330998449308       0.17145088485602855     
 -0.33124236504706894       0.93129501232180278       0.15155228676131946     
  -2.8173394488668079E-002  0.95966966587433433      -0.27971484094280125     
 -0.31115980599019860       0.53096200563771678      -0.78819979935629914     
 -0.63483612142529289      -0.10017033062025214      -0.76612597123260262     
  0.27626938468661311      -0.30459784827125536      -0.91153462792884721     
  0.31536494011773941      -0.88728420945755682      -0.33655859250926301     
  0.16854789053646832      -0.98397112439378609        5.8244613098031243E-002
 -0.70225153728590706      -0.68168133429056355       0.20531277812014620     
  -2.7672939380462832E-002 -0.22646501250567264       0.97362611229198892     
  0.38478387130976227       0.51677328254925681       0.76477888753752254     
   5.9718488497025685E-002  0.99777404359330568       -2.9675917224450593E-002
