 -0.79815829636167501      -0.59767937281732286        7.5648537710201511E-002
  -4.6196446710794939E-002 -0.51976793665355903      -0.85305754808112277     
  0.68426737722674869      -0.47163317414754174      -0.55618369762760178     
  0.67024994815773642      -0.55623223207301742      -0.49129493280268061     
  0.60517176703057607      -0.43368889009843853      -0.66759349831633896     
   5.6251773953476816E-002 -0.82306821534143038      -0.56514993658476542     
  0.36889450684886455      -0.90480814447951019      -0.21269476838949208     
   6.1491056927147722E-002 -0.75480263378845247      -0.65306342260456318     
 -0.35451432210508427      -0.61370789091126932      -0.70546595953002278     
  0.48956558942095940      -0.53918500623928844      -0.68527736187740118     
  0.88328655331043504        5.0563014793960220E-002 -0.46609896618197821     
  0.64885844411853855       0.65793979602099251       0.38222760798759536     
 -0.38150581032794789       0.54927231346244765       0.74347376708907298     
 -0.63601799666162984      -0.20290253229699276       0.74452110131948845     
 -0.96181139806484572       -1.6846135507953573E-002  0.27319414757822291     
 -0.94861864857790523       0.29963194001642962       0.10170231114501925     
 -0.71355141179689385       0.62113673278364678       0.32408878707776312     
  -5.9863963891556682E-002  0.38798565216574088       0.91971921777285415     
  0.39307924803017930       0.82459948604253530       0.40684689059450330     
  -7.2409209584857331E-003  0.98713242829110304       0.15974084662285229     
 -0.42922772347420962       0.89624268114437233       0.11185981358957216     
  0.15026634062161096       0.98828072036574399        2.6855998018347718E-002
  0.34199403522179911       0.74650947525170896       0.57075711404426632     
  0.39830370581410834       0.32202454488304449       0.85886806345772848     
 -0.76066265657609966        7.9717173548562559E-002  0.64423403754536968     
