  0.79033168755743988      -0.61080063897081105       -4.7941663252412267E-002
  0.66056820370088121      -0.49990433824849961      -0.56012971788654764     
  0.57740240087621586      -0.74620842265862819      -0.33132983176232028     
  0.44210783973060180      -0.11402977182357460      -0.88968414012308328     
 -0.45417954424121032      -0.21072486998690601      -0.86563038923191993     
 -0.93776757420801393       -1.7349226038174070E-002 -0.34682990228622090     
 -0.29096941577060997        7.6665723242469938E-002 -0.95365568522700817     
 -0.72522772314073558      -0.34306333764130692      -0.59695250728554583     
 -0.99083811929760124      -0.11878905506993764       -6.4257153239008546E-002
 -0.66513119601193016       0.65043778154136012       0.36678492940035323     
 -0.40889053070258985       0.56570546281326273       0.71609068088123728     
 -0.48242933381604969       0.71502734126246081       0.50596229021628081     
 -0.61345582168867618       0.58652258151162961      -0.52883193569713771     
 -0.71376197605880654       0.55477017361805359      -0.42752063809414903     
 -0.17614639351766984       0.86813603058551247      -0.46401754325666178     
 -0.16242118926107713       0.48295437068262276      -0.86045013400986192     
 -0.17718532610195983       0.82592867570856765      -0.53520760724829175     
  0.34956313557842966       0.66877220555026007      -0.65616259519119358     
  0.38096370957010006       0.40092491644857609      -0.83314216275574948     
  0.21049941513315834       0.70356172900162639      -0.67874213786448612     
  0.27679759215050515       0.38136017151814078      -0.88201332901455398     
  0.43883895398930078       0.88570335278602619       0.15149238702044221     
  0.44628319645469838       0.87499868843137352      -0.18763955821074221     
  0.31566964588813101       0.66285182073426363      -0.67895518144730282     
 -0.22689973929251928       0.79706668901509015      -0.55964381670083396     
 -0.46686663054054728       0.81548958076283007      -0.34207059644903137     
 -0.78515642140686226       0.50617304694041609       0.35681681641233010     
 -0.65031157936599759       0.64189376585385371       0.40628468233551374     
 -0.67526303162809365       0.43274321490035550       0.59728816167255105     
 -0.57782804307687075       0.10052711721409149       0.80994385690526605     
 -0.27469556928820199       0.10217867321442765       0.95608674447120734     
 -0.15571803631580139       0.68699831678935475       0.70977827939050042     
  -7.4769208089366837E-002  0.80249017551422697       0.59196206274122987     
  0.35801670542293496       0.92379653900286696      -0.13573501082791531     
  0.62390107704146625       0.68414666469770402       0.37774434112171856     
  0.67832650493256108       0.55833828543593578       0.47763114609752161     
  0.80070137463007196       -3.7442253560789888E-002  0.59789245380237865     
  0.89437880835486216      -0.38287342568888300       0.23128875257357095     
  0.94283220694867653       0.32879512636552671        5.4416857852834538E-002
  0.85530300411760873      -0.51572842316286616       -4.9809283164778999E-002
  0.75171969737139888      -0.49547038484847594      -0.43523165592816598     
  0.84042308456218751      -0.54011588655998510       -4.4315550549789640E-002
  0.85489937810556071      -0.46159773405356402      -0.23680072895016360     
  0.76027427704748596      -0.60845785903713612       0.22751276323720462     
  -2.5059486044955399E-002 -0.89079621212148397       0.45371150594751752     
  -4.4033233598292476E-002 -0.76493925000486718       0.64259553230693944     
 -0.77151010657849606      -0.61063645881028128      -0.17859247077880791     
 -0.93665545409714612      -0.33276066351527378       0.10930188071094239     
 -0.99631325066124177       -5.7163571134136136E-002  -6.3970561135694021E-002
 -0.68172021396766014       -9.6890408029317379E-002 -0.72516880703721487     
 -0.67293114709695401       -2.9050901604295576E-003 -0.73969941984425025     
 -0.72120813509565007       0.37842898769936184      -0.58021575912816614     
 -0.43910830961044212       0.36763980778626765      -0.81977122672238467     
  0.11126951724716858       0.41681188406818609      -0.90215683106160105     
  0.29289426795760770       0.16074633303073152      -0.94253570978225476     
  0.10104706939163739      -0.74316593741579973      -0.66143320088447166     
  0.26127747859263023      -0.76154944033849525      -0.59310751900510728     
  0.20309127694721849      -0.52471761095353631      -0.82669544693505348     
  0.69882017513893979      -0.68613114905342565      -0.20217420487639348     
  0.85040204929214447      -0.31280428052105846      -0.42304826751500618     
  0.44864626502882532       -9.7180540213663957E-002 -0.88841008069443372     
  0.82177499930915499      -0.10694477485286059      -0.55968622070060170     
  0.81954959381377668      -0.42262025102940382      -0.38695036723015030     
  0.86893335045026243      -0.47803330014967965      -0.12821464979981881     
  0.39392640325077999      -0.91899978778436475       -1.6167216030832210E-002
  0.47626145168259670      -0.81403445487486081      -0.33244989986125528     
  0.83166732526718723      -0.21662855676058507       0.51127441602210777     
  0.93811834900513869       0.22635593663756279      -0.26210103626049225     
  0.99574734020429623        3.1858434745721566E-002  -8.6442319564098272E-002
  0.69495410848365868      -0.23638107158563088       0.67908966719993424     
  0.20360345933791374      -0.80704318925120577       0.55428054451593400     
 -0.51730826675959196      -0.27960603096942610       0.80883411438176789     
 -0.56807347582530399      -0.16100168288728012       0.80707557525379836     
 -0.44310384950667203      -0.33172553187741954       0.83283680877650790     
 -0.88005558237120007        1.6546468749890242E-002  0.47458232827321750     
 -0.87705064057291848       0.11002160986007839       0.46762957480727746     
 -0.74871313674774742       0.62910312604162510      -0.20894471916273200     
 -0.95282205241955131       0.23385473426890901       0.19349961158362966     
 -0.98562717290656410        5.6117205930214980E-003 -0.16884189237328395     
 -0.96649760033537813      -0.25415751765008754        3.5865648856011713E-002
 -0.94306568245545497      -0.10092002781217566       0.31692627937929790     
 -0.83328649111143371       0.13575172201810576       0.53591519263808773     
 -0.38397777782683418       0.16701696237024272       0.90811144713398662     
 -0.41789711791297662       0.10689079532024333       0.90218421440183394     
   8.8978046754356208E-002  0.57295225918578152       0.81474450957935562     
   1.1655145891901891E-003  0.58058053141490784       0.81420199466576171     
 -0.42364154398496906       -8.8119798489596113E-002  0.90153355085884468     
 -0.92629732097170847        8.8498013286499463E-002  0.36625315671675307     
 -0.35214422194322120      -0.63011595991172742       0.69206092507561390     
  -3.6574532285298361E-002 -0.21979701249953107       0.97485977293372916     
  -1.4594849286314465E-002 -0.43472032533250338       0.90044723838606977     
  0.46095033000364088       0.47669301423930144       0.74852425708521686     
  0.61766937487680140      -0.28143644875152851       0.73435554648507384     
  0.35438639987491688      -0.89478743381055448       0.27159846810757005     
  0.97980545216975568      -0.17497331748880737       -9.6776102759672897E-002
  0.99328101713750283        1.9591154251600906E-002  0.11405703691287461     
  0.87509270997115507      -0.14886410475632214      -0.46049128902769754     
  0.96791238650664413      -0.18181831717889790      -0.17345809749093927     
  0.29885911301132922      -0.93187554434170150       0.20564824440750376     
  0.90833960150657511      -0.36516733360853010      -0.20389209597249741     
