 -0.75828275237758769       0.17174267744191535       0.62889722546035232     
 -0.98849308884392417      -0.13415421881549655        6.9886042109887178E-002
 -0.61141503280886322       0.49684296688423796      -0.61588856452525065     
 -0.19776680113888934      -0.24862445245795267      -0.94819521935477313     
  -4.7165364279811960E-002 -0.63967031861611978      -0.76720095926287502     
 -0.18290166386689571      -0.33946831836496522      -0.92266366688040269     
  -4.9249357579083865E-002 -0.61737296281778997      -0.78512745816180018     
  -4.4855122738179980E-002 -0.99029292840140959      -0.13155962116962580     
 -0.29703500119976700      -0.64478662344736670       0.70428717032585331     
  -4.3635067474305136E-002 -0.49512448780087842       0.86772560321015835     
  0.40937176895896155       0.14361368237110622       0.90099382074196643     
  0.71965642952212572       0.39539626713228904       0.57075074716140484     
  0.91047635880252453       0.38191168433282036       0.15867030419001407     
  0.74553262060514847       -6.6085434212991456E-002 -0.66318461004345297     
 -0.42690455946432182      -0.53885860132568453      -0.72621202474614566     
 -0.82895258841590269      -0.22467859031943782      -0.51220809951685420     
 -0.73987728686169230       0.63496628712245706      -0.22225979079475183     
 -0.17776485419866797       0.78230343316976303      -0.59699329565960468     
  0.20300102982353527       0.95659586779243611      -0.20908115078365672     
  0.51306285111147643       0.80988460125292983       0.28434739925440589     
  0.77789541142702012       0.34833113184265763       0.52301448495237401     
  0.81554261261604077       -9.3268382226549762E-002  0.57113155742285293     
  0.46645017761661672      -0.54426322392806403       0.69728170410592993     
  0.72173977557797286       0.14541493352689119       0.67671721823523800     
 -0.25534940384152427      -0.32709771045699981       0.90983722157952962     
