 -0.29616723363340991       0.95206208221499056       -7.6568670684315651E-002
 -0.16792767770975028       0.67894282805446382      -0.71472857176161575     
 -0.31642033490687660      -0.23417490993205670      -0.91926072646214174     
 -0.59757558612448936      -0.78184237642432175      -0.17783677149318508     
 -0.25539162309429542      -0.93679148280934521      -0.23915860132786426     
 -0.27169009426771218      -0.58562635028612942      -0.76369252355078054     
  -5.0806598149297277E-002 -0.66264485657303673      -0.74720846063316071     
  0.41202431167534731      -0.84349782491810343      -0.34459742591447373     
 -0.29673808723325512      -0.54548788935113990       0.78383000080144061     
   2.0140474842929600E-002 -0.96562360243022660       0.25916292115727979     
  0.42741955756926275      -0.52811458696137115       0.73376256707868337     
  0.95211529396419681       -5.3741557924572303E-002  0.30097892276918092     
  0.97876382577024212       0.20288295580844679       -2.9323703824953924E-002
  0.45521555946140851       0.77190558419138522      -0.44377985929780683     
 -0.70593214328968534       0.54070720812628903      -0.45748827761015004     
 -0.67250986811850388       0.10196555622388713      -0.73303035587021503     
 -0.99675004030635750        2.5342208588732221E-002  -7.6466526095708670E-002
 -0.91299515349436644       0.35703060144999993       0.19740567196521636     
  0.11349920506150440       0.99333355289931347        2.0158946768887284E-002
  0.43444087460701769       0.89029010906700246      -0.13654540698299678     
  0.77146310841981025       0.32611678232877517       0.54634468665007374     
  0.85330823802209632       0.23191173836320200       0.46699250158111955     
  0.43992749800616820       0.15021462199907062       0.88538091454227885     
 -0.18115248436995982      -0.21923018696353741       0.95870845543915761     
  -7.8261439022912660E-002  0.71919334330689755       0.69038835600341519     
