  -9.5449801212120100E-002  0.92704511953075075       0.36259713430025053     
 -0.59876958663179047       0.63668197166128815      -0.48591259408073456     
 -0.52251996543772838      -0.30143727873593640      -0.79756407435841670     
 -0.15705940229977194      -0.75351893018778249      -0.63838982291220492     
 -0.22985018345997432      -0.95690167952939420       0.17750512352382930     
  -6.8008248026937917E-002 -0.56393887876557802      -0.82301143322370807     
  -8.2075546559877754E-002 -0.86200189414330675      -0.50021629236784515     
 -0.16739480010935759      -0.70506712458041809      -0.68910037783493683     
   7.3663925598688132E-002 -0.97130559422263918      -0.22613948946877466     
  0.39509349430363355      -0.90480554856784590       0.15883340341309848     
  0.59183940070513463      -0.51515450018985276       0.61995319557779238     
  0.91976263213857745      -0.20314632543996142       0.33580987326424006     
  0.69667298435987846       0.70341406043710220       0.14090923476649492     
  0.15627514837587778       0.95947710401955399      -0.23448190732407070     
 -0.61784839024171245       0.77030176577053722      -0.15779276385980592     
 -0.98402811841655524       0.16427010711361173       -6.8585669600015942E-002
 -0.96137319553387568      -0.25290154895531747      -0.10863878425778131     
 -0.92789430859069444      -0.19564492048530019       0.31738811756788832     
   8.4818067912309031E-002  0.84850645505826894       0.52234346083785821     
  0.28944900089461001       0.92251067506602691       0.25532984602340381     
  0.66371430245845775       0.74003121962314988      -0.10879852340522631     
  0.66755155461548821       0.74230269123008741        5.7979621618523908E-002
  0.80896197269076175        5.9831223496484842E-003  0.58783052743731967     
  0.60559119727166988      -0.14095340300465495       0.78319310515892826     
 -0.13794329566821051       0.78178171729188495       0.60810278217447267     
