 -0.38800867400362504       0.80278296107853553      -0.45275687327740893     
 -0.39385846840693950       0.91686311435497858       -6.5096362413153600E-002
 -0.13521248744504832       0.86133790307492408      -0.48970868888085350     
 -0.25963621216625093       0.96294925211496052        7.2923077164803007E-002
 -0.26635429533362703       0.73958879368646513       0.61811310098615657     
  0.13190870314794925       0.98797953737385047        8.0601040715129510E-002
 -0.27525290112885309       0.92558355120955460       0.25986713942024525     
 -0.29963865561895675       0.86981174411681683      -0.39197475155335670     
 -0.31329281947572246       0.73951969518522809      -0.59578371050080381     
  -1.7907163197686975E-002  0.29305501436536363      -0.95592786969599575     
 -0.32784699670390760      -0.18690264758933717      -0.92605817693940373     
  0.37674873725394936       0.20025065107291876      -0.90441144714251831     
 -0.20754881414565510       0.23677785435018414      -0.94913631130416365     
 -0.48849017233029018       -5.3039195585743458E-002 -0.87095590891179009     
 -0.50589848407610638       0.10936852202712158      -0.85563149205667677     
 -0.77953852383394584      -0.42146474263464806      -0.46334345854317011     
 -0.76038431759299463       0.61745930161031348      -0.20139439022365299     
 -0.55678586865441393       0.59013033591964614       0.58458163082165937     
 -0.71163631906417457       0.55801076277735095       0.42684626976634177     
 -0.91330284952779628       0.39155304610120717       0.11208977265243869     
 -0.56176941226359367       0.66122708805119812       0.49718594657569209     
 -0.49087881240416131       0.24986589252217847       0.83462867629071635     
  0.18436152993926122        1.7030220759604330E-003  0.98285702215240334     
 -0.11237892957458920      -0.46662264023873062       0.87728803012713286     
  0.94527279587824187        5.1845214290593911E-002  0.32213570917821016     
  0.54772386890787372       0.50080201296278937       0.67022078992004941     
  0.72117963550025532       0.65422458835624120       0.22779403269158452     
  0.70838114840163469       0.32993314700565207       0.62397136720861535     
  0.97759692440435719       0.14432654345531498       0.15321260473413245     
  0.78818540107107082       0.15590066702352515      -0.59536438889148358     
  0.70609545016323871      -0.34310305572852418      -0.61944290165323046     
  0.96263787356590358      -0.19427920509579161      -0.18863699224690550     
  0.91250467236317567      -0.40739798215202666        3.6906734533250586E-002
  0.64528270298363510       0.21026476277915032       0.73443785493641955     
  0.88223710562538604       0.15238932148153161       0.44546064265677954     
  0.92925868949811774      -0.36679495507410309       -4.4042580810970726E-002
  0.92469700079330086      -0.37553165806417943        6.2541430391792607E-002
  0.86489493671836770      -0.48178944676417118       0.14083918994951417     
  0.55323539536095778      -0.79139065230902017      -0.26006044058594247     
  0.65110871476403731      -0.75897784067183804        3.1747326581012709E-003
  0.69989556080015991      -0.69314948321714209      -0.17230785788249531     
  0.57129207305937380      -0.81798882311692767        6.7228360944976195E-002
  -7.1930567267597847E-002 -0.93693576043141480       0.34201955253669702     
  -4.4760790568715125E-002 -0.89208485160378337      -0.44964551500795846     
  0.10505431610822283      -0.99407198295900856       -2.8008630153043695E-002
  0.25772388239000665      -0.91313707465079597      -0.31584661363403249     
 -0.19102843602422004      -0.93734725599359503      -0.29135589630459258     
 -0.35762573572128237      -0.64268441604685311      -0.67754009071078047     
 -0.80398557836988782      -0.51054764293337207      -0.30487422663855163     
 -0.85511055823153737      -0.35478963222268195      -0.37803472071794975     
 -0.66822565876024120      -0.24770232311852991      -0.70151124588003555     
 -0.54804777781613168      -0.63220603183949842      -0.54768528055494414     
 -0.96548649535891418      -0.18314228662706566      -0.18518836391249022     
 -0.87916243496390523       -5.4094970754652513E-002 -0.47344180961065790     
 -0.71729725010577772      -0.61370127105374106       0.32993242474441475     
 -0.75281214487390036      -0.65762799360275936        2.8271833339036753E-002
 -0.54432033829649185      -0.80764607005982658      -0.22676682921816863     
 -0.88055393632728296      -0.45526842739121320      -0.13173998724461863     
 -0.91107368181644843        2.2023895043204358E-002 -0.41165482427454914     
 -0.85649326966598260       0.46019786434981891      -0.23374602598695454     
  -9.6025075278743655E-002  0.47320088377363956      -0.87570549188268987     
 -0.30777304585643839       0.57398381515642838      -0.75882694481856039     
 -0.53553399761137666      -0.29078590518318392      -0.79287255895831987     
  -1.8942480129906285E-002 -0.18913608507427404      -0.98176816192482086     
 -0.55471833856733477       -8.0536317791682605E-002 -0.82813130986189976     
 -0.34911639925687671       0.40312889200111279      -0.84593429780556928     
  0.18179441008250652       0.29460711091943814      -0.93816706543045403     
  0.80012956096312793        1.4312858602991696E-002 -0.59965642475632130     
  0.88629921519398847       0.13302157255421979       0.44359774839567423     
  0.91799611823514615      -0.33125678506293077      -0.21806436952172498     
  0.64324359558309629      -0.53680155130793372       0.54596865409536144     
  0.33020759995315374      -0.86362811226519609      -0.38093230978532355     
  0.62909253931970233      -0.47502945802132951      -0.61529634403613187     
  0.61002535150872128      -0.79131213982004445       -4.1160270772017032E-002
  0.77109115194586697      -0.63671764249226093        3.0131594491240900E-003
  0.52493904091016919      -0.66970686142563141       0.52529203600258101     
  0.61627754493679798      -0.78723905634026514       -2.1369505823561369E-002
  0.52690886725632569      -0.32882265839060165       0.78373637464110368     
  0.52894844711780764       0.31795266344736084       0.78684156225913238     
  0.12706874129055312       0.13660521500002437       0.98244213581342066     
  0.47426291979132479       -9.8315707436585145E-003  0.88032836096979050     
   9.5276224359884490E-002  0.15871734077112420       0.98271625956340003     
  -7.1614150342908245E-002 -0.14720196478033959       0.98651051440695992     
 -0.77093473538635793       0.37810661351269237       0.51253782552385996     
 -0.96670764488162819       0.11620233528529667       0.22797663608728191     
 -0.50901226765251506      -0.73431590880427844       0.44909537679232264     
  -1.0624337501528341E-002 -0.96524274659297549       0.26113897373298695     
 -0.12294640088106953      -0.65963030637540676       0.74146614313907955     
  0.16663199708453463      -0.41912056443049672       0.89250867223749053     
 -0.27200315297919070       0.40556362498975318       0.87265825547839060     
 -0.41809851647332613       0.37643328985738267       0.82673551321445449     
 -0.28760555270885613       0.49029625534363414       0.82273484674411479     
 -0.38464612140400783       0.85490688925522462       0.34811143617066898     
 -0.45621269047528645       0.88520163327051127       -9.1038725301452822E-002
 -0.33758631495800762       0.85169144423717869      -0.40082061295080318     
 -0.22070763503145857       0.89008351571375166      -0.39879753621789549     
   2.1954546439190925E-002  0.91922211787818831      -0.39312681909811031     
   8.2506430291048510E-002  0.99217598432899212       -9.3699013236197226E-002
   7.9258362153805217E-002  0.83319417585630062      -0.54727102732361654     
   5.7972647455022945E-002  0.97207670214168662      -0.22738965961629071     
