 -0.49172460962305176       0.82003814246051909       0.29282136739132575     
 -0.41979355460457274      -0.70325883347402662       0.57375986671532353     
 -0.41822987663241445      -0.90608741533442372       -6.3948151377360929E-002
 -0.19622023812959993      -0.97945460826439534       -4.6543404451888482E-002
 -0.44057211901011917      -0.81538858235966449      -0.37554982054102387     
 -0.22570098956938023      -0.57592262181752230      -0.78573035895671173     
 -0.44938430188496897      -0.27492438673704667      -0.84998254734823442     
 -0.33853894696762299      -0.31900347966613074      -0.88522774546833616     
  0.40168797601815870      -0.90336893533450402       0.15023760047018181     
  0.33606874302762163      -0.92342612201653784       0.18531593870288987     
  0.73731040794096381      -0.64325756073493134      -0.20638089276689739     
   2.5518243097321536E-002 -0.78151799558000667      -0.62336060338605248     
  0.66999807847338488       0.37511901284825405      -0.64061556415818810     
 -0.56210023819853883       0.73384384635800282      -0.38146629127568066     
 -0.43416561695322742       0.79895553711688139       0.41613731719938518     
 -0.60353130070961991       0.50144346658891537       0.61992291365868724     
 -0.70268719923379785       0.47214254344518813       0.53227071937322767     
 -0.48506928516360615       0.47470401591555844       0.73441397444799761     
 -0.45057447148189095       0.80242961110714250       0.39126636051065827     
  0.19078329955441214       0.79883057579233874       0.57050104626583265     
  0.35180448737194375       0.81976122937543228       0.45191274542531457     
  0.74470563525338662       0.66607493370772008       -4.1924927049602954E-002
  0.90273209920642228       0.42965002511431710        2.1808552947194453E-002
  0.79113555581014772      -0.14757034458575555       0.59357183704402705     
   3.2191814522267409E-002  0.83062718454932960       0.55589762309745883     
