 -0.73471208002905564       -7.2806216643227839E-002  0.67446083227826237     
 -0.42735982140501549      -0.26425724164118330       0.86459915179745228     
 -0.19531842196613561      -0.45461664721405787       0.86900772040098262     
 -0.21882116052070960       -2.7124701923570110E-002  0.97538789732798958     
  0.46969540830991119       0.21247156508558723       0.85687925487938998     
  0.82016619530464541      -0.53460034364556830       0.20378882367181514     
  0.89153318844660612      -0.41042127206593593       0.19163233895670473     
  0.96477844674404778       0.15911909081308712       0.20948428016671400     
  0.94894415253020115      -0.11285970311569773      -0.29456354627037135     
  0.46312665246862961       0.68346326426139259      -0.56426205807085972     
  0.92262631170193021       0.28805708639608618       0.25648353540196256     
  0.49456178241726523       0.73393897725787915      -0.46555581946090518     
 -0.29890143084050702       0.92861416920529405      -0.21984917419144384     
  -6.7795527520509713E-002  0.76367013805791639      -0.64203713809000962     
 -0.57113851453111419       0.80560219527572852      -0.15749888947581497     
   1.8450002745125205E-002  0.79814434694865133      -0.60218369193512289     
 -0.21948675804579484       0.79515720248737531      -0.56528805610503641     
 -0.64604637380729579       0.69791681482564472       0.30908931148466628     
 -0.50716413624487777       0.86138568956156802        2.8270704369126098E-002
 -0.43238989749790030       0.88452103712249952       0.17510428729614563     
 -0.26406674481743730       0.95049511924281471       0.16379188800766656     
   7.8438975402025296E-002  0.91572588346624639      -0.39407287839667859     
  0.41562976370732468        3.3301522262624114E-003 -0.90952779485112512     
  0.41517792193707437      -0.40645667611249853      -0.81389204663739245     
 -0.10019268498587885      -0.96033538856822431      -0.26022560853775878     
 -0.64710083552045028      -0.69450479529854081      -0.31452122023175538     
 -0.44009137419690414      -0.85941777532308550       0.26023195387231890     
 -0.79216600834033557      -0.51913786511036575       0.32088766295823917     
 -0.35849439957955914      -0.78410249290891876       0.50662120571893732     
 -0.52641561824090555      -0.84658029656722200        7.8666373605376913E-002
 -0.20102884175217939      -0.89629561492906962       0.39527405106167351     
 -0.60549498029935422      -0.57122090002480153       0.55415026139772261     
 -0.59425015470416909      -0.60715431268491826       0.52747549158438856     
 -0.26875861192390788      -0.50962062599340008       0.81734669882421829     
 -0.44999655586819864       0.18931999354111040       0.87273194037594859     
 -0.64840789814567590       0.71060391486562724       0.27314698204442461     
 -0.89765741580519287       0.41876485789654877       0.13728495052570372     
   9.1668822970596961E-002  0.99396028207805376       -6.0330626936166420E-002
  0.79128001714727692       0.59332319026162961       0.14779555595885543     
  0.44841322504550213       0.80598037084425789      -0.38642104163471119     
  0.72592081923708551       0.60774435498742296      -0.32200273784410216     
  0.88273356394948910       0.46344276962513498       -7.7474217383895691E-002
  0.58925615939560894       0.79565353747414647      -0.14040166280791663     
  0.45236498421429766       0.22028820047742384      -0.86419848980847191     
  0.34815480252079772       -4.6139564904864233E-002 -0.93630089930113702     
  -1.6954909180981369E-002   3.9290847016292624E-002 -0.99908396063365856     
 -0.12092115506225276        1.8652655848097978E-002 -0.99248685265258729     
  0.39389175638090401      -0.55461181262147408      -0.73297682197728020     
  0.28445423171453327      -0.73212273553955876      -0.61893625694879073     
  0.59300346000573789      -0.73824138155672325      -0.32147559624092764     
  0.34065425906864194      -0.63435755502567726       0.69393455610760313     
  0.42221816566232850      -0.13855097627194074       0.89584342803797490     
  0.49784235381915648      -0.16842699127413879       0.85075574600125581     
  0.56424502064159976        6.9329969495203314E-002  0.82269126165953588     
  0.41744536838305940        4.1526217701544146E-003  0.90869253334005817     
  0.71146695275344718      -0.32928381339699986       0.62079541346120226     
  0.59407784852652112      -0.70205435866264621      -0.39267185711848301     
  0.61306879587044016      -0.78968914909656140        2.3188344682534362E-002
  0.20284979902240727      -0.89943514708686956       0.38712837046823872     
  -4.9675168491013333E-002 -0.60887371060246653       0.79171028929310572     
 -0.24748806025507547      -0.35976943163372432       0.89961970637215849     
 -0.84504470944641574      -0.20682317904179481       0.49307566523573942     
 -0.76091505564903528      -0.25212925833428018       0.59786212054153609     
 -0.92072108893142091      -0.27458615420459870       0.27726362963082085     
 -0.99481353327810118       -1.9168899584143945E-002   9.9892879102983501E-002
 -0.95562286849345823       0.26463926184520331      -0.12942563232356574     
 -0.95108026910511556       -2.7228906831775528E-002 -0.30774162596514859     
 -0.91420079830622725       0.22807334708734683      -0.33499171441189890     
 -0.71548419348856740       0.42607738771022724      -0.55366093283710083     
 -0.63322902977728468       0.40720624078763645      -0.65818240124673377     
 -0.71980046874827464        9.6801661930190866E-002 -0.68739851864643764     
 -0.76308957869789473        4.5277557953099165E-002 -0.64470476780341646     
 -0.97562542930401763       0.16544696671160380       0.14416075367890419     
 -0.93070086436925537      -0.32217452632964449       0.17320356707233389     
 -0.21221573778296532      -0.28809944723557829       0.93378969213618390     
 -0.20787628251225992      -0.86662410561155556       0.45359685927247884     
  0.55285748842444138      -0.82715343843313305      -0.10082552643682613     
  0.34750399450458519      -0.89423681338824113       0.28210192375205312     
 -0.23065972601702181      -0.88399533138675079       0.40663047706756644     
   9.4268932494513166E-002 -0.99254762858648315       -7.7217701038673897E-002
 -0.67212134040116156      -0.64849721586312281      -0.35735733488363269     
 -0.21172999716526153      -0.44824169347097875      -0.86847555667081699     
  0.21341208452230676      -0.26032491598386426      -0.94164017559673452     
  0.34163463653508469        9.6311312089440326E-002 -0.93488496954607481     
  0.54446852008610325      -0.35870859283708456      -0.75820984961955173     
  0.36606812037260578      -0.69821406093571514      -0.61521643050112984     
 -0.17513001554938612       0.21363059560351982      -0.96108867763373651     
  -1.2502798709287909E-002  0.74440008792286072      -0.66761679811467656     
  0.60695602355169820       0.52532852522155027      -0.59635084142044825     
   7.4215586145589180E-002  0.71809831367840948      -0.69197316325512115     
  0.47332101451038178       0.77085208865463917      -0.42632648831577064     
  0.86612148983638870       0.21444979640291470      -0.45149180465026234     
  0.91370463033292670       0.15133822585091578      -0.37714796818287644     
  0.72669293090959919       0.66232205182879511       0.18233728040999891     
  0.48942448990658627       0.68015210918163682       0.54576256472521845     
   9.3483018368403920E-002  0.72629427299822313       0.68099747010302192     
  0.11513614636823456       0.83101797749893358       0.54419921800113891     
 -0.48093399567099426        7.2625446223581774E-002  0.87374369031699706     
 -0.54044981174498063        2.3190100040270986E-002  0.84105660941754823     
 -0.54452369671736078      -0.12585945156449049       0.82924866123808061     
