 -0.72839914716822152       0.54606900583067752       0.41381556673917547     
 -0.98650259301936460       0.15843968295018204        4.1346110248038422E-002
 -0.98258499277783429      -0.11401640098019547       0.14672079701001636     
 -0.92958359113224209      -0.36859434526790646        3.5434071416229878E-003
 -0.76873125669425679      -0.53624988277339392      -0.34855174394449684     
 -0.51063069278335815      -0.42499450003392425      -0.74741954117382225     
 -0.58578452733347353      -0.78654294585233653      -0.19546529581136257     
 -0.29608305945105179      -0.93288464249223779      -0.20508794627735147     
  -6.3835120910611137E-002 -0.87818776647391306      -0.47403726030125937     
  0.19195695246449745      -0.98078770600766019        3.4756354019476757E-002
  0.41786075571983589      -0.75501547477189423       0.50531576433375180     
   6.1887842694561754E-002 -0.76224430563329459       0.64432407486932963     
 -0.17922206004555757      -0.48020096168266774       0.85865388230187512     
 -0.14126257599031741       0.17081089789596046       0.97512487496966094     
  0.25552035050076538        7.6939964820232895E-002  0.96373730460818030     
   2.2482278023660367E-002 -0.97752774481663784       0.20960452115504574     
  0.12741474162361335      -0.90726243286036157      -0.40079965261628131     
 -0.13803220364038860      -0.70008955078652768      -0.70058670529618061     
 -0.16846307734391899      -0.36945801748632745      -0.91384953076911590     
 -0.64436055312165663      -0.67413154667412989      -0.36103481183885355     
 -0.87702812454649259      -0.14943565681634172      -0.45660776737409686     
 -0.33751741778509597       0.26607078916702526      -0.90293318016547275     
 -0.44278256426649043      -0.55304440941628408      -0.70575171412826554     
 -0.45956424247839939      -0.58337179442685227      -0.66968504276449248     
  -9.5534044511093749E-002 -0.87020661457656578      -0.48333600557639972     
  0.56092570179541268      -0.79985822913518845      -0.21351620629372023     
  0.60590370410174910      -0.79362371805063758        5.5155194708111262E-002
  0.61902162540823702      -0.72047607009812931      -0.31261231532511941     
  0.61615975314583116      -0.65335532867529789      -0.43985676429367765     
  0.64434695866710978      -0.76029651015634436        8.2256996666225199E-002
  0.61490931239451097      -0.74896231357702980      -0.24686431571177345     
  0.10201089646504277      -0.86992650715288022      -0.48251595740987879     
  0.21298685840158560      -0.97703186033314815        6.7336499895179003E-003
 -0.44026632283143385      -0.88988318419132806      -0.11947168482124129     
  -6.7702525824909821E-002 -0.86959454866900499      -0.48910294307234103     
  0.64212729782650368       0.20469817103914556      -0.73876328560591686     
  0.37655177035600412       0.54158892340415199      -0.75159177901817953     
  0.72120853780282645       0.69136006329498179        4.3353291467862515E-002
  0.54701779305207721       0.82967777246336094      -0.11138369703270939     
  0.35438609672540200       0.77168722455734984      -0.52811866271012808     
  -5.5035285234808155E-002  0.94258621042941582      -0.32939695397414276     
 -0.34171216840712199       0.48210926718452130      -0.80672389852869075     
 -0.80109753782326054       0.59726422697229320       -3.8963804648324524E-002
 -0.73272597109997939       0.63525858727225071       0.24404749245259472     
 -0.55933488851370228       0.80198150915522648       0.20969058506393468     
 -0.50766811324874817       0.64006324275478133       0.57670801283200313     
 -0.63492598840845849       0.45830823608054827       0.62195060091961551     
 -0.69666407711450706       0.56193936112754606       0.44596335956415861     
 -0.62822238931426511       0.56050106859902193       0.53960650632070173     
 -0.48865606415565249       0.15650662169048835       0.85832448894978386     
 -0.27768838665763074      -0.19253980216417801       0.94117882705575162     
  0.26310916367592241      -0.25016544925776002       0.93176757616232231     
  0.92451411119158755       0.10058281231370605       0.36763671752789340     
  0.79750632145296141      -0.16493216020048435       0.58032839821445670     
  0.52266031588501016      -0.79294780004265719       0.31314530270546526     
  0.83082797639225303      -0.14306076545553695       0.53782756626195893     
  0.93256020542131923       0.15599017677635121       0.32557415132933909     
  0.81766091191911805      -0.42660235676755204      -0.38657607572113595     
  0.69561119672208827      -0.25109200800956116      -0.67311059010283081     
  0.93596083139749964      -0.22555511091241007       0.27037421110561233     
  0.86683508077510729        2.0385263420887603E-002 -0.49817806432326273     
  0.85226528115969702       0.37360117462308318      -0.36615031455676611     
  0.67449077643560118       0.67116331477883251      -0.30757437701861035     
  0.54896867197749366       0.79115179949400216      -0.26965204865649600     
 -0.32824132169519160       0.94186180325866831       -7.1791213209401683E-002
 -0.15783643527337987       0.82881918780757990      -0.53679271010524887     
  0.65578343989912835       0.74558861081488625      -0.11851457031588550     
  0.16961050887064064       0.92262595298829719      -0.34640096153597388     
  0.27902643198418642       0.48920684029888317      -0.82632978746921049     
  0.54193606832028862        8.0985495273710628E-002 -0.83650860569916852     
  0.24065163131288445      -0.10786097481059134      -0.96459981466892541     
  -6.0911028544335749E-002  0.15720462842036034      -0.98568582794157455     
  -2.7056397361825670E-002 -0.16414254053622787      -0.98606550378162228     
 -0.12316638520407325       0.21841510788281598      -0.96805210717413270     
 -0.45422712868708903       -3.1937302215942702E-002 -0.89031327311898967     
 -0.42671555358475521       0.10355165462095089      -0.89843802855516308     
 -0.45818069338340650       -4.7600736701872426E-002 -0.88758358596589004     
 -0.61715411405868392       0.20189774356212523      -0.76049858687897121     
 -0.86864785024684865       0.49425595713717863       -3.4087550453021732E-002
 -0.77232436927080483       0.44044651150595177       0.45773566513070324     
 -0.31938693266888418       0.75916812407145573       0.56714702382553950     
 -0.75828790866701090       0.31012889083923012       0.57342786698611081     
 -0.39685663759037410       0.45528587864984682       0.79700663604672439     
 -0.52358209223565055       0.72339399820982908       0.45006990128663882     
 -0.36599005099800147       0.33257550089400012       0.86916328660130260     
 -0.45954152765207879      -0.66470695824780590       0.58905538281227798     
 -0.58662934400114319      -0.46865313227842437       0.66047729284386203     
 -0.53325221436760906       0.83715015221657774       0.12174439829333393     
 -0.24729157286679893       0.26693551353344747       0.93144635358334016     
  0.54483660077885132       0.56002342722098319       0.62412085321310451     
  0.43632885769098551       0.57817214073568324       0.68944477924138692     
  0.50925507679579918       0.48154532056557142       0.71328351375810406     
  0.20287503717706667       0.11290546602506260       0.97267367345479683     
  0.80804367454509507       -3.7240411475692875E-003  0.58911081431692391     
  0.74294423211739391       0.37325236302777232       0.55562266103683200     
  0.96450769328926222       0.12877060663709106       0.23052774334583789     
  0.95666989780571476       0.11833943261848040       0.26604226228158195     
  0.35477092871261434        1.7372272839587671E-002  0.93479184435718377     
  0.50691744597599175       0.53005295266505725       0.67976361357180115     
   3.6167973859954405E-002  0.87946011694586324       0.47459643948137248     
