 -0.63680812312124169      -0.40100190845919437       0.65853844514868298     
 -0.43929431954688775      -0.88580845162378685       0.14954560456822216     
 -0.16747495057431147      -0.91527425425434805      -0.36636754827527723     
  -1.7885507986760134E-002 -0.99584292928298146        8.9313877987203416E-002
  0.34754539610386193      -0.93714409421292899        3.1195261319598509E-002
  0.45396236976465709      -0.52631623533666549      -0.71896410707260050     
 -0.14395164674996355      -0.26139891266065540      -0.95443623771196529     
 -0.14654506442953766       0.55257057679615973      -0.82048174979733501     
   2.3948808803754509E-002 -0.86231415053670812      -0.50580703864323207     
 -0.35208945219360599      -0.85936322916194829      -0.37084748619662139     
  -2.3300105102360899E-002 -0.99969066457582878       -8.6994403350594690E-003
   9.1629655808062996E-002 -0.94695320225849211      -0.30803187969571572     
 -0.18576182397973418      -0.26532612859288501      -0.94609438759439990     
  -2.7333557808396476E-002  0.82134254403053442      -0.56978004702075391     
  0.31458486312115308       0.89820289054700608      -0.30703083120111940     
  0.72264442179675548       0.16016266237362189       0.67240832923711924     
   3.2150513801887950E-002  0.55309512042299513       0.83249752685913025     
 -0.51944906465137242       0.73433445585031043       0.43695031317511751     
   2.6710496279663425E-002  0.86071425725657003       0.50838717208812989     
  0.59081091499216654       0.72746113512803023       0.34891655106106462     
   4.2381746468005382E-002  0.99100362454601465       0.12694724771722823     
  0.53904066259728922       0.81458626316043203       0.21420640498594801     
  0.49271943547204339       0.53044112280486355       0.68982590060510163     
 -0.16298039898001743       0.87074838833427171       0.46393386787514285     
  -9.3265986335963780E-002  0.15500439284580839       0.98350144585112997     
