 -0.60695788351070390      -0.33980740849225366       0.71842400626506553     
 -0.24314466446161520      -0.93652762617229279       0.25258004188753580     
  0.54877795844478494      -0.82607667386428607       0.12821888013256794     
  0.52374683825578849      -0.72059644680460155       0.45434569467489505     
  0.48045102391724637      -0.37390643087422348      -0.79332262955731214     
 -0.15506270392606433      -0.77022082097396016      -0.61863999611191001     
 -0.24123911546344773      -0.15571154560970779      -0.95789227146596401     
 -0.16630446373474700      -0.23307326560728936      -0.95813343444483234     
  0.12997866935651925      -0.58302054916311596      -0.80199288323890294     
 -0.67677652953860612      -0.65584484306843205      -0.33442648053978297     
  -9.4925056246271650E-002 -0.94764990458663545       0.30487520731205875     
  0.61722601003180178      -0.78514574905988843       -5.0776030500613231E-002
  0.20510974429815504      -0.45999293741693303      -0.86390768622606651     
 -0.81203759161978406       -8.8883019693728346E-002 -0.57679698214055508     
 -0.18558601994935373       0.80000009526075744      -0.57057661780179647     
  0.23719374408558466       0.85583027792565503       0.45966690456501713     
  -3.4444095530608218E-002  0.46286602249393538       0.88575879871652330     
 -0.67341883412079906       0.45175718134836207       0.58516879868252769     
   3.3112833646562922E-002  0.93105430090167818       0.36337505283162008     
  0.62165226237944260       0.74314704044339253       0.24754987569930739     
  0.10912409675957011       0.99384449472500569       -1.9106329087588816E-002
  0.15968654222581358       0.79471294365726042       0.58560357360212445     
  0.50856055560182867       0.75873684678456710      -0.40704368146107317     
  -7.5209254853598209E-002  0.94199800037917736       0.32708307089485500     
 -0.59856498281255477       0.12570413766806843       0.79115006864925075     
