 -0.84798232594704592      -0.18777034242822946      -0.49564934518853454     
  -8.6816148633933832E-002 -0.91741812550976809      -0.38833869150847178     
  0.43169920734914657      -0.84041672791182598       0.32762099722102239     
  0.69541590809178511      -0.36836479920540210       0.61701222798193178     
  0.87680396044392550        1.5927747786609492E-002  0.48058414643045511     
  0.64072223930703331      -0.48704443010904608       0.59351725767424424     
   8.0654764222174130E-002 -0.42158247162232237       0.90319600786821230     
 -0.65703501158084787      -0.55711398090369402      -0.50786711435039933     
 -0.34344872304149637        6.8572734196452961E-002 -0.93666469708536126     
 -0.74459422504761696       0.66465612482373304       -6.1738770315270697E-002
  -5.7184671614851329E-002  0.87828452853509065      -0.47470643588241956     
 -0.24310571374322518       0.95005369660221251      -0.19569768909694368     
  -7.6763574755861916E-002  0.84072244303090227       0.53599732030567093     
 -0.12151365947992364       0.95597403534095271       0.26711060314738549     
 -0.32929801805936493       0.61194783037119715       0.71908460434511212     
 -0.72207752880596587       -6.4721414422588469E-002  0.68877803457182063     
 -0.76929085383785989      -0.51699986827320787       0.37537010856872083     
 -0.55039855629889434      -0.83419817624693215       -3.4275821950490171E-002
  0.43723066028003704      -0.87995649291856415      -0.18575769238860118     
  0.40608785026421634      -0.83673412307758699       0.36738081760672037     
  0.98967020664203187        8.0578216277113229E-002 -0.11857501063341060     
  0.69701020884701903       0.71527232765398341       -5.0618831036305482E-002
  0.63859436439639317       0.65308718375327479      -0.40703116364519742     
 -0.29068982009912636       0.78435134908824344      -0.54798940653463379     
 -0.80906014280933203       0.23259598241290930      -0.53974141427420419     
