   1.5031922318118673E-002  0.43199772586719026       0.90174941428146071     
 -0.62862142451952396       0.77728873693656075        2.5638331977351971E-002
 -0.36132119502978716       -6.1332160269431293E-002 -0.93042214082581276     
  0.44173680025023176      -0.72581791876186141      -0.52731105441556436     
   3.0903310500230666E-002 -0.84796224355662098      -0.52915500460877074     
 -0.15239564521561194      -0.77567991134614045      -0.61245101228862797     
 -0.15415596637460219      -0.87982990950226325      -0.44959455999414250     
 -0.20167523681391464      -0.50316077995907715      -0.84033108259008293     
 -0.52982776258514475      -0.51988761314745147      -0.67007418372137306     
 -0.46054968927718548      -0.57835910644008681      -0.67334591979495395     
 -0.52178148674302316      -0.77178831023070749       0.36343759338221665     
 -0.36213117332884071      -0.88458785575794008       0.29387980323430635     
 -0.12798333197584763      -0.99090857222069395       -4.1478527407475388E-002
  -4.9707264490949504E-002 -0.63985962004309860      -0.76688255586831322     
  0.97233395830075364       0.22747226144247212        5.3132323584016747E-002
  0.62064838663085475       0.48409796565090085       0.61680202644381843     
   4.2866300770979894E-002  0.87079979848857969       0.48976544509640124     
   3.0197177038915834E-002  0.92453398558126565       0.37990135562285987     
   7.4791269305048327E-002  0.84975630988193518       0.52184334799973187     
  0.47811232682218197       0.56724579582506263       0.67055261542959055     
  0.12910056540019049       0.80009421010485460       0.58581763286029342     
  0.80663564473905813       0.53639812646580298      -0.24822567667422848     
  0.65673834829798050       0.58342856278138910       0.47781361848077797     
  0.25347960877898457       0.38075994384396777       0.88925246870458385     
 -0.37405610747894102       0.53245483826155837       0.75932461679411944     
