 -0.18146686343753410       0.62512953993212184       0.75913295000174741     
  0.59397267050406954       0.80326543232270697       -4.4284443427124134E-002
 -0.44397553282035190       -7.8055745939463114E-002 -0.89263263820156047     
 -0.36048420928243241      -0.82120361208732018      -0.44235253175801692     
  0.12680920039317620      -0.90248766695008409      -0.41162536085450319     
  -6.9997272285233947E-002 -0.88743255057644954      -0.45559175810149233     
 -0.44126823509406254      -0.88935697366892597      -0.11969343375221850     
 -0.64104072091698505      -0.34182409729469621      -0.68718489552295470     
 -0.93532625702678329      -0.34530434019605827       -7.7004581409392814E-002
 -0.83188003852517400      -0.44408731506000376      -0.33280934197548578     
 -0.19881679681640452      -0.90033648769474994      -0.38712541924954513     
 -0.16001925574653267      -0.97437693487762944      -0.15806146452817504     
  -2.1479064017477366E-002 -0.59273768360286394      -0.80510911573899735     
  0.19551533508761382      -0.95522110542233940      -0.22209546033471667     
  0.96248080733066688       0.26956868236991299        3.1039023912775847E-002
  0.15817691340646736       0.98310358092181427        9.2127158015070293E-002
 -0.17474889848819311       0.71913217239202165       0.67254125606382797     
 -0.30268417970213946       0.81937298984395268       0.48683692431061121     
  0.16475318063704070       0.48363593595859206       0.85962356349708713     
  0.65227233559616360       0.74550010710530268       0.13700507480348109     
  0.36377644364926554       0.92800511480335179        8.0456236207710544E-002
  0.93405235318051583       0.35641750648145992       -2.2644261778207775E-002
  0.18780169650209266       0.91760017592124599       0.35034331724787732     
  0.31116470260002899       0.33038844811614571       0.89107799950803845     
   9.3739702902445293E-002 -0.15478255960483317       0.98349134583986830     
