   7.7494373989861476E-002  0.51459491669800017       0.85392429038437478     
  0.28796722953065268       0.91072401602346187       0.29606864297745644     
 -0.15991742147253862      -0.93179489868284537      -0.32585991637230033     
 -0.35926411088617316      -0.83595769660466934      -0.41485422514005293     
 -0.47874735962722359      -0.66078040501844637      -0.57807458168784887     
  0.12968759591923473      -0.77984414637714794      -0.61239222302866581     
 -0.43620389517390429      -0.85118851053677014      -0.29189772415228304     
 -0.68654916341430472      -0.49277833372950192      -0.53462113690153634     
 -0.87581039530279137      -0.47725655798842120       -7.1988397236063373E-002
 -0.74985367525034263      -0.65337589058846335       0.10401639924208100     
 -0.43588751892106575      -0.82499945014470932       0.35969150408336625     
  -1.2701642958914378E-002 -0.95385613504827682      -0.29999523645701165     
  -9.1601669500703947E-002 -0.89993564478957266      -0.42629211742870415     
   5.7433476404497114E-002 -0.16924738637663114      -0.98389873360664715     
  0.19583298714802017       0.20272951434665962      -0.95945306563555044     
  0.54687061488196620       0.83706751354095743        1.5827455670668140E-002
  -6.8624572964340574E-002  0.44524313632562723       0.89277612957582830     
  0.10706883179333626       0.78185901206142860       0.61419276332168637     
 -0.10264364312038882       0.69870748844904107       0.70800574016896256     
  0.59404824945913082       0.70385105566674255       0.38948731526373120     
  0.49967602771174013       0.84581929074132756       0.18685179886758219     
  0.65418670921003463       0.75603845099090139       -2.1109479297762801E-002
  0.74377353412797276       0.52685186563860731       0.41137336034789024     
  0.33593178994366563       0.38758532811700708       0.85844478327594509     
  0.19897965160683664        9.9754390591922690E-002  0.97491341143920784     
