   9.5228757918096610E-002  0.41368570852551428       0.90542565582552637     
 -0.18692782288590165       0.60613530252243319       0.77308342633066063     
 -0.51710288760617351      -0.52688787643403123      -0.67453225964082564     
  0.12539112981823930      -0.84054515512982331      -0.52703027119005319     
  -8.0786420437129414E-002 -0.89050808717610919      -0.44773753578058073     
 -0.46590396605117368      -0.77290066539177216      -0.43076450161863339     
 -0.45272628502941170      -0.41811484837044127      -0.78753976687885752     
 -0.80224693602000496      -0.45817432695120680      -0.38272201369834857     
 -0.88948601591683896      -0.22127692159557133      -0.39981389602861817     
 -0.98783646017014082        1.0236942633669100E-002  0.15515905698362065     
 -0.99163190728594508       -9.3609648009029517E-002   8.8901036282264603E-002
 -0.91753297144826418      -0.35739779163828572      -0.17435614367549135     
 -0.85317561754793081        1.1831846021681074E-002 -0.52148957136400942     
  0.31856852152472742       0.16717628586367725      -0.93304136378746183     
  0.58082565338332259      -0.11299384311196159      -0.80614759925874269     
  0.96700843967832306       -8.6164258367643409E-002 -0.23972984413894138     
  0.94987081764146175        1.5520481226443322E-002  0.31225717678807347     
  0.77387014681014055       -2.2572273224012451E-002  0.63294193126822129     
  0.46735069396409201      -0.11463542544822278       0.87660826375501510     
  0.47156557804663313       0.46337740436435138       0.75027147535148964     
  0.51046738381578061       0.84796603485689093       0.14274681709010334     
  0.40394983652144018       0.85511798851155663       0.32495808237102008     
  0.56355238206936853       0.81162416575359120       0.15386658580971296     
  0.11797051272403000       0.67196108007807409       0.73113012862824200     
  0.85428355382988541       0.14385381866453489       0.49950544392568269     
