  0.84889702268316636      -0.32139932059360576       0.41961449164868769     
  0.22920950497443343       0.71964018947405051       0.65542429045856054     
 -0.76156917397990975      -0.28793447220736884      -0.58060841619648329     
 -0.53265116998124673      -0.71767110640046994      -0.44858768836818080     
 -0.48520026750863365       -8.7781949096660539E-003 -0.87435899017716923     
 -0.99180635221318070       -4.2117770742604116E-002 -0.12060784840656756     
 -0.68460719508754841      -0.33428667858857147      -0.64773868570014659     
 -0.77397729244331459      -0.53466248412498885      -0.33925680369213823     
 -0.63287423718552072      -0.66903416452811326      -0.38969665972524625     
 -0.76077969684596958      -0.58745607932155341      -0.27587969793934763     
 -0.32208997945777684      -0.58220483801645428       0.74652231830208382     
 -0.60391618854613205      -0.79423767169307569       -6.6871205129495404E-002
 -0.75771854149141959      -0.27178964420606833      -0.59328998068604399     
 -0.11685812320822814       0.54951826156568495      -0.82726891591916452     
   4.1033937195970815E-002  0.79931570204338476      -0.59950865253564101     
  0.55648333933680449       0.76331264704309210      -0.32814645496281980     
  0.99390738797139433        9.2750641150460569E-002   5.9543452218370561E-002
  0.89492530706274953      -0.24426276056221263       0.37342254696411514     
  0.30240446079543454      -0.42481051381572710       0.85328047524986772     
  0.50079991481853758      -0.15231890853882349       0.85205539457202617     
  0.38654011745741240       0.72588078845519943       0.56893217394314566     
  0.22504833685523762       0.81907809719773239       0.52769718283276323     
  0.76990768720853264       0.62006173262845632       0.15088273892998433     
  0.38507249794850340       0.91830300195481573        9.1862766801820872E-002
  0.82921271703860444       0.11090839956495210       0.54781894527971031     
