 -0.19196800392201990       0.31203253540283360       0.93047513793772985     
 -0.14465941314322239       0.19846470333163299       0.96937372345268591     
 -0.28129706084804695      -0.80383556990292215      -0.52413771102360041     
  -2.0824909468417335E-002 -0.59100218246295744      -0.80640110582118241     
  -8.0227180656912894E-002 -0.31302310531735644      -0.94635095763742838     
 -0.46749789796735614      -0.80663652310557876      -0.36163964797605741     
 -0.75691601962122002      -0.41232331013162393      -0.50701836965029390     
 -0.86923051598361856      -0.47059305785735467       0.15159315281143323     
 -0.66326613733487594      -0.74812023926424187       -1.9852925932597409E-002
 -0.76173737818584530      -0.57550505490079651       0.29757368576234766     
 -0.86958372725688515        3.3954241919081335E-002  0.49261673819077700     
 -0.91267087683363235      -0.39059971981518837       0.12026524626850751     
 -0.69917867878356188      -0.30023065359551304      -0.64885339621217675     
 -0.56066715906946196       0.49354035568664029      -0.66488363948113172     
  0.48660097594282337       0.78172939569706867      -0.39002389941463284     
  0.77244077795189903       0.62075700916933230       0.13414909662105601     
  0.97860350938923601       0.19730758339782684       -5.8351426244792448E-002
  0.96638395904346885      -0.25678762787976639       -1.2734122323394714E-002
  0.95340262052704350       -9.7439684915487199E-002  0.28553274939266676     
  0.59551762735490954       0.18469176979163293       0.78182332126946830     
 -0.14088625488984757       0.45921936182662515       0.87707960921838102     
 -0.11335217346924137       0.79882060016898548       0.59079347788839509     
   4.8389933960929291E-002  0.99490463280394714        8.8448775664267398E-002
  0.84578945038757358       0.40711599043191243      -0.34481411796464845     
  0.79826268743107531       0.37962801218163561       0.46761015196669259     
