 -0.64741482449546095       0.71837087167305769       0.25455320810235271     
 -0.35825322257151976       0.92583799252185239       0.12032722102758664     
  0.27112300461951100       0.96231176717223710       -2.1174964649969638E-002
  0.23982634438885853       0.96326539121249977      -0.12084333092604121     
  0.47930525827276221       0.67733567746868395      -0.55810648573557642     
   4.1122959589199343E-002  0.91292930865376531      -0.40604061323417451     
  0.18185733122423819       0.93558295319937534       0.30267548424465524     
  0.56155756818888691       0.71845007886379375       0.41046629799581513     
  0.41692462328882673       0.90284567171136410      -0.10508830366658956     
  0.52076863535220130       0.72129268765966981      -0.45665839219496956     
   5.6542956792096997E-002  0.95231798363233600       0.29982220079181088     
  -1.3353703431239761E-003  0.73088978179112607       0.68249420778448033     
 -0.38761494090829984       0.90968546486023794      -0.14908726507204367     
  0.21006954547638629       0.90624065234656248       0.36687690864622852     
  0.13804656550670091       0.73450900194522695       0.66440926529754707     
  0.27982397145408344       0.47299437103226794       0.83544890326784638     
 -0.19445864472951363       0.34841111416093412       0.91694903403574579     
  0.19647973135838653      -0.21222042363555413       0.95726600637297732     
 -0.17166415378786959        7.0269769049188829E-002  0.98264621195120572     
 -0.73937426879696322      -0.18072701333924804       0.64858572084992594     
 -0.78318997072031082       0.12048868811708330       0.60999667687532177     
 -0.99629840246047263        7.7192832451828244E-002   3.7825386617479667E-002
 -0.65284889562018478      -0.13423315461021809       0.74549968456793037     
 -0.15344084549358264       -9.6523965116014881E-002  0.98343227071948935     
 -0.41238585355595792      -0.35575047598915832       0.83867723625981871     
 -0.42018142473985959      -0.65965441799143576       0.62314012800328977     
 -0.11027547555305511      -0.56033603406518639       0.82089149613066592     
 -0.39123507391940648       -6.5252043909332577E-002  0.91797455721873333     
  -1.5756133883394835E-002 -0.21896224357391236       0.97560610911070345     
 -0.15658042227239413      -0.46207046252221162       0.87291091127646259     
  -9.0348673323372319E-002 -0.16784596015127479       0.98166432699248052     
 -0.20944980242977540       0.60532604388488676       0.76792653350225959     
 -0.55530680837917312       0.78078959558298711       0.28635983656421909     
 -0.35831783590814986       0.85585944905408140      -0.37297846041687099     
 -0.48413553372451418       0.79118326035742881      -0.37368681207057175     
 -0.23007115278809731       0.97110734031824686       -6.3386104429711682E-002
 -0.89228310777296393       0.44882308803533388        4.8874238914240600E-002
 -0.96925815881267519       0.11466124988599954      -0.21769570356266466     
 -0.94972478076829381       -8.4273407050397264E-002  0.30153081709625684     
 -0.79614579357817161       -3.0021586474503814E-002  0.60435964434543410     
 -0.36518044782544606      -0.27501303848878822       0.88938803071953232     
 -0.68628548076292872      -0.23642827888725401       0.68783276153176098     
 -0.74546461653428353       0.28098013596008237       0.60442755454334396     
 -0.73760128417074289       0.37075037966946434       0.56434785510765995     
 -0.75702872348210204      -0.65337101359727023       -3.7189264487818632E-003
 -0.56508555515518499      -0.77964586942217151      -0.26987151322046066     
 -0.72418931882048498      -0.67079421479488888       0.15995296778749274     
   1.2509406124993334E-002 -0.98873955666536495       0.14912278110193017     
 -0.39457052323726155      -0.91093226068068711       0.12048451619790422     
 -0.85877434873747749      -0.51113420592671244        3.5333291414574017E-002
 -0.56436741063588325      -0.72155365764526413       0.40106077463506851     
   3.0079464777006553E-002 -0.95574700725703765       0.29264805469700095     
 -0.56159160530261532      -0.75568786186383974       0.33697288360532296     
 -0.31525874034625656      -0.91570183710738051       0.24920287348555931     
 -0.58344305940114582      -0.80780559586834910       -8.3930421900590468E-002
 -0.14604141664324660      -0.97498297505377851       0.16757118779823107     
 -0.14926584547763572      -0.98857692483324922        2.0865547226968845E-002
  -3.8704311189521258E-002 -0.94521783421983974       0.32413765928706101     
 -0.48447291224936528      -0.73158444521666721       0.47965633198534363     
 -0.59049854260582502      -0.69476264379459429       0.41062920009169090     
 -0.64616897202302181      -0.75264808869883537       0.12643778775627604     
 -0.58395952498735770      -0.53190766183124594      -0.61324180586596932     
 -0.39622371517872074      -0.81617063054998429      -0.42056184962216364     
 -0.29884570834049790      -0.21576021419424682      -0.92959064785384315     
  0.43638923980143252       0.27586870879462233      -0.85642331057341203     
  0.48535334502277594       0.32484537755879089      -0.81173124317960088     
  0.35456911922242379       -9.6578664587650367E-002 -0.93002865613931907     
  0.74820943314579813      -0.58697127564003315      -0.30926908304122513     
  0.81986398572934949      -0.52820891729239294      -0.22094882800499641     
  0.98767899426091499      -0.13406259680784327       -8.0730566905499540E-002
  0.86606876965541757      -0.49810193712623990       -4.2653797704796888E-002
  0.49908806861349891      -0.84577733912441821      -0.18860485781460817     
  0.81393583075436249      -0.58056040575780121        2.1402772730556470E-002
  0.82634529315419936      -0.54257020660092803      -0.15090072031282342     
  0.73586762849481646      -0.23577711612416427      -0.63475033268647818     
  0.69671124578742960      -0.12013486067773155      -0.70722065527194389     
  0.43962622935857149      -0.69148427982352001      -0.57321747113719090     
  0.51834404732860517      -0.49949198374652393      -0.69413774337084411     
  0.35299631252817965      -0.45618001214959447      -0.81688028489902431     
  0.63909095408736827      -0.32277364837591149      -0.69812600891086130     
  0.72854151587035920       0.12583011541919492      -0.67334541040012774     
  0.55503573749592383       0.18651716981553382      -0.81064583849321170     
  0.74277629760876063       0.66676342927523757       -6.0908957401579512E-002
  0.71761313013688666       0.35590785496268551      -0.59863260371533111     
  0.90974941750567984       -4.8363563733009735E-003 -0.41512962674941895     
  0.98818905360185538       -6.7265437091235919E-002 -0.13768716466831629     
  0.99413173997403959       0.10774142679611015        9.6885771984279757E-003
  0.82507415203032131      -0.25837191807704180      -0.50249039354064773     
  0.77574228145939195       0.38626815397139164      -0.49901986531971887     
  0.99141934479209082        7.3478683520262073E-003 -0.13051318555114302     
  0.65471794467725675       0.70075465579169682      -0.28335018140782875     
  0.72439969638154522       0.28556800683229089      -0.62745198490096010     
  0.51159886524724563       0.24791908160713250      -0.82268021129282265     
   8.2560182687241024E-002  0.39089769616330261      -0.91672395374445714     
  0.23266349261325725        1.9345642951693297E-002 -0.97236487251637538     
  -5.6283607567510496E-002   7.4412336837093224E-002 -0.99563796615317512     
  0.15217168257667169       0.60938362396519019      -0.77813583509875617     
 -0.25634219961771632       0.59363381855184638      -0.76281555186473782     
 -0.68821857381176577       0.49985001754888286      -0.52583757436767686     
 -0.86611895822982532       0.49741800377037265        4.9125143460133358E-002
