  0.95447279665677753      -0.29372577752042245       -5.2027378005930047E-002
  0.74133355383074373       0.17457650501155308       0.64803364562545096     
 -0.73808076437449965      -0.27948903374034700      -0.61410313895892643     
 -0.68785545458912878       -2.1207336089552647E-002 -0.72553781602886858     
 -0.90775092451250705      -0.20673119918011673      -0.36503488919854732     
 -0.98247396515655783      -0.15932753708149608        9.6745251651437103E-002
 -0.72455551007777941      -0.55838238638243887      -0.40401537519475228     
 -0.20633686003446475      -0.92893501027061010      -0.30741640633618528     
 -0.41667024278654308      -0.85992642513926232      -0.29480917917088101     
 -0.41492576101919570      -0.90951683339023226        2.4814161731703060E-002
 -0.91050898466285113      -0.40393905109970873        8.8355146114331068E-002
 -0.66856638238852062      -0.67614892167699625      -0.30958299057758726     
 -0.19985076045688563      -0.55718860633639611      -0.80597799629624123     
   2.2323758859258080E-002  0.33809370654514254      -0.94084764727608972     
  0.56040001807677486       0.81837793047805263      -0.12731607379283127     
  0.58365707725842642       0.69482780003376388       0.42018893901009885     
  0.56320243457394892       0.82355913405053183        6.7478666346789451E-002
  0.23055709880126857       0.96949783269891321       -8.3170767607656099E-002
  0.37122695670964884       0.85132538650347334       0.37072312162421606     
  0.90118400448309965      -0.23786503006185050       0.36233633206937638     
  0.97825614076554501        2.7196673912844381E-002  0.20560949390188310     
  0.57421331217788207       0.35433846359325805       0.73805374149588643     
  0.60955559367471424       0.71552014557420984       0.34128126156783500     
  0.32285016721667592       0.91206763490617038       0.25278528217607416     
  0.88678649172817858       0.43827875482969569       0.14670191257559445     
