  0.73795531054682417      -0.22200593028906943       0.63728747559651833     
 -0.55044866016737970       0.46459154076044540       0.69365767693708547     
 -0.84353918620534785       0.22363310279636858      -0.48829281857268447     
  0.58804507170810272      -0.13804709150262956      -0.79696047214868282     
 -0.32078336267787250      -0.67922609264911771      -0.66011358817528154     
 -0.30910386093658870      -0.73519949600828127      -0.60327150125235329     
 -0.34271002419033919      -0.55125491724362163      -0.76070221212650624     
 -0.40790040740999284      -0.90554871717034058       0.11661380049509856     
 -0.96873304286545681      -0.20659707212978595       0.13738246412127847     
 -0.88810875251000421      -0.45682366887941933        5.0744253533566361E-002
 -0.89357478061387163      -0.29702463217084218       0.33660136561613413     
 -0.56597497116686313      -0.72992826367441943      -0.38324543298246433     
 -0.78974264342149836      -0.23267646028253974      -0.56759864516399772     
 -0.25204726424688845       0.72132383301679881      -0.64510782393922605     
  0.79146850972087501       0.41872495429058998      -0.44524938043143114     
  0.76686962095095790       0.51005522366059142      -0.38955699618812945     
  0.99236870763622598       0.12088893898870454        2.4294290164857013E-002
  0.91875576017643068       0.34379314396320743       0.19414975484536864     
  0.63722186279655224      -0.26960620532265034       0.72198392753967056     
  0.33658283673692779       0.61563685119961120       0.71253298973391854     
  0.27560662947157955       0.66846255234279739       0.69079577438391515     
   7.2165530790337412E-002  0.74519399088039651       0.66293140830820030     
  0.23076310305410036       0.88230033626709814       0.41023713494977998     
  0.54961235963798871       0.78248676370148318       0.29264435543018164     
  0.33891769749225531      -0.35196811591855715       0.87249827489987863     
