  0.51294947447039452       0.49394171676597387       0.70207151849279992     
  -8.1064515107457186E-002  0.11556114193043113       0.98998695287670724     
 -0.99757703551980426       -1.9951166129070462E-002   6.6648399632538019E-002
 -0.58638715696067778      -0.44129894252307983      -0.67926824265496322     
 -0.62588178693143548      -0.77209162018217992      -0.11021124639493991     
 -0.12413268836304109      -0.53612895389862847      -0.83495917293681765     
 -0.84521962240615667       0.21092739662714266      -0.49103301645781827     
 -0.99638251656311239        3.9832291355554404E-002   7.5068430466614586E-002
 -0.77876328539466178      -0.32870616545479081       0.53430328663907922     
 -0.79135452361359726      -0.57656234735363443      -0.20330734755628732     
 -0.66092387793752161      -0.70584687162501170      -0.25487216676054680     
   5.8835563514992549E-002 -0.99446475795949363       -8.7052981812471356E-002
 -0.49110052803446580      -0.60006141856537254      -0.63146382739914342     
 -0.75948773545895487       0.12335944829394119      -0.63871811169250070     
  0.27960972617919766       0.90104680041501495      -0.33156155459864245     
  0.46245264417016574       0.74802578068776726       0.47601994005137371     
  0.82606760338404994      -0.54434930107798896       0.14593201518260215     
  0.92514758861775992      -0.36892226468935146        8.9433225879519823E-002
  0.78351628295474285       -3.6885430227304172E-004  0.62137114375490987     
  0.72968276522722608       0.62526323088879188       0.27678322606123651     
  0.47556460815694979       0.76608164540306278       0.43238549472093873     
  0.54330807622487642       0.83264454389003706      -0.10732845773129777     
  0.76650718571836518       0.63230660432582253      -0.11249485485149979     
  0.84966228663990551       0.52176538412873918        7.6386403154277860E-002
  0.98930936448165852       -3.5253855655596786E-002  0.14150670305781649     
