 -0.11502552893919682      -0.97046694099329356       0.21204491064720329     
 -0.48592164687434813      -0.86718342020622252      -0.10896361235920914     
  0.16327827597703168      -0.41274273770369646       0.89609354258740115     
  0.76658453902469614       0.15538194486558471       0.62306066778289559     
  0.70497472522503613       0.59837882800947861       0.38072748125645495     
  0.68411704807407814       0.72082930060102379       0.11130581264910532     
  0.85704572364572817      -0.19766854192601330       0.47581485381754651     
  0.48069508774656700       0.37779071970360972       0.79133204454398343     
 -0.87548628371721049      -0.39418351798770035      -0.27954091144212195     
 -0.63191216492073754      -0.38063283840309020      -0.67513380759254293     
 -0.48089915536398209      -0.17884788194192089      -0.85834109624035027     
 -0.65414328878898198       0.66247790309559762      -0.36499258299644211     
 -0.56535776118167991       0.80009625415664209       0.20054073390751187     
 -0.59987104222467202       0.67332887183752332      -0.43218394584982422     
 -0.33168686321485663       0.76712791167762528      -0.54908887431437237     
 -0.17468685873363513       0.97936802451681770       0.10160105284796896     
 -0.34952796294810223       0.76364336764306617       0.54284344904595183     
  0.44467950317367844       0.38006944546825699       0.81105323874494395     
  0.67432938769595163      -0.68729332247363717       0.27001438067765915     
  0.45510938080854485      -0.84713160458185344      -0.27430547938138983     
  0.76977652462205992        1.2846248463311692E-002 -0.63818420228113160     
  0.29177588505023355        3.9696265190200947E-002 -0.95566261799502805     
 -0.72238071995661179      -0.19183729899607899      -0.66435272720810978     
 -0.53501365312755467      -0.25626645638131618      -0.80503906383534141     
 -0.30884955669827208      -0.90227583801678579      -0.30084923709128270     
