  0.27363757919219500      -0.85279145678895008      -0.44482491666005441     
 -0.25009471326844174      -0.93066260063017192       0.26705759338291268     
  0.44504097934063297      -0.78905885156575728       0.42346741961250489     
  0.83767490165275338       -5.8004651717282210E-002  0.54308030669524188     
  0.78745297676649129       0.31069752714936993       0.53233904234506013     
  0.98758613279891061        7.8901333900188025E-002  0.13582418713946454     
  0.85287331511381059      -0.25931416512749972       0.45317024629933911     
  0.64432677162139906       0.26577472283513937       0.71708214876251242     
 -0.79326554696320417      -0.60588153243507437        6.0310369384688478E-002
 -0.48468855729399346      -0.68839019277456559      -0.53962574523467055     
 -0.77086671473969526       0.11720275350737272      -0.62612141208930649     
 -0.72945145225119412       0.64265577298234566      -0.23429497702918062     
 -0.94663394385548916       0.31508546282185923        6.7862563014874352E-002
   7.6032140253354558E-002  0.92645913642443534       0.36863611079791819     
  -4.7041579066719422E-002  0.99183156252260463      -0.11856323807525335     
   4.0520152657485070E-002  0.96612511179799110       0.25487327357326894     
   7.9682156229479606E-002  0.76782026030672679       0.63569080679299483     
  -3.7250800968367415E-002   5.5858840927787812E-002  0.99774353804844174     
  0.93312262960575654      -0.35151719986708752       -7.5616243725985785E-002
  0.78531647024130813      -0.42627892780270082      -0.44895914878653476     
 -0.29237112354575584      -0.12298135220144718      -0.94836423020235194     
 -0.76466463107423444       -7.3240497025995388E-002 -0.64025294343681050     
 -0.92444314304862696       0.18227321597404955      -0.33493484442328281     
 -0.57492047501114429      -0.66613570940932609      -0.47511015992367928     
  0.67452173175335906      -0.63183428329341229      -0.38184535069523673     
