   3.9638845597206096E-002 -0.87850065359111962       0.47609386003150733     
 -0.34575048880750847      -0.91867787635923903       0.19101716932635610     
  0.78516993012014724      -0.58840432234224160       0.19310239326351897     
  0.32335941249014721      -0.42061828562907982       0.84765496998983547     
  0.58725521181166085       -6.9077717861030022E-002  0.80644874920552023     
  0.66333721711865301       0.65326289965206363       0.36500865787470399     
  0.72584285175307717       0.49263519659927180       0.48006532641980754     
  0.45381851135354667       0.64607061026297596       0.61371127194087838     
 -0.65838684602131625      -0.70776625683863947      -0.25611264448821913     
  0.14443943253136790      -0.53557125790804538      -0.83204607927254992     
 -0.88707962985164379      -0.13397376403795330      -0.44174739484434061     
 -0.95392598452687660       0.25682173318420065       0.15513804629655609     
 -0.37694332600687963       0.56011009095606679       0.73769262907261646     
 -0.40097926877186824       0.90733169532072944       0.12635197141962184     
 -0.19792237159403459       0.88484373576761777      -0.42175620694354876     
  -3.6034811984894895E-002  0.92163005682699950      -0.38639297441632664     
 -0.16105533612712858       0.93209762246049466       0.32443057949038612     
 -0.64020303554337321       0.32823613527711903       0.69455101524610219     
 -0.14712287461518309      -0.90803863600848111       0.39219981550327865     
  0.78569141128979392      -0.44230854115535256      -0.43249527239784791     
  -5.8599804707967454E-002  0.42345092503387027      -0.90402177903861825     
   8.8628299464876631E-002   1.8251969499539972E-002 -0.99589752994139003     
  0.23976865149550250      -0.16138512057406501      -0.95732222193852878     
 -0.50101042473628143      -0.22373531969540356      -0.83602096925040081     
 -0.24891038726259687      -0.95793649253953572       0.14283310321438858     
