  -4.2577320418679551E-002 -0.99646008571979883       -7.2487718637453041E-002
  0.35835324430687426      -0.67816671266582929       0.64161737985092682     
  0.32600574507068664      -0.50502259805169103       0.79916983779297057     
 -0.27564023371105911       -9.5854427177485574E-002  0.95646975401743906     
  0.27824569909535585       -2.2304944251103229E-002  0.96025091533249085     
  0.48895089644118062       -9.1467296065761455E-002  0.86750259631877913     
  0.62432642779118264        5.2917147229696725E-002  0.77936915969941478     
 -0.34785266121333069       0.24174674194719561       0.90584603484518078     
  0.30844761751361693      -0.36899747142861483      -0.87675591433961042     
  0.11780885482852224      -0.33001379510411721      -0.93659594744210750     
 -0.17558082419873675       0.57604125694783270      -0.79834068195704488     
 -0.70802985409365959       0.15881011314250137      -0.68809379714962782     
 -0.92903922329045896       0.32054129848809004      -0.18476849718347016     
 -0.10707794489294320       0.96491061341948114      -0.23975366906051515     
   8.9295545070632865E-003  0.90195577346541167      -0.43173608346850750     
 -0.37863864358210025       0.81215162184742684      -0.44389471805476888     
 -0.35592659443089203        5.5220758572748295E-002  0.93288098233347938     
  0.17968439147256193      -0.13265735202053888       0.97473870673941776     
  0.67501213148654826      -0.39831692045809819      -0.62104931625656434     
  0.88568419417610211       0.10789644203484847      -0.45157708753086695     
  0.47418632316621978       0.68526357255431203      -0.55277587415895912     
  0.22793981154161733        2.1374155991757942E-002 -0.97344059283041184     
 -0.42625409745916920       0.13177946171014712      -0.89495341659253491     
 -0.68224363099368479      -0.26791057959352460      -0.68027020316226361     
 -0.65494798648813135      -0.67530772393081007      -0.33912035178465422     
