 -0.95790984197350293      -0.25795695722165735       0.12596405388541959     
 -0.81694029174032279      -0.33532070219971255       0.46922125528106051     
  -1.5743894726038835E-002   5.9333866220760048E-002  0.99811403261259157     
  0.59724053357007612      -0.17027912341284801       0.78377851794411957     
  0.22337031588360928      -0.61723190179223442       0.75440737098201593     
  0.39194737118715084      -0.48482460533103722       0.78187106372158799     
  0.10061224858993149      -0.88434975017175677       0.45585380858870816     
  0.27871234877805329      -0.40342052200665202       0.87153388291133904     
  0.19990010506355368       0.92007335130322332      -0.33690499583303990     
 -0.57302415655889050       0.55558951820924973      -0.60246460747167352     
 -0.24455347910781505       0.25328843723441458      -0.93596931756313273     
 -0.14235966320450211       0.71256491440884184      -0.68701162220579692     
 -0.38853823801737969       0.91138210323478897      -0.13572287759140558     
 -0.47411236588932215       0.88019195671533423        2.1899402834158546E-002
   7.3949250690933610E-002  0.84572339954270481      -0.52847274271071609     
 -0.74945080135844688       0.66202540468107429        6.7719938026139792E-003
 -0.62737648280070635       0.35036989890229370       0.69544207722268980     
  0.17597926102631933      -0.77817776002445838       0.60288529049226780     
  0.55817028503110289      -0.35209986296953222      -0.75131326316331970     
  0.95836335654113336      -0.24856679584552460      -0.14054972373616340     
  0.56782628424939152      -0.71534768228717571      -0.40724808699599252     
  0.68515429645845627       0.44459725076776146      -0.57697216107389138     
  0.80138987295130693      -0.33261327379564665      -0.49713447036594199     
  0.31516403895090356      -0.85039778978193792      -0.42130182492621449     
 -0.86588585491242509       0.12958158000439268      -0.48316694877253330     
