  0.26056020638400856      -0.89421167278049152       0.36399706470278043     
 -0.65666051665597158      -0.55780869757187368       0.50758883240107211     
 -0.71786142374521866      -0.35854748448151125       0.59675679943381121     
 -0.36927743846035210        1.9385477406530571E-002  0.92911698763389250     
 -0.42931284027629824       0.19415754013130085       0.88203930455737545     
  0.30276976831720126      -0.15314195952813348       0.94067954566104561     
  0.83931680042576862      -0.45674108490862286       0.29484723142595304     
  0.33951466742681935        7.4216969158220986E-002  0.93766818869525270     
 -0.70381059817287961       -9.2576539397294905E-002 -0.70432962897550899     
   2.1120742159406986E-002  0.42889620140330004      -0.90310683901323063     
 -0.20245935682592239       0.85828413576314277      -0.47154909726446731     
 -0.26498594970331546       0.81796771908624277      -0.51059891988986905     
 -0.65010487739164891       0.74874965073804234      -0.12937391124666614     
 -0.41152020777698906       0.74105443825798512       0.53055578229754663     
   3.4386810699444118E-002  0.86664033991065759      -0.49774699244642784     
  -7.6431216610074820E-002  0.97449680416219653      -0.21098399893165026     
  0.60375146225665000       0.73996013879160527       0.29655212833912348     
  0.58839516172105200      -0.18223040825339179       0.78777104032266843     
 -0.11535900468870539      -0.99275916923938723        3.3489280797501741E-002
 -0.72428808965237523      -0.34393238883969934      -0.59759290080684380     
   6.6854012808210211E-002   1.8619001738508958E-002 -0.99758903048585157     
  0.75282710849442791      -0.26578625587650684      -0.60217025076225794     
  0.42404322266948957      -0.62096878300561043      -0.65923070001373663     
  0.48964204833679514      -0.41397477418125195      -0.76738227164962558     
  0.58887069802368008      -0.77011874562559635      -0.24525174544777045     
