 -0.27147897844170682      -0.95995818196752802       -6.9133589071063595E-002
 -0.28459774571551294      -0.72132381354290276       0.63142385063408024     
 -0.66255444927196516      -0.19328881807427845       0.72364427349174132     
   7.7206230764997441E-002  -4.5173524261279838E-002  0.99599124024103414     
 -0.12163741686831873       0.23708855322401087       0.96384301457641253     
  0.23071777876471561      -0.39137932689180033       0.89083754357550438     
  0.72964321742774407      -0.35501497686321987       0.58445285649443146     
  0.82953184801744728       -4.7512788302798564E-002  0.55643458561852754     
 -0.99872990251127969        3.8354880449703546E-002   3.2672388580001141E-002
 -0.28146036486255771      -0.15472719166072316      -0.94701613458918121     
 -0.33411208603438891       0.65913199241626053      -0.67373149736308602     
 -0.23833411442850405       0.68177849496328191      -0.69164653812854593     
 -0.26243031699307567       0.95239776292122758      -0.15514132236628697     
 -0.37599624261586234       0.89016207825477667      -0.25736802438516626     
 -0.19096650012757410       0.88902265379368839      -0.41613761770675778     
  -3.1822577231013449E-002  0.82661301489755090      -0.56187031170936397     
  0.16010300392220245       0.89459739885557032       0.41720800818768422     
  0.63731440393593086       0.68475126074440185       0.35347710172618674     
  0.99419891462230670      -0.10561145584113303       -2.0365130957658878E-002
  0.95935008796123211      -0.28059428656876800       -3.0236651166181794E-002
 -0.15416471444738597      -0.84454090419479821      -0.51281956082153013     
 -0.36934150684492345      -0.49511540540247534      -0.78641438609340908     
 -0.18723091719446860      -0.94047092114158903      -0.28365301009085858     
  0.45963048191695327      -0.85270111855745889      -0.24827529579814656     
   1.0608953513608022E-002 -0.93258550637790472      -0.36079318646453379     
