  0.93145911183980057       0.14361006781208011       0.33430535651349547     
  0.36322502206676105       0.83539698169527776       0.41252814003291355     
   9.4792189898267126E-002  0.99387298530188273       -5.6841268647082194E-002
  0.63308949018009275       0.74023729120089021      -0.22637678798647626     
  0.79697597933847508       0.44259247719262762      -0.41102455825651985     
  0.47494878401835033       0.85469088557379458      -0.20958803085237934     
  0.30609954718657401       0.89290412225598526       0.33018978735031373     
  0.12942956172527609       0.86148907350349657       0.49100363011457482     
  0.38604792765144602       0.45342302740411877       0.80335207460720726     
  0.40006075944959085       0.35936713775455587       0.84309349958988300     
  0.41177341168581738       0.90053219898566228       0.13958658968062912     
 -0.22653815964112001       0.82219614342462388       0.52218192611779657     
  0.44110565439584193       0.88553160377550699       0.14580665408270307     
  0.14869490934222879       0.75786130227513937       0.63524489014043128     
 -0.26673758255013730       0.65681789247459477       0.70529519931766027     
 -0.66504142095031860       0.51005984097491786       0.54548956639428059     
 -0.66230087443345853       0.55901269030354317       0.49886106663505364     
 -0.75285931470347900       0.11121840629440152       0.64871667033114633     
 -0.69698155969226527       0.12035667602179197       0.70691652688695417     
 -0.96837713586768237      -0.11393359190654470       0.22195688627291832     
 -0.69628210700580728       0.56943917543677569       0.43695566473206027     
 -0.97321235372128567       0.20928719084550876        9.5166098544921487E-002
 -0.55071475609556719      -0.47278320908442523       0.68788755958108794     
  0.12372139959083836      -0.22902794997924267       0.96552535617226920     
  -7.2726265368118354E-003 -0.38102250377395513       0.92453716016236043     
 -0.14058495927007922      -0.79889111658753131       0.58481522985004042     
  0.22524112618428821      -0.58970451235203070       0.77557399594550835     
 -0.41161145997781889       -9.0547017084796053E-002  0.90685017710312854     
   4.3684210087798658E-002  -3.5091011151868315E-002  0.99842892121840277     
   7.7293198655780729E-002 -0.62114639055337162       0.77987365832170097     
 -0.12884162511292557      -0.48694976036348420       0.86387485582125889     
 -0.40311741343559648      -0.15058349691936132       0.90267433852997503     
 -0.23400257318188969       0.51402529501778704       0.82523983897175313     
 -0.13805566367663991       0.75663350293193088       0.63909809573159548     
  -2.3455345856027734E-002  0.83498575583688472       0.54977143823617958     
 -0.19328492086676741       0.56551090247771363       0.80177201157459266     
 -0.76221392955888223       0.41779861683469027       0.49444336516675536     
 -0.65658114076908303       0.73551581749910588       0.16708586952519708     
 -0.74722841845786492       0.46340203630812160       0.47634886731726839     
 -0.95332416976320244      -0.14100944849382052       0.26700067936387417     
 -0.70804245229102980      -0.70423488366852782       -5.2240926275076087E-002
 -0.62709275166937295      -0.77500110039180914        7.8281384729836728E-002
 -0.32108067041315158      -0.82216619014440162       0.47005314472991511     
 -0.36131234838385468      -0.91265457890234258      -0.19108900155144792     
 -0.97861800985255765       -9.7371415159458602E-002  0.18117836046852626     
 -0.75981370525243719      -0.61918772388001142       0.19821628567515437     
 -0.66095672906446756      -0.71669369105132064       0.22245528879222515     
 -0.72555342315093618      -0.25393445194200026       0.63960106650229509     
 -0.87700860582068707      -0.24700382510395644       0.41212257363613303     
 -0.87780006924714238      -0.46407586735387030       0.11874606422725398     
 -0.81985678494837178      -0.49152533107700624      -0.29366256329970564     
 -0.32200198006184338      -0.88260112015022540      -0.34253465159866009     
 -0.62498115741937466      -0.71750039639203644      -0.30755769222701390     
   5.5505190622809203E-002 -0.84177241869615105      -0.53697147869915673     
 -0.32735255085684845      -0.84912397240662740      -0.41452235999027010     
  0.17152665206357740      -0.95525631439176917      -0.24096468921090741     
  0.36297304473806064      -0.93120599026199435        3.3256164748217826E-002
   6.9012977332647690E-002 -0.98785429039776373      -0.13921605475809518     
 -0.16037439576854556      -0.65745488780075689       0.73622898862294361     
  0.10343819063974252      -0.57208799252409337       0.81364357646756347     
 -0.80446916254736855      -0.53898043208495861       0.24965868769150831     
 -0.88865687220372780      -0.39121154503210387      -0.23925402926320744     
 -0.67064636455456272      -0.58886229108406274      -0.45108165097793362     
 -0.72775897003962442      -0.62182210638261259      -0.28931669419645306     
  0.17368761353130585      -0.10560457672007914      -0.97912220191433730     
  0.24468714213063192       -8.4671513470114992E-002 -0.96589799527829756     
  0.17967770176992653       0.14296303324074278      -0.97328181664576996     
  0.26661176630155659      -0.44055686663430094      -0.85722098278736469     
  0.19116584849975465      -0.53298766287593446      -0.82424496940497882     
  0.80911164591537310      -0.26112347223742277      -0.52645310967909453     
  0.43590721288276724      -0.42608296278303665      -0.79274094796649153     
  -5.6784238404167853E-002  -3.0354578023423444E-002 -0.99792492195649773     
  0.34060435253118426      -0.53854280693708723      -0.77068821201128368     
  0.59491480387905005       -5.5116456044515795E-002 -0.80189684648254045     
  0.32463805986196753       -3.1239583510360769E-002 -0.94532228288090381     
  0.20407865314775347       0.12686988677998268      -0.97069868401983694     
  0.33380350948328325      -0.49971051590891619      -0.79929007084205206     
  0.10794425954563759       0.12120498156180518      -0.98674079133060588     
  0.31839601183431349       -6.2170790747260035E-002 -0.94591689509484567     
  0.55232667467012353        5.2971917927278511E-002 -0.83194303913125933     
  0.78044090540525224       0.47197635132515947      -0.41006135755521167     
  0.98216305040459184      -0.18712926442092467        1.8395130258648223E-002
  0.16265779254670001      -0.76789109373720621      -0.61958511173438735     
  0.54512574659930768      -0.30202249573908280      -0.78206159122033514     
  0.33727260455100533       0.15660489821800250      -0.92828987717927558     
  0.48933731118496121       -4.9254393697565360E-002 -0.87070259020159391     
  0.51158793198867758       0.37420305572034562      -0.77346613431559430     
  0.85568776186236539      -0.31166314028778630      -0.41311565110139686     
  0.51592475854873376      -0.18907136911053671      -0.83550802563416537     
  0.81551930066735345        4.0201729103505807E-002 -0.57733187268340225     
  0.66359554080399308       -3.0986835536801774E-002 -0.74744951284248895     
  0.51066018727355800       0.70914148460612547      -0.48615278251219796     
  0.28777308142643887       0.65958362410767846      -0.69436020653210639     
  0.44208768370876445       0.84345534744544637      -0.30519101687090588     
  0.22107455741041915       0.88199805619781657      -0.41617961138078330     
  0.30468463628054632       0.87872591746085815      -0.36743439468449879     
  0.72316782430059667       0.68840379154249398        5.5933153730681903E-002
  0.37886998024893903       0.92542457842916392       -6.8474597752504196E-003
  0.61244143956034269       0.24750675304879768       0.75077019806629119     
  0.82405130011989169      -0.13946189492133668       0.54908089990061115     
