 -0.13036048120089755      -0.88749479707543433       0.44199449103478916     
 -0.59721700710941039      -0.43441541270611800       0.67425150769030551     
 -0.49023233986834841      -0.76143570573937380       0.42413195938576331     
 -0.65354146389609724       0.12720525015673567       0.74612490864539849     
 -0.42950999829716247       0.21559090965009647       0.87695023863330512     
  0.29072476986130402      -0.37598950636533657       0.87983577972953575     
  0.87978706076527724      -0.38317855218661229       0.28133418714077923     
  0.57631667616124926      -0.44394434152589324       0.68612863983774786     
 -0.63438407047340351       0.77276921882703276        1.9610853195993989E-002
 -0.49926636700821991       0.10916634217512027      -0.85954395147108631     
   2.2147944663302548E-002  0.68188164987974975      -0.73112713265508422     
 -0.38752544491983504       0.69855119087641104      -0.60153990995182338     
 -0.20983195875191607       0.95248823537654215      -0.22076392494160113     
 -0.43921506951759487       0.86527010990576514      -0.24165628403240996     
  0.28251792970131390       0.87986610032426527      -0.38212467192980049     
   7.7554585598134912E-002  0.99613987187677133        4.1117416140209487E-002
 -0.44019341645165372       0.85556112101861637       0.27247921813230103     
  0.63629779360392780       0.76628111759188089        8.9097512181411667E-002
  0.83572397366843199      -0.29411956088287433      -0.46374467516284690     
  0.96244129494192654      -0.19613353437266834      -0.18771891349835793     
  0.41863048874850461      -0.89658399805617628      -0.14451867810007646     
  0.10863796837512324      -0.86027500555875758      -0.49812117666107675     
   6.3618641198646075E-002 -0.87210658911543892      -0.48516261780301051     
  -7.4195971263496974E-002 -0.52866262583873613      -0.84558310407053638     
  0.24182871043303136      -0.88434112207208193      -0.39932399705327515     
