 -0.94975567373599157      -0.30339083162401370       -7.6929600887898880E-002
 -0.92792485331785057      -0.34444083702005690       0.14253412359134704     
 -0.37074877678670470      -0.35359905594485880       0.85878580108550961     
  0.59559939939716244      -0.29419332139966392       0.74747016333868799     
  0.41790708060080523      -0.66138432227779687       0.62283581321954062     
  0.39165241142040536      -0.79712043784259989       0.45957305861227488     
   8.5658457342105199E-002 -0.90338701489063611       0.42018392402941040     
  0.66894563357807812      -0.49579263095314113       0.55380628960801059     
  -4.8373163480212950E-002  0.98573599753331709       0.16119733317251095     
 -0.60800211877795918       0.79253086701623643        4.7204325945983450E-002
 -0.49440318641220066       0.44285308817790581      -0.74796165112707291     
   2.0820597268002401E-002  0.20888485049210942      -0.97771858014681468     
 -0.18206744550638745       0.54368681476002456      -0.81930219866840126     
 -0.32113436594279954       0.60812260006906027      -0.72598872050176433     
 -0.61175102178977780       0.78380839027060856       0.10679463788296692     
 -0.59990188790740628       0.59834989857737120      -0.53112627854173078     
  -1.2052454265642443E-002  0.74846599690223170      -0.66306363934943191     
  0.64221453177282628       0.69688862861040912       0.31922834224628083     
  0.69850807557569417       0.16942723432739526       0.69525598208407691     
  0.59433316056499730       0.55832697206776705       0.57882560976037711     
  0.96920289051082009       0.20657311592429867      -0.13406455461010228     
  0.34939567267911997      -0.75127153917720479      -0.55992297535949465     
  0.63765554861572393      -0.72302739379247116      -0.26575701146957292     
 -0.18668491457049680      -0.83267245137436285      -0.52134952900526821     
 -0.72151953948036107      -0.60617026916070060      -0.33461494128878966     
