 -0.97491284478705909      -0.21768873024323412        4.6438796219157197E-002
 -0.51493223528491872      -0.61299649399633516       0.59923291916638100     
 -0.44713049211571942      -0.88736173356458936       0.11253211464118415     
  0.34184869934090245      -0.24028227533899160       0.90851741585774948     
  0.56836413361342397      -0.46671735293699496       0.67759657916000759     
  0.28964231906174076      -0.80886552628632546       0.51170683735330647     
  0.27726269775192092      -0.76840828090002322       0.57677908273410849     
  0.40650900218132696        7.3781574133512412E-002  0.91066278636163067     
 -0.20041542074602267       0.86321549481956816       0.46334940232034744     
 -0.78420347140097801       0.62021135191005516        1.9047162638189674E-002
 -0.56777489218381738       0.36019924216743771      -0.74019468908364872     
 -0.23043883928890291      -0.11529916612153848      -0.96623187881526096     
   9.4827127470641426E-002  -4.3414748674406159E-002 -0.99454661805930433     
   4.5211763102341318E-003  0.75956429178601859      -0.65041651701690184     
 -0.63719747788743075       0.77064086510012020       -9.5932899272126448E-003
 -0.30795455462026372       0.83123595293283570      -0.46282910759856338     
  0.11570310218107963       0.94321641162508951       0.31137693072344763     
  0.46295627846929444       0.87911734934988739       0.11324385324550003     
  0.65397248955330622       0.71672011309991268       0.24214099691188834     
  0.74596457087450785       0.48297847395215976       0.45855059993294700     
  0.94284783971431108        9.7053363572564194E-002  0.31877671772780869     
  0.81742559001211668      -0.57410481091802001       -4.7107015126587659E-002
  0.36433821554378781      -0.76586132618286207      -0.52982458771916940     
 -0.70838791680626567      -0.69835403540770979       0.10241191606767647     
 -0.90414341811632459      -0.33047704542728973      -0.27075745958807712     
