 -0.88890541565833858      -0.45785371605517611        1.4735559295111639E-002
 -0.85102692354155174      -0.45319919087242450       0.26526151021203009     
 -0.62591922600095384      -0.76079599925243169       0.17150676384293140     
  -5.3756385698348480E-003 -0.38932557096378839       0.92108452505927885     
  -4.0738054204973756E-002 -0.27642468911737783       0.96017175660709297     
  0.12188781566564644      -0.70152532087519470       0.70214356406880840     
  0.32271300447649626      -0.79057964839868933       0.52042303588480276     
  0.52077281946637322      -0.78140441531094729       0.34380635572601392     
  0.29218079471728098       0.95441070743005663        6.1078512925985429E-002
 -0.33917141180214916       0.94070268448084382       -6.4197216975907939E-003
 -0.84148400829903391       0.35045503329146133      -0.41120059997238650     
 -0.25588477950076516        7.4978640660438495E-002 -0.96379519767664623     
   2.1932744306338389E-002  -5.6205863080379052E-002 -0.99817826848843827     
  0.62756340438198799       0.64950658598387079      -0.42930801092466031     
 -0.49836083368353667       0.55379988202047925      -0.66703985647362074     
   6.7756647213669169E-002  0.34041352969318744      -0.93783136307130910     
  0.28226002672692191       0.92440370754590040      -0.25652887320434736     
   3.7114752471993646E-002  0.99681346973230833        7.0607377158279305E-002
  0.17023310184378915       0.77117600918120155       0.61343969051568392     
  0.70758440577858528       0.54944556171044645       0.44433532767006251     
  0.94607268133331490       0.13366413756153056       0.29509384941865957     
  0.75571033140421662      -0.63956295262053175       0.14092950239121416     
  0.56862600810395825      -0.80652899790080190      -0.16178825190004398     
  0.35548078225976731      -0.85840549732587912      -0.36982890044547306     
 -0.34132048589760278      -0.41373967762591224      -0.84399040578945606     
