 -0.64711517083522307      -0.52267739033334215       0.55502279350421746     
 -0.62415901989751088      -0.57502661414595557       0.52893280377038554     
 -0.77494456837860504      -0.62555569078383633        9.0227455181145291E-002
  0.14052855750294996      -0.97061068855308019       0.19536277995730608     
 -0.65402278453774165      -0.46898993687376223       0.59355087095937931     
 -0.15631753420047761      -0.18013966218214256       0.97114083973974574     
  0.26743802124839078      -0.67963566518511553       0.68306095438044379     
  0.14591897386550523      -0.65875159601592614       0.73807451372643051     
  0.60114226704678042       0.65791323728789242       0.45362776256666171     
 -0.57428671339881188       0.42265334498995877      -0.70111263059682105     
 -0.66284106621832661      -0.42364670518672920      -0.61738577090742930     
  -8.5729234212560262E-002  0.25350369547738821      -0.96352808717786886     
  0.42517801644807807       0.62433544428574417      -0.65530825367745504     
  0.10612964824302716       0.92909029219344830      -0.35429892282609277     
 -0.75042787822094625       0.56701525185713808      -0.33963466217421157     
 -0.27142944131214619       0.55139978005385459      -0.78885001169141078     
   5.4350768709747144E-002  0.98784618456785089      -0.14562248993674337     
  -3.7522270348753668E-002  0.99834581186551241        4.3562818532042143E-002
 -0.15221855452972616       0.95603110082688114       0.25066720150151789     
  0.47988182542563490       0.87542077087259573       -5.7895660899516199E-002
  0.89353225103966250       0.43639768508318338       0.10562753810454190     
  0.96793077795198301        4.8821903920051063E-002 -0.24642733369267938     
  0.43174050930130908      -0.89629856200994418      -0.10123744547912276     
  0.23295020183295470      -0.86340817632364020      -0.44750477597840682     
 -0.24337487893016579      -0.76186262497784063       0.60027827627494712     
