 -0.56956193858265924      -0.82045322516644703       -4.9555054554883016E-002
 -0.57191284543945564      -0.81894610457718187        4.7360057212692853E-002
 -0.76401128580088695      -0.64359716007987322        4.5491215701573842E-002
 -0.43652452514636148      -0.74551390704746112       0.50364208853566161     
 -0.66492283464730140      -0.21827914684405245       0.71430514349094754     
 -0.39484558982291484      -0.11228111576809499       0.91186068631084949     
  0.47065611909973715       -7.2184940030177142E-002  0.87935894376915358     
  0.12401679670343506      -0.30501113044128536       0.94423939996292372     
 -0.51264823730443143      -0.54082401523182488       0.66685918253945975     
 -0.59497294410717683      -0.70474919583147544      -0.38643986175772504     
  0.28497831751527292       0.29803722340715788      -0.91102204803720066     
  0.75752114510869861       0.55679353251511243       0.34079711979791366     
  0.79164699590960974       0.54217501810718194      -0.28167584846373162     
 -0.18185294887591058       0.62550015671214432      -0.75873517048983818     
  -3.5501511710524694E-002   2.6115605217114524E-002 -0.99902833685056514     
 -0.78469058630893840       0.58158718227385287      -0.21451581100911379     
 -0.16900033722045285       0.94848398037012793      -0.26798698662544990     
  0.54236780251630534       0.48120191447159005      -0.68868126466638957     
   7.9614918642856650E-002  0.92662737334434886      -0.36745499819491240     
  0.35583660817506552       0.83259587962648240      -0.42445778295546654     
  0.69460443790545889       0.59319285952190237      -0.40699742782266296     
  0.90786665785858667      -0.16935864363449044       0.38353067853166417     
  0.68519415781483883      -0.53483025444193988       0.49443459125547218     
  -7.9858738997794720E-002 -0.61788516463310916       0.78220234283208789     
 -0.46934856875037606      -0.87889334880425174       -8.5196258366464814E-002
