 -0.49836686375486849      -0.49448248426340785       0.71212185886112223     
 -0.94127289745938225      -0.29610488477062957      -0.16225667851702213     
 -0.90683075111783040      -0.33161275962031062      -0.26017487673502460     
 -0.28442848085602018      -0.95511244085326696       -8.2829128965861532E-002
 -0.54504734140754962      -0.51848730521385922       0.65885833830697360     
 -0.23574638435717776      -0.17175530256936206       0.95651647048121968     
 -0.30948037269064316       0.34010237184604342       0.88800465966341791     
 -0.48535121512047630        1.7822112481923877E-002  0.87413761518867805     
 -0.64228983345109603      -0.47493609987363489       0.60158080993511698     
 -0.23549543615100640      -0.91854220982294954      -0.31752497275903308     
  0.42895836984459812      -0.36573638952584914      -0.82597312929467703     
  0.85423464221266276       0.49772302176631111      -0.15018312038183260     
  0.59467326515550878       0.77167960973964267      -0.22555329219799811     
  0.11526545250834745       0.20868797779626461      -0.97116589900046446     
  -1.2639219569233494E-002  0.10194528684425461      -0.99470971072917524     
 -0.62084721898704220       0.49169397709367063      -0.61056184254002421     
 -0.30547861609338078       0.45403523078224639      -0.83697958417046325     
  0.58083114498376298       0.39770062951081270      -0.71026008637930627     
  0.62106976133686531       0.36515927756777633      -0.69349192753710576     
  0.49660326054338816       0.79400327520412706      -0.35063371284403722     
  0.83812081705121111       0.54291140277869376        5.2921685142043588E-002
  0.21620504301986218       0.40136230943176371       0.89003577228130493     
  0.39417614413648305       0.14584468997483274       0.90738883275022897     
  0.48606194397427227      -0.86619854208062330       0.11594771372203111     
 -0.24878717491653932      -0.90760733324410703       0.33816249088062611     
