  0.26055396081523946       0.96128246757059466       -8.9708701054367679E-002
  0.14915060300829258       0.57651333877878908      -0.80335948854319639     
  -1.3603912084633935E-002  0.76656240162386124      -0.64202571443256273     
  0.67658104238099559       0.71046685823898592      -0.19358444264626262     
  0.79112342342244857       0.57439450214855470      -0.21022531915506421     
  0.99507657672057315       -9.0605253993317508E-002  -4.0165836364547902E-002
  0.77971936616459081       0.38732647722877289      -0.49195112568773919     
  0.21305829563891315       0.53360885263218638      -0.81845449174159868     
  0.66844224869412761       0.57771280689599791      -0.46843662635310673     
  0.50959718285935163       0.54894729132656739      -0.66254628711285568     
 -0.21544243474665853       0.38339256104737091      -0.89810617492809031     
  -6.4982889152249340E-002 -0.48677619969429486      -0.87110628256751799     
 -0.22378056408459102      -0.70913735768936403      -0.66861533565072118     
 -0.12486794719767000      -0.72424858220286903      -0.67813861926583374     
 -0.57996304531797283      -0.72254698820383401      -0.37625618387352444     
 -0.97549513026226020      -0.18508347185993515      -0.11896789179809797     
 -0.94723438152141892      -0.32034007263702352       -1.1369447068307253E-002
 -0.97587382788961663      -0.17966390010223129      -0.12406109398241666     
 -0.96117036233422870       0.23844272117319834       0.13891221432906692     
 -0.92103176264994568      -0.23802187903091274      -0.30829543832584461     
 -0.79657654904710296      -0.35216527780911427      -0.49137095825234678     
  0.12260938825596789      -0.47911964853994832      -0.86914400434821304     
 -0.12707293748641191      -0.73671990168310930      -0.66415077732589622     
 -0.70048025886336085      -0.45254767575334465      -0.55184056403363613     
 -0.80250636878381787      -0.59533133376043323       -3.9549097390786214E-002
 -0.95091697605485048       -4.3435221201219870E-002 -0.30638258144008856     
 -0.88120949668487103       0.25492079356783170      -0.39810201200086520     
 -0.99413304582064599       0.10811325862797171       -3.3182097892393569E-003
 -0.99815541131045860       -6.0370467282911601E-002   6.4172853832574006E-003
 -0.71205178073493036        1.4406734665954476E-002  0.70197913612049612     
 -0.66862614856789171      -0.53519900100965900       0.51623744805033722     
 -0.74433319792055386      -0.53964492741077152      -0.39338459907981294     
 -0.96272359869300417      -0.13488582133803559      -0.23445487352910499     
 -0.84859507075797913      -0.22920901476443886       0.47681194766487589     
 -0.75402992367447474       0.40764173029977052       0.51504086626370449     
 -0.88233108361668511       0.15143480808239451       0.44559999751441859     
 -0.94497145318909603       0.12726189359558387       0.30138573804370822     
 -0.29472755950612040       0.74200354800960455       0.60213486895272639     
 -0.26334841011250476       0.96236936750493873       -6.7028466932817971E-002
 -0.10997240031385365       0.97378998104037662       0.19909581611522598     
 -0.51227682809832642       0.82589279663026582       0.23552821458956405     
 -0.66075922810111609       0.47529412239845148       0.58094125321988832     
 -0.71392509052855802      -0.69963263071384696        2.8725374744511034E-002
   8.7486688223079867E-002 -0.98185644090176172      -0.16823795304115619     
  0.29223567999921080      -0.77423901561450958      -0.56138423030547224     
  0.13824024119601774      -0.92186639201386067      -0.36201103710994081     
  -4.3494262109770310E-003 -0.91224968095463144       0.40961152582637550     
  0.32511540963198776      -0.93785243952872632       0.12137863110877090     
  0.21726011913113227      -0.97503349392218930       -4.5909981104410275E-002
  -3.0796874073314665E-002 -0.99762942978614033       -6.1539201911380556E-002
   7.3128060419537261E-002 -0.60005504417566036       0.79660920829389070     
  -9.6963728222985560E-002 -0.53311215662267741       0.84046978760108559     
 -0.11843642544232943      -0.27839070194044963       0.95313767641487124     
 -0.40971870394716886      -0.68282621167546054       0.60487928405987312     
  -2.3868547211180008E-002 -0.99969615036808357        6.1562483106707422E-003
  0.52244721500953628      -0.83893423202374784      -0.15244101110758002     
  0.58254377703707583      -0.80988017219543285       -6.8824810352570515E-002
  0.26292401812822436      -0.83149728628471709       0.48937023161657178     
  0.29757498578509045      -0.86227650648281540       0.40979062239489639     
 -0.13602878051323505      -0.33794866693204528       0.93128237897586064     
 -0.44898675827082840      -0.44409582507835782       0.77536429440968535     
  0.64298121376790052      -0.53825935650194767       0.54484128320059166     
  0.80509625170090549      -0.52548522816192011       0.27510961539133405     
  0.17724123674536910      -0.89916850240326940       0.40010192236832665     
  0.19938266531809809      -0.89272067722910264       0.40409942491701467     
  -1.3378118166602448E-002 -0.99789482836281862       -6.3458155354992052E-002
   1.1120580916857841E-002 -0.57821775763876360      -0.81580669121506288     
 -0.17034947016310073      -0.61417822042684700      -0.77056224379893856     
 -0.22151141720202416       0.11050723206729482      -0.96887607242101370     
  0.39626380891886348       0.40809392142369399      -0.82245628761542133     
  0.35547460055413183       0.68222398046070831      -0.63891176921795911     
  0.50437038656630673       0.68990278358721846      -0.51927320588834802     
  0.71810842678803066       0.69441116299350125        4.5971992408739226E-002
   3.3265093751971335E-002  0.98675387784528901       0.15877725937599887     
 -0.21356408922230691       0.95096674088029398      -0.22372446789334532     
  -2.9401057994411256E-002  0.98339922217880849       0.17905738635119267     
 -0.68161001903668639       0.54128373721073941       0.49236134878763466     
 -0.55674564059811671       0.74493561741969727       0.36756661651261657     
 -0.22570535971301459       0.14240960771440303       0.96373056101145227     
  0.14276377690186440       -6.1917028787105283E-002  0.98781819458384668     
  0.75249379827717577       0.12952506245739639       0.64573705310272644     
  0.86205014549826919       0.41035593573200457       0.29745176525938122     
  0.86124268960635741       0.35810922465021122       0.36058121529001941     
  0.96762864788709790       0.15037313593462556       0.20268872632034851     
  0.86032371427567544        7.5339606653827162E-002 -0.50414982924141949     
  0.82247666173232337      -0.27686859436169009      -0.49686610103912954     
  0.55193556760561702      -0.13049591773647917      -0.82361273949955904     
  0.99988494616405887       -1.1001517398648117E-002  -1.0443229836577167E-002
  0.97186172859149622      -0.17485059334142000       0.15783551725544542     
  0.76500619991411523       0.41706391394196674       0.49073741021076162     
  0.65880712161980437       0.64382189714178684       0.38918702607328637     
  0.39946756808779005       0.84013879876320285       0.36686845170815691     
  0.46791503567625059       0.88228238747288024        5.1315768953047701E-002
  0.54707214132830573       0.83698068048712859       -1.3244344972790006E-002
  0.80344989883058859       0.55009135666408771       0.22774494372557963     
  0.15140060015266876       0.96151962510657318       0.22925503006109033     
  -4.2506797373006194E-002  0.97371772106556753      -0.22375650126857496     
 -0.14068832050193192       0.89789126753829263       0.41713075666127575     
  0.14961704192519371       0.89486581302340173       0.42051149502422880     
  0.74259834789451629       0.62055591936782739      -0.25190880223181761     
