 -0.87871789866964445      -0.46472528988581036      -0.10901953723140904     
 -0.60160849736735456      -0.68696177870627417      -0.40761591049919993     
 -0.54496011536622613      -0.70310405631805384      -0.45679662723047848     
 -0.25360745027092457      -0.89555884572907285       0.36559214297285703     
 -0.29168805160906441      -0.35716764943617613       0.88732708216572431     
 -0.19996426766176462      -0.28254046883003558       0.93818184544992322     
 -0.19439022983911508       0.53440167879615685       0.82257357375673834     
  0.15105646035378809       0.71453886307318237       0.68309308219558362     
 -0.10907082531052495       0.47689679881101571       0.87216569432069235     
 -0.43001052525915162      -0.90273054482493631        1.2981202040925576E-002
  0.48262656450516850      -0.75288716479761597      -0.44747348113259788     
 -0.35065089160592455      -0.75184675696199776      -0.55836404456385325     
  0.66229457780867151      -0.14859572501497895      -0.73436040382941525     
  -9.0626959228508081E-002  0.55610978898274843      -0.82615292583067568     
 -0.31677500116477381       0.50753137835025552      -0.80128989674582951     
   3.1323063584446989E-002  0.67567611541431916      -0.73653285924410772     
  0.36849232854672997       0.19136040637405147      -0.90972226458108718     
  0.67994615055188978       0.43646918599191598      -0.58920954000185932     
  0.51695643236041133       0.40188799706825851      -0.75580558667797626     
  -1.5106062219145781E-003  0.93850742410515409      -0.34525575008731069     
  0.67579188155086800       0.73708794603946981        2.5870124159771517E-003
  0.63846670733140054       0.32371860630985111       0.69825964193715528     
  0.29897452584243300       0.24905903813919339       0.92118609868932211     
  0.45227076309874314      -0.53326548193174050       0.71489795259617539     
 -0.42363876648711896      -0.77952093212645512       0.46138629358271616     
