  -7.1387166228187623E-002  0.85478823537200932       0.51404371912071789     
 -0.70672088387577880       0.53232168418175274       0.46602491011073094     
 -0.79405331547320379      -0.57946730851683981       0.18356734607827449     
  0.82633602084479763      -0.35785397521656992      -0.43486700619391205     
  0.80535252314964800        5.8445219783466090E-002 -0.58990801803411097     
  0.18866223823443329      -0.11488774322347939      -0.97529860367039511     
  0.26411752413053202      -0.19586938879460386      -0.94439245866342880     
 -0.75216223337524357      -0.14643317758100369      -0.64250237290417589     
 -0.49025920763497888      -0.70562443228881577       0.51160538492690888     
  0.49436613202028457      -0.86033552394627544       0.12419707624336117     
  0.92366414227688332      -0.26290721618933516       0.27879086776200784     
  0.31386509336618906       0.73570910613288298       0.60018398372448689     
 -0.42389188847456427       0.89050769778279493       0.16526253984210573     
 -0.78050006221825807       0.60095583130090791      -0.17225487424952024     
  -6.2072439403741686E-004  0.95753711803473796      -0.28830935171612232     
  0.68202535908316197        7.1842549335441083E-002 -0.72779121846345918     
  0.83757121430428993      -0.13230853988256278      -0.53006500661994760     
  0.75647527109356960      -0.43851532971740326      -0.48523135701102593     
  0.92932622057771241      -0.29722835093571742       0.21910746939979273     
  0.21352009153231641      -0.60344014032071502       0.76828976796632364     
 -0.74972136514480836      -0.28749095252467871       0.59604263845958427     
 -0.81065453022097500      -0.22501194193602758       0.54056346400620514     
 -0.57904018926626555      -0.25523263643096672       0.77431825531558640     
 -0.49133442034984642       0.56123973833258778       0.66603336515212064     
 -0.66947025419348838       0.72525459888119892      -0.16067154555722080     
