   6.1781185894996739E-002  0.99673056324304721        5.2069850840531971E-002
  0.17631654840247654       0.85640863879124929       0.48525943387340298     
 -0.65280210941102368      -0.12767518008505419       0.74669167287356952     
  0.80326322026755748      -0.59549881265649418       -1.2221419315142831E-002
  0.66248888891100322       0.35992197155670519      -0.65693580086655246     
  0.40118277207573066      -0.44852674233520928      -0.79867148740882876     
 -0.19730111979691456      -0.19121321727160481      -0.96151431277308474     
 -0.52235359455405472      -0.49411907862150128      -0.69497702005080630     
 -0.92380587709744055      -0.34154786474483556       0.17299640900456570     
 -0.79431799488261101      -0.59257075910668422       0.13386119100548116     
  0.26721023235716534      -0.87583060427830262       0.40189481749972683     
  0.95216942195585519      -0.21510835753439489       0.21702945977703514     
  0.51866457877340089       0.79615906555562066       0.31163728445007588     
  0.20113408629636770       0.95878568486829097      -0.20068654618919951     
  -3.0418162681006874E-002  0.99747996465512823       -6.4097234657428975E-002
  0.40703482944547936       0.20982830716210504      -0.88898522436080829     
  0.87602327595196705      -0.38930710571198324      -0.28464574023259714     
  0.53902748593914085      -0.53621338154288889      -0.64955721753859397     
  0.43536872089309547      -0.88413609889918499      -0.16958017422812238     
  0.22606666782593332      -0.62994512771869482       0.74300941969907475     
 -0.30606885137179746      -0.40181770477404583       0.86305526494545592     
 -0.79198311550559952       0.32344034309904113       0.51783113966815375     
 -0.63282148246053060       0.18194970099041685       0.75261628845378004     
 -0.85913424481948386       0.50136442957951721       0.10257708384855248     
  0.19381241835630095       0.67177091915045939       0.71495494870278442     
