 -0.31463889037844012       0.53828179935890963       0.78182803297164327     
 -0.38793771824359269      -0.40395734650412374       0.82844600848171090     
  0.32960824840045255      -0.43966635521919278       0.83549500218410477     
  0.78363448393532908      -0.50673784133806632      -0.35935185507163059     
   3.0620927934892975E-002  0.54812918894453744      -0.83583296836113685     
  0.28256754333580036       -1.0607377548696173E-003 -0.95924681823221125     
   3.9056074027631352E-002 -0.39194828591507047      -0.91915785600176203     
 -0.74860623282763517      -0.19352046199727485      -0.63414394183022704     
 -0.75622260938858232      -0.62133011529327076       0.20512496893157806     
 -0.95774632568978491       -6.3897776340677698E-002  0.28042654975312448     
 -0.41381851932845604      -0.65819469406193820       0.62891492093090196     
  0.60574028376372491      -0.77892589542576973       0.16233655799297908     
  0.71401029633781610       0.69445898543705586       -8.8971985868179865E-002
 -0.37424071312607893       0.88660839372245781      -0.27178933904726105     
  0.11154905017476799       0.67036263096904758      -0.73360122164931862     
  0.66963651381983813        3.3434169474348546E-002 -0.74193604553952852     
  0.63349533902674060      -0.28416299292956193      -0.71967704484770667     
  0.75124144041710705      -0.57209399285950813      -0.32915765452759499     
  0.35132861953694250      -0.91808381955167584      -0.18354917970852466     
  0.47593251065401371      -0.66627316672049797       0.57408040605023913     
 -0.73179123173759586        5.8456064699318799E-002  0.67901729112876463     
 -0.49359602039402184       0.27064952638205442       0.82650577887898524     
 -0.31066437333135222       0.90206076871480367       0.29962312442180911     
 -0.79014667046343912       0.60710964758698616       -8.4179064869829540E-002
 -0.67398310539410577       0.58901432854322966       0.44587991030552027     
