 -0.16771252588661292       0.96360615538702932       0.20817225069858300     
 -0.96559211008478951        9.7877390521008065E-003  0.25987704228389691     
 -0.41358597849826201      -0.78080802976253805       0.46827925327515918     
  0.38970106225663825      -0.87980537904132416      -0.27216828817108146     
  0.45300305752731085      -0.42426065738488200      -0.78408617158207561     
   4.5651647123812325E-002 -0.57673989327868724      -0.81565128738683768     
 -0.51773955249923631        1.9381585892052841E-003 -0.85553608884671917     
 -0.70649092015839432      -0.65513886368849261      -0.26770067056079655     
 -0.84207396129820078      -0.29695389899389230       0.45025528933694042     
 -0.98310164442230741        7.4553678479810551E-002  0.16719122512648524     
 -0.65435347366153507       0.23509725399570505       0.71871469490387729     
  -9.7179489299818789E-002  0.67565046515772487       0.73078902276346536     
  0.37654041472057792       0.67883776523974015      -0.63039400740043405     
  0.45918512133549139      -0.60099647091851949      -0.65418060678040169     
  0.34263798296765613       0.36209285436316307      -0.86688406228687664     
  0.94053603915110529       -1.5564842220875452E-002 -0.33933714023762029     
  0.91160578460914221       0.24472642959085447      -0.33027847057729920     
  0.74407396575463181      -0.65968986953081887      -0.10565609080689660     
  0.66422347013779848      -0.71903479736575582       0.20444104748140005     
 -0.39290204349146474      -0.74032149169360517       0.54548333902768120     
 -0.35185848108949153       0.74269638367122515       0.56973475492292380     
 -0.40445261652892006       0.61165565181703418       0.67992311667069405     
   8.3252425166548072E-002  0.73530326938274559       0.67260548298309397     
  0.38925760004902726       0.41144315501643475       0.82413169517632423     
  0.65444227009939804       0.62745652982270217       0.42190475025765184     
