  0.14663758597615395       0.82996361021917675       0.53819868458681919     
 -0.60905285428632838      -0.45758606819030168       0.64781911895511968     
  -2.1406215401319290E-002 -0.88675879679714642       0.46173651604029436     
  0.56633519810565736      -0.76349529719092901      -0.31038584786348744     
  0.21772688512325181      -0.67576123020409185      -0.70423132793674881     
 -0.14759117810713462      -0.44709717997238996      -0.88222500293616513     
 -0.86647001670243384        5.4357984530827880E-002 -0.49626093909696239     
 -0.79830654516051214      -0.60023674068657251       -4.9219052041376374E-002
 -0.95620221274714567      -0.20439504462134941       0.20952325425046492     
 -0.98573984748266141       0.16752409699084425       -1.5894339000897380E-002
 -0.87415124486999718       0.46945717791936165      -0.12437668267096996     
 -0.55612602583030957       0.69718392509450378       0.45239188540911351     
  0.41243529557189196       0.88464286110207224      -0.21749513849205060     
  0.81603473854983843       0.41886615480180861      -0.39829442607376009     
  0.89835329270136810       0.14182719680276415      -0.41574800990466204     
  0.80257622747000434        5.7084824171593079E-002 -0.59381202577025216     
  0.41408487688007645      -0.51350636342282052      -0.75156166045341743     
 -0.12329265568775356      -0.93547157729830954      -0.33119759830119982     
  0.26626373417252014      -0.95767651987909019       0.10935861711261428     
  0.43027145649103016      -0.23942317145629186       0.87036947252238939     
  0.32407800823005611       0.50537719123392288       0.79972954125888884     
 -0.17424646411550576      -0.13295382714113488       0.97568511805385671     
   2.8080650057123263E-002  0.49416717046053743       0.86891327802685669     
  0.33263481326823729       0.88879265567581089       0.31528034543679589     
  0.37051760233603526       0.92830618053782898       -3.1053848946483206E-002
