  0.40640626625963200       0.53187398980880285       0.74292934099395902     
  0.61035976136722492      -0.61527891317716399       0.49889159213524614     
   7.2420767384210591E-002 -0.76665592696997609      -0.63796075278440711     
  0.27559740131644045      -0.62332259565763537      -0.73178891364260790     
 -0.36299325438081925      -0.11128844290499051      -0.92512203505796153     
 -0.54076122373616486       0.12461293369201708      -0.83189477439160986     
 -0.95677930966488967      -0.26441815617431419       0.12106358363490273     
 -0.77536814481429162      -0.61260458304636434       0.15336187543792579     
 -0.94165484560637280      -0.22610001675352767       0.24932896777168845     
 -0.89764510788461083      -0.20059953561825514      -0.39241952882161885     
 -0.85233068794020306       0.26790933793667226       0.44917366913225387     
 -0.46549546267853981       0.84703325412014452      -0.25660989973174569     
  -8.9613527544214103E-002  0.86274219863531387      -0.49763974356455520     
  0.78596427438935279       0.28258288170867757      -0.54991551564656138     
  0.92798977605886812       0.26223544828915279       0.26470274874055277     
  0.84608604248047481      -0.43302437598013366       0.31085092653360546     
  0.50882780276056616      -0.67935690596393550      -0.52874233938372972     
  0.65851197207521206      -0.41870964570194313      -0.62533528225246882     
  0.87335880570759317      -0.31864155167841257       0.36839103957206065     
  0.55769040049895435      -0.41890339682455729       0.71659009295423992     
   5.6365413220858022E-002 -0.18405161383569996       0.98129911017839944     
 -0.10437364892072044       0.62649431487878993       0.77240599093710516     
 -0.24380325536823128       0.87963164423760853       0.40842152627851658     
 -0.43999555227197906       0.87445218807555125       0.20429705027423578     
 -0.49291259075616578       0.81772021053925636       0.29727232489696259     
