 -0.69491930784838352      -0.61840333465604547       0.36696658058438691     
 -0.99823060993085699       -5.1129558061414379E-002  -3.0354862699524750E-002
 -0.56546908430480458      -0.71949215721500637      -0.40320683327740786     
 -0.47950780141522514      -0.84634403705982530       0.23189230111239442     
 -0.53857917227936991       0.12477863032325355       0.83328432638656580     
  -2.0577200670147264E-002  0.70622149481869056       0.70769186731843592     
 -0.16101767430854222       0.97139904942373190      -0.17451989954996530     
 -0.29914228311590935       0.88685730708207933      -0.35213351349640309     
 -0.81685570974985100       0.51792873138092010       0.25396176613659560     
 -0.46055699564442731      -0.88220033126387443       -9.8029736717481553E-002
  0.54260967843952446      -0.79116672690905432       0.28218778693584318     
  0.91871057792743172      -0.25166443928162424       0.30436143646218011     
  0.83000435225364488      -0.34584062701592189       0.43759231705462603     
  0.47178560393485192      -0.35727293664714072      -0.80608584695389462     
  0.37160999894411773       0.24999759260866872      -0.89409575123396146     
  0.32551219615350169        8.9853524632539081E-002 -0.94125881364607922     
  0.18269916738063754       -9.6527280660189910E-002 -0.97841887672240979     
   5.7052558707807066E-002  0.37530572551397545      -0.92514356612435833     
  0.46157847160485854        1.0219839245840814E-002 -0.88704051172237608     
  0.14776666029908994        1.2520043864407249E-002 -0.98894300270828916     
  0.74154098901513033       0.64199638045298524      -0.19482712618039974     
  0.62036428546958688       0.57365086343312899       0.53485777567147441     
  0.50522077760582684       0.12777281061555712       0.85347880743621163     
 -0.67938663455880310       -5.5148717144299315E-002  0.73170514538317377     
   9.1263694967197537E-002 -0.63581776062499074       0.76642462985917503     
