  0.71189748069003755       -5.7601288179458379E-002 -0.69991718694942384     
  0.62390321226173628      -0.78130512283869957       -1.7523890991211738E-002
  -5.4386377662900699E-002 -0.81849088278556681       0.57193950442470687     
 -0.33236753455181628      -0.24414181840192567       0.91100307051257046     
 -0.81056961626378765        9.3863207955733260E-002  0.57807144487703432     
 -0.63116794526376696      -0.77527202905712111       -2.4089537837089392E-002
 -0.72807434322785602      -0.46329967493110519      -0.50523376959782895     
 -0.81642421763323925       0.17802335486364446      -0.54932611624157268     
 -0.94791963916339272        4.3647022040950958E-002 -0.31550482588274570     
 -0.87456977904207711       0.34855617500751390      -0.33709982861229293     
 -0.78203381012976736       -2.8798850784718444E-002 -0.62257027395099240     
  0.37661353234659489       0.43096656564187363      -0.82001833305864358     
   7.6605856537650480E-002  0.98303439809010817       0.16665807785931319     
  0.24105813770280571       0.74097598279295074       0.62677393625713629     
   4.4882392405469207E-003  0.12673233371000989       0.99192679734995726     
  0.32437040024894476      -0.74104932254667633       0.58790283635606921     
  0.50882196118267731      -0.83700592965838894      -0.20129899536493859     
  0.46775043200479044      -0.79343006402769511      -0.38945894116884217     
  0.98174141563933792      -0.13636631517482356      -0.13261983601301283     
  0.62269557407323728      -0.62526202282213927       0.47042281497178978     
   2.4880202732046677E-003 -0.32645590599443652       0.94520915738077904     
  0.36310051229923357       0.85109965936067578       0.37919307457307921     
  0.47070431237154153       0.85046965567866617      -0.23481655624046138     
  0.33020427071211200       0.79583500197832957      -0.50755471550329712     
  0.48796554894718280       0.86160358451454522      -0.13974579132239301     
