  0.82810699255378728        4.5404498442945196E-002 -0.55872823483751555     
  0.44902483747970384       0.73670060486086619      -0.50561735939735053     
  0.19912078762368154       0.66418214788558139      -0.72056435268906371     
  0.69607489598570338       0.48112729792030190      -0.53291299700269190     
  0.58703604995638581       0.25841413717436884      -0.76720975603808450     
  0.52134381674437069        9.7338213506763402E-002 -0.84777703255851045     
  0.50002615899906311       0.65686207119424134      -0.56436341105979626     
  0.11462022527185604       0.98910053758029226        9.2424728925761562E-002
  0.42601327047720366       0.85075575438207063      -0.30777806900931770     
   2.6791021036306456E-002  0.98994283035169550      -0.13890800490648428     
 -0.81052641542960557       0.56514265076256287       0.15382039585144325     
 -0.94193128262413339       0.32852303846917597       -6.9556250682663370E-002
 -0.94178372060332738       -3.6303654484858477E-002 -0.33425359875040384     
 -0.80210925586288673      -0.38519071620632739      -0.45634291252033238     
 -0.83777226383705894      -0.51487393626882627      -0.18177586114875510     
 -0.91515348695741505      -0.17616087565443134       0.36257611779920779     
 -0.74387050314560665       0.15132772603594402       0.65096589302565755     
 -0.92188918234111605       0.12994489125199118       0.36501323362301130     
 -0.95030184933661566       0.30544540988301783        6.0245304620390308E-002
 -0.95679924069288558      -0.26511004509664293      -0.11938122548530301     
 -0.74490835711449255      -0.64611721807004485      -0.16626508958409836     
 -0.20889792382555628       0.16627190526042093      -0.96369876566406143     
 -0.29760511887768593      -0.21538046743598335      -0.93007658150543948     
 -0.45344308108817361        5.0656353415719224E-002 -0.88984454039561467     
 -0.12810545717499322      -0.53215048523854902      -0.83690193744688801     
 -0.54339670940480322      -0.38324379194746272      -0.74688969208428269     
 -0.96693825060143934      -0.19387716280722905      -0.16565646762395014     
 -0.62548999292909702      -0.63831727026395235      -0.44867954179830594     
 -0.56379168307201433      -0.79838557579615599      -0.21146964429786952     
  -7.7580233161781732E-003 -0.98818519209674505      -0.15306808679456568     
 -0.34040708544121406      -0.93702938906357425       -7.8095711870487278E-002
 -0.72641896620921276      -0.40930582036676899      -0.55207266817460354     
 -0.83302116498038725      -0.28174064040302071      -0.47612808175952775     
 -0.96635729762070421      -0.18672104710498616       0.17688647179256695     
 -0.88531265557062655       0.34825230769839816       0.30812632485592328     
 -0.78548575024406619       0.25313085145772929       0.56474499396081135     
 -0.98846015868111936        4.1459821963806723E-002  0.14569693841265893     
 -0.85272336980318486       0.51340495547524956        9.6323446184978151E-002
 -0.75362452594201024       0.25056664062738643      -0.60767296509174196     
 -0.15432927728642024       0.49837975552932984      -0.85311200522016661     
   2.1778580608773218E-002   1.4538705486930648E-002 -0.99965710094482996     
 -0.52800239517433833      -0.27157131176303295      -0.80465054111549450     
 -0.67538318722560331      -0.64229927536128850       0.36236610117855511     
  0.13807968646569360      -0.65912394789769335       0.73924936353931792     
  0.23162450397719297      -0.50218659711596503       0.83316187552863974     
  0.21966691658672435      -0.35580844238063514       0.90837591232261816     
  0.21848804854640719      -0.14349803344769038       0.96523120910952376     
  0.33273617796779326      -0.63510660594971191       0.69708409460438825     
  0.19095129569769204      -0.51866144270571735       0.83338341147504857     
  0.40033603636645448      -0.56281045544030395       0.72317041507066215     
 -0.32117244536013861      -0.93993320253318002       0.11564529872460308     
 -0.16286472806147079      -0.98048052599218560       0.11014998185903623     
 -0.59533258473324435      -0.35200355753874313       0.72226906969279348     
 -0.57631224963804206      -0.56706352012759564       0.58847527990360804     
  -3.9665705502500058E-002 -0.87668472837938161       0.47942728211206220     
  0.11637730764790284      -0.77635536259356086       0.61945837086671274     
  0.28390772554146265      -0.78035583456552682       0.55717248212506509     
   8.3104449217782386E-002 -0.60993018025918555       0.78808554467722625     
  -5.0102996268799979E-002 -0.53764087997537136       0.84168401074524279     
 -0.39615780941735357      -0.76794135590822954       0.50331408079198048     
 -0.59692149231250813      -0.60775201149449543       0.52375779186548233     
  0.19725614458484431      -0.76359122974698601       0.61483204802369351     
  0.19166625502157703      -0.62418826875188937       0.75739887235097247     
 -0.27517736742482224      -0.95377541550164313      -0.12078854764344590     
 -0.68586354509116398      -0.72642821300618177       -4.3511479676324988E-002
 -0.41909795584122805      -0.63386258401092177      -0.65005778820093973     
  0.17656192993127728      -0.44462139476517265      -0.87814446432008708     
 -0.18416000365866253      -0.13404855771950389      -0.97371252288637711     
  0.46875770447642179       0.12959381428431935      -0.87376865232922429     
  0.91574984466254727       0.11649000046831647      -0.38448966408917123     
  0.56732450705624538       0.74032154614766288      -0.36064790586236939     
  0.62677156555360169       0.74875542151944419      -0.21569126861957655     
  0.82258865900066602       0.54929752090367723      -0.14703785775287037     
  0.38758578821618622       0.84329083740150046       0.37234100006245441     
  0.42297945638335049       0.44387055084461874       0.78997931211553840     
  0.25548983630165734       0.77259918880220624       0.58121892347782456     
 -0.14875911838678657       0.29158927802377299       0.94490550725369171     
  0.40646143525517964       0.46811516906761080       0.78463831804157103     
  0.62201077146042050       -8.8107426060340721E-002  0.77803578430572928     
  0.55499510803338148        2.0667146338282205E-002  0.83159683688746866     
  0.99065020906211543      -0.12840916187609552        4.6078741643628018E-002
  0.94374004548699275       0.27934837784270078       0.17697234343495041     
  0.90190814829146559       0.15629325864836607       0.40265880016029387     
  0.84921568527069691      -0.39823269934683564      -0.34676135462468255     
  0.36854172802092178       -5.0819976268012657E-002 -0.92822105380101672     
  0.41307867322383990       0.38578097957175772      -0.82494790473597612     
  0.21040437121453334       0.42266878728341273      -0.88152203422839948     
  0.73784828581808148       -3.7377551927336439E-002 -0.67393087607501378     
  0.43655708989021669       0.39799486275835538      -0.80685686245116273     
  0.59363705125758248       0.60750329209304799      -0.52776396378523538     
  0.70454948047151222       0.70876704140033941        3.5486766433716836E-002
  0.51528811991440970       0.73899760611239207       0.43400540507603907     
  0.57359367582018050       0.71015602918887533       0.40825079211898252     
  0.50063808254315789       0.81266866025673934       0.29821327761187377     
  0.81013168531524971       0.54938805373861133       0.20459574496444641     
  0.21030688053019009       0.78050088630637093       0.58871842376182948     
   9.8970648156074911E-002  0.97649402106479710       0.19147907882652648     
  0.47367931100070304       0.71447734258802442       0.51492721549577780     
  0.97666326040986617       0.17840984863212925       0.11957759688427998     
  0.96683788029085882       0.20142391263442522      -0.15701248566181092     
