  0.24820856647342721       0.94697035370307825      -0.20405797395991371     
  0.16798844316932532       0.60129778591362981       0.78116634311578881     
  -9.6152364133286865E-003 -0.96791104350831925       0.25110905814669460     
  0.27218834602582381      -0.95851874553374261       -8.4589117196782138E-002
 -0.14814400404395972      -0.97553080838411987      -0.16245921321745499     
 -0.76079867704801762      -0.41084617109605798      -0.50238510795775326     
 -0.94610231969452352      -0.26962604573803273      -0.17942183849321050     
 -0.96245271875164851       0.17823795228986256      -0.20473396525998311     
 -0.58068175876434758        5.9691938955537621E-002 -0.81193938656901654     
 -0.32243443407849698        2.4096923501308154E-002 -0.94628503845208412     
 -0.70550530620068630      -0.46742777271422553      -0.53270398930185037     
 -0.51973140131241979       0.47298713803268816      -0.71145093839665574     
  -1.2720417433530244E-002  0.99580454257100848       -9.0617349195778019E-002
  0.56930217030054675       0.72443068281825163       0.38870969203578754     
  0.68127243468183318       0.39196966977495878       0.61824562086536938     
  0.22227818588920528      -0.78699551963396874       0.57552624627719973     
  0.30954115924548953      -0.68956218700554084       0.65474289685732523     
  -5.5216966805177348E-002 -0.97891364139807413      -0.19667020430562160     
  0.59582872903185313      -0.78283599420453243       0.17932075127574160     
   8.4339642378296609E-002 -0.44151665148267122       0.89328039897170275     
   5.9010428596009884E-002   9.1046209520440069E-002  0.99409675436995859     
  0.76439391482689756       0.60600774797869883       0.22012849058086623     
  0.58083259055937975       0.71294229774103901       0.39286992992057224     
   6.9782002878215357E-002  0.96073269053866006      -0.26855757186245172     
  0.37228404375802288       0.67558192022036467      -0.63639112174393297     
