 -0.32746567312299291       0.79711590406413602      -0.50731890208632346     
  0.85567498281693111        2.0660235320481432E-002 -0.51710103312382993     
  0.40824565493108755      -0.89146272203646548       0.19654439816284897     
 -0.37945991183202937      -0.87871951822752403      -0.28958968144324837     
 -0.65515226606402288      -0.75399963463303499       -4.7540080399709465E-002
 -0.87602695457917901      -0.40994375631264490      -0.25401356560433452     
 -0.94049400296933716      -0.19740641944391990      -0.27658947185496241     
 -0.27382235571874669      -0.80377033431112677      -0.52818043052541175     
 -0.10622905852176129      -0.14636827599500787      -0.98350989568373204     
 -0.14922840340367952       0.48626342375457232      -0.86097547371343897     
  0.38308586321919402        3.4696221240139331E-002 -0.92306088295045530     
  0.40025459145222153       0.91309821601241015        7.7768309332140670E-002
  -9.3081970980356366E-002  0.73929709559221013       0.66691495044521454     
 -0.54784314551479318       0.55142067545171081       0.62912886326795314     
 -0.49641316592426593        9.5376037541661143E-002  0.86283102642401299     
  0.11245363278523630      -0.90579354237243204       0.40852446569314349     
 -0.10090064258830708      -0.93527546164537900      -0.33923276841915084     
  0.21860389318200535      -0.75148683570904073      -0.62247881380951864     
  0.92445131327450425      -0.37411956010602015       -7.3650011073581489E-002
  0.85834360241242491        2.2325471134395716E-002  0.51258934200420492     
  0.25564416245029631       0.29068414105058077       0.92203513617799981     
  0.41521704823411260       0.21225093984011889       0.88461536352968173     
  0.39723680998532507       0.56544779546123369       0.72282204407495876     
  0.22147778883814134       0.97487823710436416        2.3664569965669305E-002
 -0.16088189520277216       0.98400424953566401       -7.6502631926513298E-002
