  0.40365255465527661       0.91473753029589044       -1.7884792098172328E-002
  0.59285674807400379      -0.18251883393541060      -0.78435180341601762     
 -0.72997487504192782      -0.33005446897452922      -0.59849872958715034     
 -0.32081890810845382      -0.71309034241649649      -0.62335976109499380     
 -0.39219247369580190      -0.79641481573171902      -0.46033520923275528     
 -0.42767877939645682      -0.80158090843800589       0.41780247591616471     
 -0.88964707564367662      -0.45643874826036168       -1.3847378276506978E-002
 -0.47124493299337467        7.0786730422502026E-002 -0.87915723959036607     
 -0.26246824341231179       0.35955679269137930      -0.89544923587523184     
  -8.5917802296091195E-002  0.52749140183824905      -0.84520468067524268     
  0.45187136956689522       0.11079979769857450      -0.88517550248281618     
  0.63740639042757608       0.76891971556728833       -4.9755044508275337E-002
 -0.44878407866655290       0.77340458241021837       0.44770325288331225     
 -0.97438654138822201      -0.14521486625275784       0.17170763110789541     
 -0.95979686904834494       -4.3112932918288077E-002  0.27736482325666034     
  -5.1890862942975388E-002 -0.92202739547880586       0.38363109927334299     
  0.76883636244248033      -0.31095509710106889       0.55874643208983055     
  0.82865631500639836      -0.54952002739994232       0.10656665091108861     
  0.50828660506820933      -0.27019652664456278       0.81770322495234393     
  0.40259217296447952      -0.20565179503118924       0.89197919340543164     
  0.12453354790497478        1.4430930230618623E-002  0.99211044934467163     
  0.24207315697156206       0.34054735100650330       0.90853073057342948     
  -8.9941230714971593E-002  0.31199421572134595       0.94581720452415374     
  0.68163107495546627       0.73125849540504551        2.5300010929033598E-002
  0.35870145531745268       0.92296887155950003       0.13950529769613623     
