 -0.29480163022092631       0.26700981973518523      -0.91749537055184405     
 -0.92944466092781175      -0.35297382100261504      -0.10743418431576560     
 -0.98728574332025831       0.11949937119686140      -0.10481775288608025     
 -0.32283105588032490       0.87927488628545036      -0.35022247744381274     
 -0.53404280050716690       -3.5415973636164555E-002 -0.84471533432148060     
  -5.4980636284521156E-002 -0.36949023060506792      -0.92760665107639784     
  0.79692164713222835       -3.1864769195805109E-002 -0.60324168027101077     
  0.78711589381781377       0.51744956867319392       0.33570003511959678     
  0.95705519363824409      -0.22792347107280694      -0.17915425661744017     
  0.71857189942249600       0.17909516320498567      -0.67199653858996877     
 -0.49576029471103977      -0.43368796695033524      -0.75242041274177651     
 -0.99705226200572317        6.2042886172359382E-002   4.5138310830965700E-002
 -0.28163626734849589       0.55281984213599089       0.78426477356486657     
 -0.36679588477935737       0.38477087265980942       0.84700186213581219     
 -0.11159600870970041      -0.90844807857558907       0.40282554458767794     
  0.15079493053568008      -0.71445760154256621       0.68323584838821694     
  0.18046418580263693      -0.93958599046105262       0.29087943236313285     
 -0.53181963857618708      -0.65245737310653729       0.53987706776968636     
  0.14699579583392888      -0.98799773914828748       -4.7462653160213947E-002
  0.93787471217536023      -0.25847925665678462       0.23147245654754967     
  0.97329591685244388      -0.15491094403280206      -0.16940383011382798     
  0.55321674963864920       0.57667323222156697       0.60116487851369527     
  0.12416199025049482       0.44037273754237977       0.88918819841833796     
   9.2543581961600466E-002  0.86036336860195828       0.50120909748886577     
   4.6913120446373503E-002  0.95103743767987592      -0.30549460103453613     
