 -0.99007723599317099       0.13210846338086493        4.7900111390991408E-002
 -0.59326319588992271      -0.66934740221988243      -0.44722794584413617     
 -0.36574848139718830      -0.45943353758634292      -0.80941267156903052     
 -0.34657943885948683       0.15264094481137558      -0.92551792771772368     
 -0.38397668111393102       0.61542846867164303      -0.68833836759924516     
  0.15948870794278158       0.83947720401183457      -0.51946258381448673     
  0.28774115166708125       0.78155758834407874       0.55350949923116000     
  0.86880811809475444       0.43982500087707455      -0.22743443568667704     
  0.80340923098082961       0.16870292558623867      -0.57102795944979512     
   9.3674784334964178E-003  -9.0706847483985942E-002 -0.99583357955397889     
 -0.53136256017288808      -0.81752965797302768      -0.22203397933878843     
 -0.78651038889406255      -0.43554631522794052       0.43783651681086705     
 -0.80334863614581653       0.11726544049961635       0.58384911172930332     
 -0.47262808605315315       0.16495386818128649       0.86568638296196132     
  0.18423986159477235      -0.43122517230274487       0.88323299540494138     
  0.72916545154926382      -0.21297026311413580       0.65035483491402046     
  0.54471760052325302      -0.58707011180067725       0.59885843027422914     
  0.31997697761537447      -0.41260766544944794       0.85285968846491489     
 -0.21117284419434179      -0.95331775458672652       0.21585015326513102     
  0.57982287776082919      -0.39760979625612775      -0.71113422104854940     
  0.73529340137076682      -0.51246925537167554      -0.44353001724733315     
  0.96188825609569317       0.26707790295539846        5.8654723067636465E-002
  -6.6411599443566449E-002  0.97050652754340239       0.23174680031227460     
   4.0518232434702324E-002  0.64834341015634678       0.76026909403658138     
 -0.44142638276255364       0.78313627553381571       0.43799580197092991     
