 -0.91581304062545743       0.33474334104708636      -0.22188593971900877     
 -0.94330026544380885        6.4315140473212629E-002 -0.32565038295623905     
 -0.98305427134040546       0.14117283026239169      -0.11693815286317435     
 -0.56433167781911320       0.45271410018486991      -0.69034752183494086     
  0.55784753354453442        2.1334472494671422E-002 -0.82966919287246221     
  0.21379940847944329       0.44181650019158691      -0.87125655985611206     
   8.6591685031327276E-002  0.68044450553660563      -0.72766555158844526     
  0.48098800484618209       0.74030411336026802      -0.46968112473883489     
 -0.13832348476024159       0.96695865546238169      -0.21414381193516974     
  0.29321328471777219      -0.44321682678580537      -0.84710378001689457     
  -1.5835053516506659E-002 -0.98051044669710297      -0.19582776871010987     
 -0.79434987852194372      -0.51109044682343008       0.32832122328292623     
 -0.26679757632310125      -0.19640547844594400       0.94352739298048371     
  -9.4267842113098910E-002  0.16909832432458144       0.98108069528146402     
  -4.6639421090656018E-002 -0.79378745706958131       0.60640435140202809     
  0.44605511157761463      -0.87032309225129978       0.20874039505952907     
  0.42979916453977707      -0.83728460939219240       0.33797508937177279     
  0.20014721529927162      -0.87064989384068903       0.44934380441164073     
  0.20164877852946786      -0.63363675741987957       0.74688836499438027     
  0.87709470152674585      -0.43944151128533637      -0.19389698995338447     
  0.79952560838859332       -1.9720804984627416E-002 -0.60030816368063766     
  0.81951408784141699       0.57264914768133068       -2.1670567350828941E-002
  0.38290172600607064       0.83120373844074624       0.40309628306854967     
 -0.69972931141416916       0.46814886797925859       0.53964389013273562     
 -0.94543384666032171       0.19728152809457403       0.25929681884224443     
