 -0.94505080721394019       0.30449432591726644       0.11900494640335382     
 -0.92996902700908346        3.7311558692197350E-002  0.36573960189146609     
 -0.96134337648170543      -0.24962713228014505      -0.11621190698161618     
 -0.33986111161706667       0.22130622412725814      -0.91406672621473295     
  0.34836794167015944       0.55804277255318679      -0.75314543165157322     
  0.90982078519080034       0.14849076133338282      -0.38752629927972038     
  0.22496217430290724       0.92926838102402587      -0.29300562479572118     
  0.27412671850745390       0.93021542659875700      -0.24403647743320578     
 -0.24675932232910675       0.88637495074210049      -0.39172603122664634     
 -0.81663918417114867       0.30103690488737395      -0.49241976480649668     
 -0.34569987831799359      -0.80660772107327527      -0.47945341633562882     
 -0.13503611428771570      -0.97579046348680987       0.17204132993635943     
   3.4244696044053974E-002 -0.62410035673525255       0.78059339320531873     
  -8.6195628159278281E-002  0.13737214993067248       0.98676198047434749     
  0.11256504023511482      -0.59251816449698658       0.79765364442091635     
  0.37327923450180467      -0.76518723700043523       0.52454847766567347     
  0.46175299086588251      -0.63547764721036071       0.61883142722584961     
  0.42281335496584238      -0.70118474828117983       0.57408084416776228     
  0.34666070031660912      -0.11180303768164199       0.93130362375604347     
  0.69956677630409825      -0.38975445094832772       0.59891384477023979     
  0.77575912826293780      -0.21028664196903257      -0.59495991724327180     
  0.78076652232060229        4.1195205337724347E-002 -0.62346338519642375     
 -0.16915282719242569       0.86561292893845787      -0.47127654122327173     
 -0.90932032627737081       0.28518451683923779      -0.30299560322549912     
 -0.92903032010097253       0.36790522695265987        3.9349819744994817E-002
