 -0.45285780438912132       0.88869743959947922        7.1670564761214792E-002
  0.13233171977983552       0.95853549052855347       0.25238468522730362     
 -0.77695487922020789       0.60112973918353407       0.18704050985015500     
 -0.84456297687813520       -6.6930234861868304E-002 -0.53125673807307727     
   6.7961945337648544E-002 -0.22263208903934015      -0.97253078455948427     
  0.46537798248914825      -0.35853684979490752      -0.80924326426203586     
  0.69493943356294274       0.26684759204309738      -0.66772115909266394     
  0.44968573034848636      -0.60467869796047435      -0.65737844211211305     
   6.6635662346978500E-002  0.22937180129497475      -0.97105523286486395     
 -0.64854667753065076       0.36012596824224580      -0.67059413512310873     
 -0.59475879204674298       0.80376088779184784        1.5179411686977506E-002
 -0.45502625377763262       0.37934128069414874       0.80563720193050670     
 -0.22845598016141910        8.0415075837059063E-002  0.97022743761791075     
  0.12363927029452494        4.9351098669167100E-002  0.99109928861904972     
  0.57419204069144758      -0.75166838195506880       0.32449675495391384     
 -0.45380494340460487      -0.60672612156706185       0.65264422678034983     
  0.48225380928692874      -0.69266851306714106       0.53632228597512910     
  0.37688379847450071      -0.54120554479884109       0.75170151039252575     
  0.59820744706244666      -0.70307956941840122       0.38448272958020596     
  0.56948962988448537      -0.81965616455713763       -6.2010751950962610E-002
  0.88545033514781935       -9.4868612090478310E-002 -0.45494796452632114     
  0.37621578195396205      -0.56292955965783598      -0.73591575351545080     
 -0.60357944126124952       0.36179260373694311      -0.71049135812335984     
 -0.69562303252135660       0.45144423211057982       0.55884407657223722     
 -0.79743687629849092       0.58092753890487270       0.16314908170504394     
