 -0.38253485521071984       0.80365819870131305       0.45585149359092353     
 -0.82810441165075765        1.6087446131636630E-002  0.56034299985054348     
 -0.84308432550643253       -9.3210026830726572E-002 -0.52964205930376962     
 -0.35184941984437773       0.52519924497991766      -0.77483400727360241     
  0.49328928924103499       0.40245873209041788      -0.77116317733942430     
  0.96232900877503069       0.26956325588619079       -3.5475765616874919E-002
  0.49070397188052878       0.75483852329905021      -0.43523374837484086     
  0.23364354291071154      -0.84883347969618150      -0.47422823471718500     
 -0.49697988702658907      -0.86430578106770428        7.7372531973166597E-002
 -0.72397525128768270       0.24968693018038193      -0.64305230924086065     
 -0.88277016058573443       0.46977158705171568        5.6124485165397198E-003
  0.29945606084862142       0.83429639379778908       0.46289911958982022     
   9.6413973426688976E-002 -0.10653142657385177       0.98962386838648586     
  0.32842957171495418      -0.30321511803774731       0.89453597390853645     
 -0.13969925062419503      -0.66561114141171951       0.73310703707140290     
 -0.44015948562701823      -0.89183486954812097       0.10435608593002435     
  0.60264759138236812      -0.60221514227235973       0.52359603036969526     
  0.67118068226989303      -0.73617309931296460        8.6980800155290125E-002
  0.56107820864928881      -0.72180471152916215       0.40520266804796973     
  0.51265242126875366      -0.81779014963337449       0.26154687176474484     
  0.39943588331338392      -0.51160622762266617      -0.76072994089845525     
   8.6028027187714420E-002  -2.8439503198797893E-002 -0.99588672709099468     
  0.36241900386579340       0.63287524183303057      -0.68419397389313974     
 -0.72900414601178720       0.52675075667338145      -0.43713452785343215     
 -0.39782249488004179       0.88730338542303233       0.23330230342672623     
