 -0.24221295339000559       0.20130621687007472      -0.94910942059361381     
  0.65377849905625185        8.7057806291930648E-002 -0.75166123522196837     
  0.66022789030439433       -2.9439345367603960E-002 -0.75048814634779148     
  0.12326389851936484       0.42943433362887840      -0.89464639071675911     
  0.16201204522018825       0.40978847797312778      -0.89767783782603916     
 -0.27805292370755602       0.19762478838656256      -0.94001649700037626     
 -0.56272912121366203        1.5798651833237948E-002 -0.82649037425631844     
 -0.97819280763686245      -0.10802588239617399      -0.17739571533732454     
 -0.55119733797529014      -0.20104523762574980      -0.80979152072429061     
 -0.93861602201386207       0.32684385777725644       0.11033157232689135     
 -0.80809372584344841       0.31611685446170101      -0.49704593809595465     
 -0.50311959943504603       0.57560604561355344      -0.64463039714043013     
 -0.38339818303813600       0.39933165052000302      -0.83279052956671895     
 -0.78264023577117858       0.25735732281657397      -0.56678167731916762     
 -0.69516944861125363       0.26310578082260666      -0.66896545935888729     
 -0.52241183514504386       0.38544371182110526      -0.76060437779305734     
 -0.18490728073450666        2.7423125499842847E-002 -0.98237328430651538     
 -0.46932623293777948        7.3398155700706041E-002 -0.87996908912538330     
 -0.32541564719398619       0.10614593815643161      -0.93959443185566771     
 -0.58631396335880293       0.39306296202787167      -0.70833427437357743     
 -0.38879861983006342       0.47897829530155156      -0.78702949490361207     
 -0.55312840564544141       0.10002744771074012      -0.82706920905845671     
 -0.60541559096278985      -0.29796518561361873      -0.73803029096467088     
 -0.96444317097378585      -0.26037290863791951        4.5335619654030379E-002
 -0.95470445492604794       -5.2298281099766517E-002  0.29292369917499311     
 -0.63882687503238267       0.39126502226973398       0.66242879321826520     
 -0.83445803777880045      -0.47152870372425676       0.28520249779843948     
 -0.67971316062450637      -0.71735265195194975       0.15295486919783441     
 -0.93934760238615889        6.7990959787293914E-002  0.33615965147318244     
 -0.65643219934409647       0.71435241677253392       0.24248173604518555     
 -0.55433054844791074       0.76794102510034468       0.32091155327479137     
 -0.49720905021359302       0.85035372529927356       0.17228378407529382     
 -0.82518719593226508       0.19724066889582756       0.52930351425523203     
 -0.59788973661392930      -0.71984762152820525       0.35262907513684788     
 -0.33191371959209015      -0.75599368817796542       0.56418687168488524     
  -8.7894328146670767E-002 -0.41954869476025247       0.90346747578680409     
 -0.33550675024039017      -0.66653950616199009       0.66570286710246207     
 -0.27545870854491045      -0.83508172962298111       0.47619429305340827     
  0.52109515616342983      -0.85149594831268938        5.8433622428170552E-002
  0.73603547434564676       -7.1731439237141731E-002 -0.67313177100010146     
  0.91921516291507155       0.26285714657426812      -0.29317163021314607     
  0.86092838498857871       0.49705791977516106       0.10833162192888476     
  0.75309717123347586       0.48212361473778320       0.44766222846280834     
  0.36942457056406780       0.81465785415351566       0.44705488178695252     
  0.16191430884709310       0.96275804335571280       0.21651952924488227     
  0.43726962301431682       0.89925185639968719        1.1890145106099495E-002
  0.31492307038798412       0.89639176213583405      -0.31193792413303845     
  0.30143150319083251       0.94622334202784253       0.11747525648319204     
  0.82365187844814824       0.46781173045611624       0.32054604657754460     
  0.81909855839286483       0.22120277772783881       0.52928903518230253     
  0.47128097898440968      -0.19721577587787614       0.85965119472514573     
  0.18366791837349744       0.41092457335748944       0.89297653427809009     
  0.28554917423091236       0.14263544700112724       0.94769024388501244     
  -2.4414727287402557E-002 -0.37933298653383640       0.92493805544955476     
  0.10591365060539393      -0.93959563004384139       0.32548786554640324     
 -0.27991963712245438      -0.92262027723164841       0.26536167921203180     
 -0.68085053915313443      -0.71165490375048379       0.17317575264097684     
 -0.14002526238061980      -0.98478118602265519      -0.10295116099903696     
  0.22392829918304441      -0.84381341455186420      -0.48768333808662323     
  0.88241164464082389      -0.46858657453308133        4.2146311459185223E-002
  0.91253291177926499      -0.39276479327276170       0.11410303276016237     
  0.73182058015803597      -0.28854531964311830       0.61739795672582887     
  0.73917287653536046      -0.22205839946251088       0.63585652927573788     
  0.87311956742160979      -0.31161321624172966       0.37491255573665344     
  0.96474470313745164      -0.23836551607863726       0.11157750002932415     
  0.99383800405067346        9.9765159617308613E-002   4.8300462017713333E-002
  0.84534811202914339       0.36843496166275369      -0.38683620372623118     
  0.97374803324324510      -0.17536387767026643      -0.14512848846236975     
  0.74313285907665083      -0.35800741647354939      -0.56531782521913221     
  0.85904955639680902      -0.14137554797192012      -0.49198253433437283     
  0.99095008637775583        7.8636316320204458E-002 -0.10878536695487991     
  0.92978276940603410       0.33433570570759003       0.15402479542160688     
  0.99616842743900924        8.5190216328649288E-002   1.9776026284130749E-002
  0.95822054912249832      -0.19428518109410864       0.20992057461492625     
  0.89689528077817460       0.22446998050502401       0.38104078937815455     
  0.72337565355748523        4.5614708646626569E-002  0.68894626945459325     
  0.61737976464661182       -8.0399838254598760E-002  0.78254590422130121     
  0.16525121055456604      -0.32451668759317920       0.93133289262423036     
 -0.79542062205921660      -0.32897467308954448       0.50900068611795879     
 -0.17393373637174744      -0.92791618966222189       0.32972503743956816     
 -0.43092124689982525      -0.89246057810199597      -0.13349530143101107     
 -0.79405473466779697      -0.58822361585294725      -0.15319939981781755     
 -0.94428217599943631       -7.8102079008327066E-002  0.31973619961516275     
 -0.99322452799933780        1.0594344126673618E-002  0.11572725198937228     
 -0.86825632220132487       0.48232429527106485      -0.11616468115859924     
 -0.93982882843567450       0.20502230826853451      -0.27329037003426054     
 -0.87354338288287858       -4.9818756792952397E-002  0.48419009664917251     
 -0.93490382385941950       -1.4062484436887113E-002  0.35462245651469210     
 -0.99750101466862440        7.0652081430053221E-002   9.5523279242375886E-005
 -0.94497890619911085       0.12032058582621194       0.30420030155339706     
 -0.60817033966471301       0.37924943784236187       0.69735120409184703     
  0.33730971955160005      -0.10815354787113443       0.93516039435965470     
  0.27295731732100914      -0.16248777742776188       0.94820463250686260     
  0.34532554056659953       0.22407845059044362       0.91133918988121854     
  0.68319462946721921       -3.2856618258694403E-002  0.72949677237378008     
  0.71271248164938183      -0.20720472941273876       0.67015454830223053     
  0.86527177300240654      -0.47312191634269052       0.16571183156758551     
  0.45530215689032794       0.66383705025611339      -0.59331300056403780     
  0.24290117886674140       0.30671508538396797      -0.92028521323720025     
  0.46210824740964618       0.11142852838888512      -0.87979523227683865     
