 -0.52188140816967932       0.84891865123628873        8.3527955739338952E-002
 -0.37567372425509638       0.82643090502378436       0.41938194062914225     
 -0.87835951513862454       0.46923926765113644       -9.1099241816939430E-002
   1.3942907140535088E-002  0.33188095871469131      -0.94321822744424111     
  0.23666225025200519       0.22736856035286424      -0.94461342202443344     
  0.82534342716443698       0.36307341181653868      -0.43241869162693819     
  0.92200757917377996        8.4555354551802547E-002  0.37782590695021528     
 -0.57759309093061273      -0.80258785444200276      -0.14912731879629970     
 -0.71619181938109777      -0.24036783658465413      -0.65520422845640691     
  -5.2853906572271063E-002  0.29607492702345012      -0.95370126462539606     
  0.16428808561179759       0.98388655618179488        7.0545513611720262E-002
 -0.47825118968095504       0.46472708437131310       0.74518758485396797     
 -0.58858491211387043      -0.51319065674660580       0.62466242968495533     
  0.45118529640645011      -0.12666712167232233       0.88339530709296898     
   4.0481607214624217E-002 -0.99259130062581380       0.11455893417477360     
   8.5635601873706071E-002 -0.92229303540704499       0.37688473109344400     
  0.21615145424591897      -0.95015222307199509       0.22469824614071285     
  0.17759818918538556      -0.81436305738142789      -0.55251397626705601     
  0.63974340498866278      -0.68021475589011127       0.35782154999783311     
  0.57973943747447587      -0.50970510248732648       0.63569087859995144     
  0.96973185650629956       0.18180481087760916      -0.16299428584649356     
  0.93095352758278382       0.16911939947138502      -0.32361112187875823     
 -0.18753754391818461       0.70733877354584318      -0.68154349021891436     
 -0.77357864484493755       0.32888605614011762      -0.54167337235318480     
 -0.78314239664930296       0.57633128971950531       0.23351708944017491     
