   7.9383116232847870E-002  0.99680505670492336        8.8317486747788720E-003
  0.24769965364749155       0.72234912124806172       0.64564435149318544     
 -0.52182549665096278       0.81893976042946326       0.23882173232908774     
 -0.66338900132498646       0.65745046707597432      -0.35731486991530054     
 -0.11328275874095525       0.18952379510267703      -0.97531930549020940     
   7.2135297887807093E-002  0.93288758592256571      -0.35287001973843057     
  -8.3986918653962517E-002  0.99619721468265976        2.3179882518092269E-002
  0.47198370916882249      -0.87797139449529205        7.9985053148697291E-002
 -0.21225814286603684      -0.76887226836803724      -0.60314336249485301     
 -0.82277423282562878      -0.56488961312223951        6.2787632418941183E-002
 -0.42609035530810063      -0.20585529985934972       0.88094869580085966     
  -9.2872342047801842E-002  0.76482207052789997       0.63751229675667409     
  0.91602308321140247        1.6560207425322826E-002  0.40078357071357446     
  0.61393584949256796      -0.78910066121695510        2.0072846704132119E-002
  0.12034319767967380      -0.97627093249208252       0.18003494422822025     
 -0.24144905806978839      -0.79519724194580865       0.55620472737920812     
 -0.15234979162097054      -0.51381913574546711       0.84426265861686811     
   8.8393284502116462E-002 -0.98990039713972644       0.11083244559931088     
   6.6334032415452618E-002 -0.95969383608353054       0.27310718981155291     
 -0.47555649464376920      -0.77821204459734872      -0.41016098552368530     
 -0.17220276798750664      -0.16756040472063893      -0.97070578316362166     
 -0.28272385806456701       0.27715364106465823      -0.91828812435188767     
  0.25068697263529444       0.65286857886480498      -0.71478574445912169     
  0.31996667455781502       0.87150556753363062       0.37161723981846784     
  0.71413153893104164       0.51915213356513534       0.46957130163450128     
