  0.49883034123183390       0.80662321478774379      -0.31706037285037691     
 -0.13122344430600691       0.89965903816693094       0.41640607909709032     
 -0.26328208674624853       0.96021644565622766        9.3096295789986849E-002
  -4.8132645142046293E-002  0.62399876896922424      -0.77994152652393689     
 -0.43657056019758000       0.34175633740541139      -0.83223118892047954     
  0.65311725605962156       0.51161748245414929      -0.55828791988043669     
  0.26226791089595480       0.92004985151654783      -0.29107355365728627     
 -0.98925857397536743       0.13593692314834288        5.3745946276455098E-002
 -0.46500759130017089       0.32128199208578456       0.82495201169192289     
 -0.37347964633459857      -0.12317691922492841       0.91942395027756640     
  0.57826011699980850      -0.74847133502204677       0.32466274460997291     
  0.61808208567961054      -0.69530853552400396      -0.36677046744442654     
  0.20135163849559082      -0.97507140564650407       -9.3237715360840606E-002
 -0.26592550780036839      -0.93951954894933043       0.21583938807170208     
   9.1782567695078476E-002 -0.76079462395510056       0.64246984398359541     
  0.51165105655045318      -0.56222709964373307       0.64970292038514699     
  0.20585945536655278      -0.93790040457358526       0.27922162476585766     
   1.4999182738752392E-002 -0.93263217027790557       0.36051665631407448     
 -0.81623197793639612      -0.55903980601370695       0.14573899096047385     
 -0.52786567165042153      -0.84757366789504551       -5.4559235551854726E-002
 -0.84202672170783777      -0.12547786719497661      -0.52463921391195834     
 -0.17169033786895721       0.98156271756543112        8.4006305525414993E-002
  0.24694467747820426       0.93157822327448891      -0.26679643960502059     
  0.53113430785758120       0.81769287776058053      -0.22197906359895231     
  0.86747908861341549       0.44797787265767514       0.21632349948055329     
