  0.36089725493472913       0.88814807623820202      -0.28451039709466169     
  0.36992382594916634       0.87469920820269043       0.31314159443406592     
 -0.26471328315218334       0.95754638248760349      -0.11415692317004461     
   4.5261756817307985E-002  0.65290643466792575      -0.75608502229510921     
 -0.44717816286284245       0.71640038637273085      -0.53553914615422715     
   9.8746824909753561E-002  0.43381169905898198      -0.89557605725577438     
 -0.79337409101992529       0.45773852199415982      -0.40128916903019207     
 -0.50032122676888069       0.81956081046326201       0.27928255942190333     
 -0.34198985281813421       0.10000649161116502       0.93436697405516489     
  0.52188203618807183      -0.61407618380832052       0.59207227665511164     
  0.73488053997196645      -0.57852791602882614       0.35391530391585690     
  0.64124160018844345      -0.74221794499106530       0.19473503105758133     
  0.36931729753647108      -0.89008160084698118      -0.26713194787229855     
  -5.9746164186916362E-002 -0.85224677686473316      -0.51971706455400013     
 -0.17610301400388337      -0.89907421747323868       0.40081576807009256     
  -8.0950371809143953E-002 -0.54669904053100482       0.83340698124411083     
  0.37147690289570162      -0.80345774403787662       0.46525322584649853     
 -0.29877684747495659      -0.81015137665268511       0.50436806235195430     
 -0.13858350417542381      -0.97668198777232129       0.16397227549663063     
  0.13837959814544354      -0.86837263698258638      -0.47621429016465566     
 -0.62191348702643312      -0.39297538395466175      -0.67734331196249231     
 -0.58501674018588024       0.54606243851664338      -0.59964258266368042     
 -0.11804716934929671       0.67499936708716402      -0.72831361393326666     
  0.38716940667710287       0.92135402624923324        3.4736275672985525E-002
  0.61593362694696752       0.73653137590908691      -0.27954838489498685     
