  0.47215231597917584       0.86793873269382060      -0.15412510115275244     
   3.9536701836226672E-002  0.90556387020952167       0.42236350005541196     
 -0.58383680370965485       0.73321493575245511      -0.34861216935668177     
 -0.46918389208038275       0.18741118112058106      -0.86298524008424149     
 -0.40610331079158846       0.43700478716445190      -0.80256271839616866     
 -0.69921543435249855       0.20935331187965875      -0.68357074774178372     
 -0.14481054918747011       0.66561469898783143       0.73211131485273206     
  0.53566892272179845       0.83539766945163973      -0.12316468286322407     
   7.8796905503590073E-002  0.77538423986972782       0.62655432984271275     
  0.40394872721703068       0.15218621151648598       0.90203369272104561     
  0.22946010786275056      -0.91195192203992492       0.34013490086625608     
  0.40377771344149621      -0.75653551771808958      -0.51440992268712171     
  0.81648154611633650      -0.53586693484535264      -0.21495235051270120     
  0.36421253279125998      -0.91608359877305956       0.16775002538530714     
   5.9922319809310454E-003 -0.86329307378873810       0.50466737749161372     
 -0.33297405964873017      -0.62784800617413872       0.70351628036896097     
 -0.23428455922543007      -0.44949441257096079       0.86201248156625998     
 -0.43361154776642247      -0.76432992373550745       0.47726386132417209     
 -0.36366870757676428      -0.67372975926816425       0.64329875066401465     
 -0.60493083531110681      -0.73274512238323708      -0.31167815148545486     
 -0.98349447426459635       0.11477025688277778      -0.13987997435684699     
   4.4147209364712031E-002  0.39413737595386089      -0.91799060604209404     
  0.53049264176141975       0.42395794561605915      -0.73405532310990496     
  0.84797398293899084        3.3188362902285440E-002 -0.52899778527556252     
  0.70323194875532735        3.0806512382603620E-002 -0.71029274601714398     
