  0.10040298062469949       0.99320858727212835       -5.8787274563278605E-002
  0.35709705732768066       0.79584537707204783      -0.48899062101532248     
  -1.7802908596585596E-002  0.44975874076415867      -0.89297263762765766     
 -0.56258323096307949       0.27406421765210875      -0.77999289281495687     
 -0.60180279203395803       0.28820905220722992      -0.74482812898408191     
 -0.64241710324298396       0.60371883187052999      -0.47204219886125515     
  0.30701906863769091       0.90882200103640254      -0.28245683196741211     
  0.72342849705709178       0.68331011850694567       -9.8683795993575157E-002
  0.59595106323031821       0.56376718762320477       0.57184690992784259     
  0.48029519247640151       0.29363455460265786       0.82649578125197998     
  0.57839864899767279      -0.77407712990659294       0.25740940113608141     
 -0.13978178276176442      -0.98926653802701769       -4.2576636174922522E-002
 -0.18021702160885761      -0.98028737757205553        8.0984458356808398E-002
   4.3866600414681434E-002 -0.98987810054955305       0.13497061687814133     
 -0.53000396523042581      -0.75090758228037391       0.39399695393981782     
 -0.54598294924891011      -0.30355401521201519       0.78086975801224634     
 -0.64312054419071352      -0.21683522337226163       0.73442389091377835     
 -0.24590017286301780      -0.42956300883544374       0.86891238132861337     
  0.50836848942813351      -0.76941264065371984       0.38673720710425780     
  0.12864315964094089      -0.89858170505450530      -0.41952575227147160     
 -0.64711170872196067      -0.74525426483743462      -0.16075607974993605     
 -0.45206921334546590       0.15346414422549826      -0.87868207150388689     
  0.33895949628014155       0.72822292155081203      -0.59564908831416674     
  0.84722792723540996       0.50111078579146895      -0.17633156176886705     
  0.64009470545364966       0.74635475618789160       0.18230015349936013     
