  0.62421687853632479       0.77925946278062586        5.5749244095475270E-002
  0.37054663832470980       0.92844013742473819       -2.6345778503968530E-002
 -0.23070302053140984       0.93014817606412581      -0.28565798935479036     
 -0.45957590317470892       0.15813216600586788      -0.87394748543342671     
   7.1123605944312218E-002  0.18970742364565890      -0.97926121443218028     
 -0.16905714964880977       0.46500268472061279      -0.86901794190640136     
  0.24704396856886868       0.96900425267614310        1.8944478812908672E-004
  0.89582868845841490       0.38571379419922719       0.22071662805341996     
  0.78104322034717488       0.60930730150741308       0.13680679909789289     
   2.1607792455722558E-002   5.5487445965891238E-002  0.99822554898446458     
 -0.37917280384562041      -0.81598083339051630       0.43635222511540439     
 -0.16799688641632277      -0.98077385094068337       -9.9296019383403988E-002
 -0.65425818278276227      -0.72087248918127345       0.22866806642687107     
 -0.28812331520489243      -0.87067503246324285       0.39863510016112647     
 -0.21623890437320237      -0.95805410146102177       0.18807731098986605     
  0.15247107355887496      -0.60226229105649187       0.78360238928883652     
  -8.3044286533702882E-002  0.17953432607413197       0.98024031351256580     
  -8.3244345467076611E-002 -0.20123221439101913       0.97599998711015923     
   7.2226138299288423E-002 -0.67874823799120709       0.73081065562167080     
 -0.91999000309195289       -1.7251215111386706E-002  0.39156198715919888     
 -0.75094691312452522       0.28160221866888679      -0.59730973883699634     
 -0.14546496167058603       0.15937426256143861      -0.97644241476862981     
  0.67214091119959363      -0.10568721374068946      -0.73284159839865815     
  0.45122254527021116      -0.54865175142854616      -0.70383199010436159     
  0.87304804354604382       0.10900706091115804      -0.47529419766278685     
