  0.84404053415863700       0.27189912677574291      -0.46224067492572218     
 -0.10587591663619020       0.99219558198135960        6.5865145358580873E-002
  0.17070145230815165       0.97556924832917347      -0.13829553822990021     
 -0.64512281856291154       0.60227724067948818      -0.47019004065262049     
  -7.5504306304706129E-002  0.82447461166971880      -0.56083929466603588     
  0.19136672753844131      -0.12752791472745903      -0.97319854426344665     
  0.60291408178858252       0.57410171773797936      -0.55398720894201825     
  0.55413759008672614       0.83239840707213930       -6.6650698870473063E-003
  0.67505935163340636       0.73498291700812035        6.3992057932692192E-002
 -0.60887851568224427       0.32728806321878934       0.72259911210507710     
 -0.25851492349932165      -0.38241281865253751       0.88709101588188688     
  -6.5988059307773267E-002 -0.99443863942204824        8.2081474482413402E-002
   5.1061085325207568E-002 -0.99815227434479259        3.2936344450170164E-002
  -3.2766606862742291E-003 -0.96670131597540043       0.25588635990644770     
 -0.48903460738812271      -0.72424056900421230       0.48612832769258030     
 -0.39860381663761996      -0.69252546094765166       0.60126822908012612     
 -0.30593032502922413      -0.67753823360173349       0.66884122049658001     
  0.33289091895719181      -0.83118655827724364       0.44532296304486052     
  0.14132247357092398      -0.20469866072659149       0.96856926275847999     
 -0.94237929935700815      -0.23093291608957120       0.24205628355770606     
 -0.82915856199648497       0.55471862068124689       -6.9161629083118917E-002
 -0.37234272485885112       0.27008452189890020      -0.88792750057386260     
  0.52171868322644688       0.28613125437515230      -0.80370300537086248     
  0.76313735261752469       0.46131870249677370      -0.45255545048823775     
  0.98991432310004046       -7.9641025947667976E-002  0.11716202416894664     
