  0.68802265426788989       0.68816005364276178      -0.23034879592599855     
 -0.22514772907816175       0.53252579292934399      -0.81591959159950811     
 -0.36848149544121434       0.54967336174420645      -0.74972033646299607     
  0.10765204679987281        4.6117421407549125E-002 -0.99311843214315665     
  0.68233930126159847       0.14990915110204359      -0.71550005197042643     
  0.26227608441238681       0.47621669727176508      -0.83930263480158174     
  0.60694198014090561       0.76621820463270784       0.21102392194274866     
  0.58559146974041665       0.79200484613392219       0.17265849028529601     
   6.4724788296276717E-002  0.91251781207326788       0.40388357781538703     
 -0.69542023370623596        6.7123837521885624E-002  0.71546145178357623     
 -0.54034356163668018      -0.66911233557202077       0.51021320816217652     
 -0.59548630957756954      -0.78378271193874016       0.17629723642651723     
  0.26260989518268163      -0.96477535962142102       -1.5638043979696870E-002
 -0.10134447012014570      -0.88541847172426169       0.45361153899072587     
 -0.68375163047318677      -0.31383692484416514       0.65877924407923227     
 -0.73807844049152638      -0.62315071187599702       0.25869558552479843     
 -0.26792339771973234      -0.83744523357003953       0.47634287412024900     
 -0.29823919670334365      -0.62515305753878714       0.72127459140027639     
  0.14400205726851698      -0.57092677872478936       0.80827348146363032     
 -0.47855509677005859       0.36750590708552316       0.79744869904756355     
 -0.84821125051814561       0.46327191662826517      -0.25674268394256233     
 -0.17369211252938474       0.40600533380627496      -0.89721275011334434     
  0.27211704404384029      -0.28290623644695595      -0.91973712316088163     
  0.88322848746032390       -9.8524554130021771E-003 -0.46883938407613607     
  0.95539955904568230       0.29402020149852048        2.7636998499451781E-002
