  0.97750326386323005       0.20792507934770088        3.5419352266545120E-002
  0.64233345634920502       0.76463025257815376        5.2424304446883715E-002
   4.6498011879251011E-002  0.87701530865590438      -0.47820715518948870     
 -0.14133633457798850       0.28699086178298711      -0.94744935789786677     
 -0.34729289293461302      -0.31160068214410264      -0.88447309818016551     
  0.51598547481850388        8.0349883516694004E-002 -0.85282054735751556     
  0.55173150749435906       0.69719122618341511      -0.45772998347377480     
 -0.41480044086422668       0.85031394261885618       0.32389318184669269     
 -0.22279174470850466       0.69340669671930255       0.68523790863794520     
 -0.29038086321284629       0.44064256311218702       0.84941926388188660     
 -0.17072893455393015      -0.68936597637766817       0.70400723115528963     
 -0.37227643085195522      -0.72038662412607690       0.58519515617642481     
  0.53024177450680088      -0.80392963085039493       0.26933401049374195     
 -0.28218962963037270      -0.95693448507512446        6.8157202136501449E-002
 -0.58499577315565054      -0.63940510472845435       0.49893993369664025     
 -0.63553366553476709      -0.58167046542549561       0.50769718299751698     
 -0.90937739200957035      -0.38862924569859836       0.14832419994598223     
  -3.0712835718174226E-002 -0.99472873388228600        9.7833878135738447E-002
  -5.2238814179091583E-002 -0.89146657755807412       0.45006493685914217     
 -0.43164785376711984      -0.85753891094750478       0.27983414114295446     
 -0.83890632753498262       0.52950040385937769      -0.12595831030358270     
 -0.12445975976796211       0.90575796399004516      -0.40510773735775729     
  0.40849271969295997       0.74206435660497794      -0.53148300877288934     
  0.86582259298585473       0.37119161991838207      -0.33551157771025691     
  0.98391841186296247       0.14642222531497537      -0.10229902605033060     
