  0.41016342182489440       0.65685656486452537       0.63269694213839078     
  0.41193419919740182       0.66870000604085233       0.61899153261781925     
  0.11164122741100199       0.86502440829326865       0.48915131544241042     
   5.5216386704327602E-002  0.67915349220696408       0.73191644650355880     
   7.5581199035143626E-002  0.20390692514829706       0.97606836247722450     
  0.53786146211811481       0.30603800483046567       0.78552262040475684     
  0.75295781204979895       0.52065165253899826       0.40246290510006916     
  0.43367850454557266       0.81380127847286776       0.38684678343115769     
  0.79291266242313785       0.60926064232829291       -9.5383163479413717E-003
  0.66186234322259663       0.50745075588180799      -0.55175354006917665     
  0.50491301157202950       0.71410864630022952      -0.48488317358360716     
  0.57619243371814477       0.27765991410667984      -0.76870491830365428     
  0.28866779331291509       0.76035081277345895      -0.58183979463301905     
  0.56524584736843408       0.49139023901581258      -0.66259547616378611     
  0.83867527664133579      -0.19972804661369109      -0.50668776159134798     
  0.18228486387349166      -0.95863130698655241      -0.21862809898976554     
   9.6466706415883091E-002 -0.86557914615103082       0.49139283297756481     
 -0.26909124082671765       -7.7863501004014693E-002  0.95996207181415316     
 -0.36677495259722032      -0.81366603573581309       0.45102518381711548     
 -0.85519371874050154      -0.10017230091372505       0.50853634438104001     
 -0.99811024761802913        4.1883764437348814E-002   4.4963139085600262E-002
 -0.77307412987003776       0.63415409877975415       -1.4316728904112036E-002
 -0.79344642694099365       -7.5072121008900025E-002  0.60399250344833577     
  -3.9383014269780213E-002 -0.52003611786317450       0.85323584916764061     
  0.20123981640640487       -3.1562025050816608E-002  0.97903338802484552     
  0.13908776505240064       0.23350801893926237       0.96235575475173973     
   9.4074606860570009E-002   1.0036732854146520E-003  0.99556464430189895     
  0.28731235381587167       0.13279227621414541       0.94858727733543302     
  -9.4527105016889740E-002  -6.5603424423585993E-002  0.99335835282189244     
  -3.1483699153822459E-002 -0.51517196113755359       0.85650839292167791     
  0.31120476390330520      -0.77772549909591682       0.54616356797198939     
  0.10380966141094428       -7.2970273358527321E-002  0.99191677745853313     
 -0.63958377915236131        4.6712812439734908E-002  0.76730079017237562     
 -0.60769978368818289       0.12664346091894688       0.78400408590249637     
 -0.48624009495826348       0.51996117844491874       0.70228978560502986     
 -0.29490327388353854       0.15135299432408661       0.94346400575852152     
 -0.91084107894928468       0.31705643205914480       0.26427967721419010     
 -0.87000916017375773       0.49303421617837945        1.1501700442318359E-003
 -0.94994049522385293      -0.20988496761032671       0.23143326447396897     
 -0.87186482490855310       -2.0322440269460371E-002 -0.48932476486345561     
 -0.62167663088575675      -0.53602963496038514      -0.57113080555576246     
 -0.53021512682165794      -0.68338819271104345      -0.50184907826221137     
 -0.89851020724254327      -0.40717037113345567      -0.16398687859707514     
 -0.58075637604790353      -0.75701148244024574      -0.29942552852642423     
   6.8627738595715831E-002 -0.88660230982794397      -0.45741291816366025     
 -0.27196987553257662      -0.95241910287934106      -0.13758720606694713     
  0.23262333829277887      -0.95589565463249515       0.17930387596546632     
  0.42644868711488265      -0.85149861183381359       0.30510921209146968     
  0.19257106002125701      -0.40765913042158275       0.89259756902324672     
   4.1382108484515311E-003 -0.79769257033018592       0.60305011271949127     
  -4.1916401169273247E-002 -0.53790164947734853       0.84196486316387298     
  0.75893959489403984       -2.8099130056752443E-002  0.65055447903470653     
  0.80638275479824273       -1.6851218845330897E-002  0.59115386253277291     
  0.99651564350771404       -8.2413048769123073E-002  -1.2832055056906252E-002
  0.85709159329231033       0.18731800889517339       0.47990203609819559     
  0.50007402475118956       0.14183996137489352       0.85428765361926295     
 -0.20067242705108390      -0.70284579122923596       0.68245026981662149     
 -0.52435503414835183      -0.81218494263768548       0.25574873824887778     
 -0.81811370370981795      -0.52091305521701714      -0.24359711966004657     
 -0.81851582486833663      -0.22726782674321971      -0.52761840317365072     
 -0.80826906426034251      -0.58834255180433648       -2.3540634997058767E-002
 -0.84343116138246232      -0.43936638501825964      -0.30916186007496232     
 -0.60288641266243204      -0.43980147869843678      -0.66565954718736975     
 -0.65846005958242959      -0.17926650381579087      -0.73095408237752801     
 -0.74476534113682058       -2.1084545244008795E-003 -0.66732311593476312     
 -0.64500657350595514      -0.21008214804841541      -0.73473261204705242     
 -0.80836317788538037       0.29141881007788811      -0.51149198407389307     
 -0.48267156171999559       0.49111709654299462      -0.72514285557396740     
 -0.17022713561571035       0.22812502456052458      -0.95863532976274646     
  0.17584014622292102       0.38623820636968814      -0.90548345700881416     
  0.23615867417166680       0.97003579167163634        5.7093287604382405E-002
  -9.9428903198302138E-002  0.97483738139618448      -0.19951434294662104     
  0.52034668953942853       0.67731154373726188      -0.52008498863707109     
  0.55603043970628596       0.39092854094791807      -0.73348825893286829     
  0.61361596630508752       -3.4270406962528546E-002 -0.78886056125408499     
  0.38747771401838155      -0.12475055310403393      -0.91339932156715531     
   3.8568604324775074E-002 -0.19162588180625129      -0.98070993886185354     
  0.63267935492572824      -0.39298839498618204      -0.66729075765887780     
  0.14615283564610371      -0.45467743973840447      -0.87858282160849621     
  0.62694794076401428      -0.43527115911273573      -0.64612328360494253     
  0.24162774736813630      -0.76036344150584823      -0.60287931505666703     
 -0.42750548467804272      -0.71087904888750186      -0.55847116167533783     
 -0.34423001541493448      -0.63618720757328950      -0.69048644693979400     
 -0.18397116793872631      -0.89527804527834687      -0.40574848244922324     
 -0.40686560213898310      -0.14389441146039894      -0.90208357714047593     
  0.31871739800241394       0.39416875336479756      -0.86200360444804391     
  0.72916018531024018       0.35169883317698025      -0.58705481422120298     
  0.72869083772098819       0.45261818857916858      -0.51395178605468284     
  0.88299777972157079       0.25826280543300256      -0.39193780672021672     
  0.84348894039562683      -0.40999069063339760      -0.34703608029169114     
  0.97254227534414472      -0.22786576423346208        4.7315073272050548E-002
  0.51155177739761570       0.36452976303994317      -0.77809564379926033     
  0.17793945620030610       0.53718173986518836      -0.82448367375136455     
  0.38118562145240636       0.71828088311833471      -0.58203959912078318     
 -0.21409145472501079       0.69374666918077021      -0.68766300468638986     
   1.7621836178700959E-002  0.90533874264492231      -0.42432444185529067     
 -0.36350421269729155       0.93083940161322953       -3.7452580093358431E-002
 -0.31538105920630710       0.92073615837895728       0.22973836020018934     
 -0.23499074104231166       0.82510825949629885       0.51378566711750262     
  0.52816561229197945       0.62727750123169890       0.57233209104570970     
