  0.23816121447720739       0.79696527310271159       0.55509061367227053     
  0.11215675110966808       0.98961681875350771        8.9885567365928593E-002
   2.6306090655735071E-002  0.78704178925024804      -0.61633855271931315     
  -7.0890853545905699E-002  0.80588746350204676      -0.58780939347184225     
  0.21783197353895184       0.16637356638592424      -0.96170113221943165     
  0.83770214815698263      -0.13318033258491643      -0.52963960386827313     
  0.20450306882044139       0.57300378363607307      -0.79362784652619089     
 -0.37975629871355554       0.91632073901370803       0.12704903321436928     
 -0.84627386933659832       0.33585366535065658       0.41354909448399335     
  0.15101161780230471       -1.1488524181770855E-003  0.98853132040760949     
  -6.1892772606364638E-002 -0.77751064613455723       0.62581665034298239     
   8.1979530784050458E-002 -0.98793016645406817       0.13142808962488567     
  0.35057297008086402      -0.87632618453092448       0.33038010072364399     
 -0.22942607728509171      -0.97209528728039019       -4.8932887803823391E-002
 -0.57302677899062926      -0.65806793969660304      -0.48845357742889245     
 -0.86301993437438540      -0.44863612662805696      -0.23221158187434596     
 -0.73772520169617439      -0.33155369223724851       0.58807625011233700     
  -8.7973738512680380E-002 -0.94020364098847597       0.32905582323383797     
 -0.75850793268002825      -0.30400126518607651       0.57641039791688642     
 -0.89034490193657789      -0.17883146578969267      -0.41869471269537656     
 -0.22936351852678172       0.38617971230753589      -0.89345263230408611     
  0.81117477583303732       0.13474259485811996      -0.56906934215711746     
  0.94350798223877030       0.28584765527844208      -0.16758223480887205     
  0.94169044746741215      -0.22161800124430814       0.25318878860074784     
  0.82965973742424559       0.50911287256571569       0.22906069738169282     
