  0.73438059270205558       0.65762227477377766       0.16798240617378787     
  0.36319792489243430       0.70600766719692865      -0.60798062568881350     
 -0.49077692634146414       0.82885056773746424      -0.26859773813654692     
  0.56156180497868313       0.82058254196873470       0.10626679163870315     
  0.35418368358042479       0.92028374189660778       0.16622801414372801     
  0.66681523051508140       0.67224713102473044       0.32162282752027266     
  0.79508226634154433       -6.0946857158493656E-002 -0.60343157884861420     
  0.25815739448746866      -0.59860808868316928      -0.75830278638185056     
 -0.75671519428071665        9.8221590515030072E-002 -0.64632393882737871     
 -0.88903229419973551       0.27611212031370802       0.36521730091246252     
 -0.75321241590487320      -0.20387602352283701       0.62538438064861479     
  0.45558095244002950      -0.87951978024109723       0.13744435942763558     
  -5.9412523334404978E-002 -0.95969393985163465      -0.27469563863136887     
  -2.6295076414459884E-002 -0.93695290004609977      -0.34846496531437460     
 -0.15377737653498430      -0.71729652303172020       0.67958679836545222     
 -0.53002612709354791      -0.84443341087373991       -7.7488832733028423E-002
 -0.82877451585781037      -0.55946669600528320        1.1393766961922881E-002
 -0.94316210209236440      -0.11782969142852433       0.31074332333060251     
 -0.94578141628768109      -0.32338662692427672        3.0308449834544733E-002
 -0.49677472001696399       0.10471746596788167      -0.86153881507064822     
  0.65768496970125778       0.38413499500014192      -0.64798980412141316     
  0.75800892122609198      -0.49010289489722414      -0.43037382326882223     
  0.76760607038660766      -0.18751749007076676       0.61287691392577714     
  0.82804052219242885       -5.2634777510478001E-002  0.55819214774459447     
  0.68102400913920125       0.60099993337743807       0.41833644241956064     
