  0.11062793519726941       0.95467228285775285       0.27633727996262841     
  0.16387137487039244       0.75980719301002408      -0.62915753349084969     
 -0.10033299275842410       0.80973005701772638      -0.57816133157291250     
  0.61859034594536133       0.76289934855379737      -0.18796427288012951     
  0.60057714158606601       0.75489390522205269       0.26351904838720241     
  0.54488269405285183       0.50611286740157080       0.66854514819289956     
  0.23086202827588684       0.29246803296961432       0.92798985640537246     
 -0.15200618158529988       0.91950687573561107      -0.36249307060238295     
 -0.49008646346612933       0.34589363775305942      -0.80010802376251755     
 -0.82754317912009556      -0.55549837119458301       -8.1202501759085194E-002
 -0.47969675762683572      -0.85544795270609097       0.19519175426552379     
  -8.8584856403812109E-003 -0.98394099519338374       0.17827407329727693     
  0.10225626950639562      -0.83044755239404722      -0.54763173581284208     
 -0.24272811552679660      -0.92253043602844420      -0.30003442558141136     
   2.8756801960825841E-002 -0.82817072825491422       0.55973769857201461     
 -0.18734618074686704      -0.66800920904609218       0.72018407729492884     
 -0.89253035790598689      -0.30862145794556384       0.32885005080091834     
 -0.72295548993336312        1.3128885254753780E-002  0.69076985454430306     
 -0.61216243470943599       0.78665187152340776        8.0224600711362767E-002
 -0.77664463471178224       0.57511046134228405      -0.25704293148824442     
  0.36395442121687077      -0.31025783002175172      -0.87822392257720727     
  0.51403727259095366      -0.63896704155738704      -0.57226462601724726     
  0.70667341917798432      -0.58506085896010718       0.39789002241844024     
  0.90366459328989868      -0.20269662048749243       0.37723253157324532     
  0.55322517342206046       0.82967556680546162        7.4701816163541518E-002
