  0.57837544285435394       0.78926735174833706       0.20624959288976483     
  0.22646438153797996       0.92381241751760634      -0.30868187691355792     
  0.28631703753615373       0.82434147937565883      -0.48834790815282147     
  0.36716619198831363       0.92784883079965830        6.5463995023835875E-002
  0.57272084158988001       0.71730781746637240      -0.39681271729897716     
  0.63638244040344083       0.59519406938141273      -0.49067444331180649     
  0.75248172261217527      -0.63705771709673920       0.16711888649143536     
  0.81550342930912989       0.21490730228697560       0.53737231805214436     
  0.10675991828833667       0.41603270469050435       0.90306096608972797     
 -0.69435618644586372       0.51016994234993740       0.50753927559055678     
 -0.73012128015496036      -0.62639758368769938       0.27303659720830614     
 -0.40247234381208385      -0.69417683387087303      -0.59677008620021810     
  -9.0522779231025655E-002 -0.62248776553967988      -0.77737674791167244     
  0.25196158756952991      -0.85886972378412063      -0.44593514770246939     
 -0.33851674898601103      -0.92101759861460741      -0.19269923118192794     
 -0.79775395657339598      -0.49751806768966950       0.34068225239040234     
 -0.90576107477969825      -0.31422865227490715       0.28435405659744062     
 -0.22906427536790502       0.15995113168718639       0.96017977130438403     
 -0.70155438559526107      -0.43893381826137506       0.56138983535374387     
 -0.80340212713348969      -0.54446934548780634       0.24103558646279064     
  -6.5153052313648291E-002 -0.99547043637424881       -6.9236479395539063E-002
  0.67720297216778058      -0.31223926927800555      -0.66626028938236137     
  0.49626229515764192       0.47589844116681573      -0.72611597427673735     
  0.88387854174449820       0.43902949622668885      -0.16128181821448098     
  0.43604425895069643       0.87339502499711463       0.21690213126292146     
