  0.85761565171422682       0.51335195311014548        3.1067123664445292E-002
  0.55140029063104024       0.76524286569965971      -0.33220637559769789     
  0.16431323272912129       0.65068789195395671      -0.74135445558423319     
  0.31844102113945727       0.86700562280747651      -0.38327087819955413     
  -4.3008896879106542E-003  0.99859569623827515       -5.2802820021999555E-002
  0.81020799496746720       0.58610076981635317       -6.9923180326063317E-003
  0.85367754110854266      -0.49244274399869037       0.16951342038299694     
  0.77217104609244724      -0.19621611614651208       0.60436008417235898     
   8.1941526630128630E-002  0.20457383178713306       0.97541536463262335     
 -0.70192240077458401       0.71184256994326156        2.4188817817055536E-002
 -0.75339784917517338        2.1971016678297831E-002 -0.65719780529483096     
 -0.72191194371984879      -0.65979583167423306      -0.20859675457672022     
   8.5237408703325024E-003 -0.85764770550094005      -0.51416705368058235     
 -0.63115511510564071      -0.59522234725380530      -0.49734653714050447     
 -0.47679108189420027      -0.75385930234325493       0.45206903952458938     
 -0.38250868003811234       -9.8988557395687612E-002  0.91863397237430078     
  -8.8990393241480920E-002 -0.27594282859431646       0.95704559204778195     
 -0.11498205949785321      -0.67772150547406151       0.72627314903662488     
 -0.75419277305121890      -0.36845863260423983       0.54353610472229130     
 -0.94750442082187658      -0.28621724277279859       0.14253091756715103     
 -0.64134852026352929      -0.28838385901256752      -0.71099003186880938     
  0.51946418939538264      -0.54996265876604544      -0.65398626124620152     
  0.10718622786010032       0.30755112295498477      -0.94547523464459204     
  0.86882688633994698       0.37317805435923512       0.32538896926217276     
  0.68734129479625394       0.49356645635089547       0.53287343491020556     
