  0.59591210565885544       0.78111694904402951      -0.18640030645194416     
  0.70674893161480523       0.55284019025855202      -0.44144498150528655     
  0.30213237417849526       0.69918196181028103      -0.64796652132063859     
  0.57023332617380817       0.51295238071197424      -0.64164928804032728     
  0.32473570734980184       0.85196069794421558      -0.41074285085735140     
  0.66141232808018757       0.63152803240859012      -0.40460607576466195     
  0.27065877546531081       0.90787786804683801      -0.32015871684897118     
  -1.1283092927338159E-002  0.97783962407396452       0.20905109759296625     
 -0.93743388422526552       0.27483196863799747       0.21374073481868913     
 -0.91957828298651278      -0.35606265003230680      -0.16611794217218179     
   3.2088006081008563E-002 -0.90633183466996614       0.42134660949094493     
  0.45349301234517092      -0.86971454407580762       0.19478372513409867     
  0.41388739413099962      -0.87443502168554443       0.25310199096268471     
  -9.9780430719233565E-002 -0.81364705567576145      -0.57273234100725001     
 -0.56823707674478052      -0.78154468288240064       0.25747724806432160     
 -0.68295673786915279      -0.26112322076355410       0.68219114460476360     
  0.21459736589012185      -0.25570363466481555       0.94263652686081179     
 -0.56406101694387578        8.4402126955198470E-002  0.82140821162784305     
 -0.93152129639324011       -9.5652014221974030E-002  0.35088283876686288     
 -0.52556291437089175      -0.84598208991842572        8.9988480236210103E-002
  -6.6958428517073509E-002 -0.96784568975083585       0.24246915201993560     
  0.39456595889210322      -0.61436656678679968      -0.68327990289350904     
  0.58343650587311113      -0.11228549837546738      -0.80435925460526914     
  0.41226025601502042       0.91065296791137396       -2.7434528329190314E-002
  0.53663726275730483       0.80168251019407577      -0.26329755234192198     
