  0.62504126477117061       0.74394212337988219      -0.23637583293199199     
  0.92386704781507190       0.29920774464290839      -0.23863026527906445     
 -0.16065550435856452       0.90265893960160359      -0.39924509724802415     
  0.55279861731057323       0.61092710502879821      -0.56672900141128801     
  0.18616785017665927       0.91876002489250974      -0.34816885015767007     
  0.20327193088938766       0.77420594579514235       0.59940443409099575     
  0.52346714160486163       0.81762848858825043       0.23972026678810479     
  0.57077339503475122       0.67469919062018213      -0.46797300530790853     
  -2.1731043215329475E-002  0.55562890306099766      -0.83114636728072333     
 -0.85550640664072841      -0.29101827750596693      -0.42827228529768480     
 -0.34809357181312128      -0.70454104451751198       0.61842766905479829     
 -0.13443130082343296      -0.83479693308004665       0.53389353421732855     
  0.13479279693135571      -0.94053643900069162       0.31180460036269991     
 -0.65869863996817923      -0.73018965601222996      -0.18149150932428648     
 -0.43851133872998838      -0.86954142555962077       0.22716847281469194     
 -0.49043052712949353      -0.36058515698179200       0.79338278442619914     
 -0.47113530996455072       0.69368988597282910       0.54481727377498024     
 -0.69643097381811203       0.32378285460799533       0.64042842048790094     
 -0.89469324161095609       -3.4449257577812697E-002  0.44535070682325079     
 -0.75252157949228116      -0.54354655299905918       0.37184461421577086     
   1.1202594077857829E-002 -0.99985098207859824       -1.3134516450927395E-002
  0.51264187254947047      -0.78942600342938074      -0.33764611003014983     
  0.28786052524481998      -0.79967687579118263      -0.52692809028426335     
  0.87852866954077458       0.21021322292468125      -0.42894962140388859     
  0.58038806533844700       0.72437152558186824      -0.37206933028518679     
