   5.3159534049438739E-002  0.56581731188199569      -0.82281518794580499     
  0.24647367812608834       0.90500525839515367      -0.34672209082795641     
  0.64332118604725153       0.73108148442992749      -0.22728333574301202     
   4.7380290258075330E-002  0.49732091338718792      -0.86627190719933878     
  0.63388529137325600       0.16811383008468622      -0.75493521411767306     
  0.44411978197550955       0.49826299660306295      -0.74464193104750809     
  0.33576030751928820       0.86627768188406051      -0.36990268147738714     
  0.24384566955143225       0.88351601869453278      -0.39992341035642737     
 -0.55794743784910361       0.79693113591723796       0.23150684914969127     
 -0.61795808210614278      -0.51568505168533429       0.59346165522969341     
  0.19368844857473200      -0.65902819455294503       0.72675073008081403     
  0.38629701398489369      -0.86350011525582049       0.32425633060827364     
  0.27752390176941133      -0.94039587472396802       0.19656063377199612     
 -0.49405588231414577      -0.84280778883011787      -0.21350366797335535     
 -0.70639585904379110      -0.55250752271517689       0.44242550521970114     
 -0.99957583574879139        1.7853131510370171E-002  -2.3009004375356940E-002
 -0.57298270364179071      -0.13870692552774322       0.80774452033918365     
 -0.66281260272249154       0.23713648840404614       0.71024343681558244     
 -0.29912644982049819      -0.35926297115222705       0.88399857724806907     
 -0.37895369534704337      -0.13613444735364355       0.91534775305701621     
  0.14687882794270704      -0.94228015544120003       0.30088987780231863     
  0.36812150185172943      -0.88326343044527988      -0.29040019337539791     
  0.85120351457885202      -0.29705929979149115      -0.43267580146802248     
  0.23685539513278736      -0.16356811302923785      -0.95767687358344145     
  0.52195112481482564       0.31876951243509000      -0.79117192900558142     
