  0.23048859690141982       0.23350969366585733       0.94464185258889366     
 -0.47189084903042600       0.52496049351163743       0.70833290679838590     
 -0.15443996964729775       0.59161474896656097       0.79129026569310412     
  -4.5905283458973004E-002  0.88332471487742403       0.46650847048832067     
   5.9687587691599438E-002  0.83251068133955031       0.55078431107936032     
  0.38334705556583260       0.59112627593804201       0.70965820004047531     
  0.24611879157605693       0.61573380274732825       0.74853017613688211     
 -0.31610728897559659       -5.7854435970653220E-002  0.94695778474810488     
 -0.67091750396177274      -0.61801546239017280       0.40978847119506523     
 -0.57068017356398948      -0.58778104879333992      -0.57344361377591080     
   4.2803090874838100E-002 -0.57678020902345384      -0.81577722810238684     
  0.26214910965538873      -0.62452360985143829      -0.73569566061314584     
  0.82470009025619162      -0.28588800525959951      -0.48799365731545935     
  0.48353228317778868        8.8080748668271147E-002 -0.87088363909245081     
  0.88768873298335904        1.1697930852110367E-002 -0.46029541790918926     
  0.56189919405771716      -0.43625824677235769      -0.70281436940374931     
  0.32532828217084969      -0.14906586413409165      -0.93377774495310306     
  0.22530852637597956       0.52459501751966320      -0.82099703747079333     
  0.32785831181960196       0.65431250632634619      -0.68145731446344293     
 -0.49577077015422893       0.67555115594993553      -0.54574900747081001     
 -0.11638288217972421       0.52426400064699408      -0.84356522116616339     
 -0.93569537498501554       -4.5220614356939234E-002  0.34989893007666634     
 -0.80352834016084618       0.35995515284967095      -0.47410388576269558     
 -0.92176017437086311      -0.11658939321352894      -0.36981765011132656     
 -0.81201997351669186      -0.25329374303302049      -0.52580019242124820     
 -0.78122361065562784      -0.56999313630077830      -0.25455352035307022     
 -0.97560534006504407       0.21419313018880654        4.8119885873177254E-002
 -0.97481416129158349       -5.2657233540230941E-002 -0.21671309766886826     
 -0.56846875184840506       0.71304576805971642      -0.41037666944410095     
 -0.33078568943889641       0.65245666822439818      -0.68182191498361056     
 -0.35188694644975654       0.51289034713345327      -0.78301920074514597     
 -0.88959941633595774        5.0571014974054862E-002 -0.45393331107025331     
 -0.63839014100375668      -0.55040712881235887      -0.53806135377086306     
 -0.45099776155048549      -0.80925842557203420      -0.37643302155513669     
  0.19456601879206151      -0.97750116791763408        8.1458769025032851E-002
  0.54291647336768256      -0.83224762428040455      -0.11227464017144045     
  0.14355897291007388      -0.98419356041906081      -0.10370080485059610     
  0.52237646070700017      -0.79376404538245915       0.31154690426532605     
  0.52623621732458370      -0.76859416380119261       0.36378352759118571     
  0.56172531070492560      -0.79439454057528658       0.23108870421910904     
  0.22498554285304936      -0.97390558215768996        2.9823188113207041E-002
  0.43115083081281341      -0.90201156443145725       -2.2002243553393305E-002
  0.73448229946652055      -0.67847618189598402        1.4346510734599742E-002
  0.65720476605869338      -0.73512335036869503       0.16635971631527247     
  0.62844142927358515      -0.47383142454387073       0.61688341774386579     
  0.49495593312001385      -0.70295604664022238       0.51075573492747672     
   9.5998628449059972E-002 -0.80172754440569149       0.58992983301165658     
   6.1987062263566928E-002  -9.9037637440378634E-002  0.99315112167393349     
 -0.79166112313461900        1.6876160855755468E-002  0.61072732156999465     
 -0.62460004748410580       0.73660433530510372       0.25940091343827004     
 -0.38202774862565947       0.61577043856935998       0.68911651138549690     
  -3.5669987231067082E-002  0.81517029996412727       0.57812198891524735     
 -0.26264443399611487       0.79453455678096763       0.54747852868559599     
 -0.59140867312234047       0.62055525791251231       0.51492422086440548     
 -0.86507307763795349      -0.33217554455540849       0.37590953425698792     
 -0.34103986268625347      -0.77927335408857479       0.52576121164122769     
   2.2433981511355866E-002 -0.83192648824362858       0.55443217315752236     
 -0.20227054388172760       -1.8044450901966054E-002  0.97916343113365045     
  0.26957037975582887      -0.75286091884346051       0.60044337554545868     
 -0.11684708965712007      -0.20811342085008758       0.97110018108365315     
 -0.43106901833037414      -0.29595719089080336       0.85240180818418865     
 -0.80447878153174635      -0.57571399188375705       0.14617554383144976     
 -0.46394050913722307      -0.86141975869211529       0.20667656692591274     
 -0.28067311137654505      -0.77912251916710307       0.56052716676080472     
 -0.26967695753330129      -0.96273434439591821        2.0418636001094892E-002
 -0.51229539534862900      -0.85501016010008801        8.0691102546863014E-002
   8.9151171382157474E-002 -0.87738909494478701      -0.47142384826520639     
  -5.9895733726500880E-002 -0.99197859722613257       0.11131470579686931     
  0.54451410463298611      -0.79505796146164609      -0.26718388381822389     
  0.49614349014851322      -0.45519111119770023      -0.73935288561677182     
  0.96172515746435649      -0.27042771773696961       -4.4199219221009681E-002
  0.74677673601686356       0.48345390686384915      -0.45672401566163712     
  0.93209987448549025      -0.22346356705852505      -0.28505062389272734     
  0.77080019534176503       0.32985085973417749      -0.54503712643612590     
  0.90328407863936444       0.27288813125545819      -0.33107392089467136     
  0.82194536406366736       0.23890436182881930      -0.51704015742826281     
  0.67966177781737158       0.73339585585171507       -1.3798057605056535E-002
  0.44504525974944487       0.77936632381763538       0.44104744651063954     
  -8.3184109710815121E-003  0.83622165451603692      -0.54832850423573243     
  0.15453460961345167       0.97749866761258997      -0.14358067156570792     
  0.31628405242794028       0.74320619676137645       0.58958370675866156     
  0.44176221389028092       0.76717366511650409       0.46507065477247322     
  0.30585377678881787       0.95070536138873063        5.1115389568713539E-002
  0.43203952222881326       0.81453871117287990      -0.38712858229942348     
  0.65819498466405602       0.71091034285580434      -0.24776167295156606     
  0.64309782212075728       0.67077678891176784      -0.36943699143530434     
  0.78568037850399497       0.60178134649091275      -0.14340695188673977     
  0.69544640022403059       0.49143233389953073       0.52426001718000215     
  0.94609230481408069       0.32219150536303481       -3.3196154047306900E-002
  0.43650051916039873       0.77510777126046293      -0.45680985070854863     
  -6.0900052672382743E-002  0.96961492963426565      -0.23693474167979262     
  0.19762108887432689       0.39275406343725922      -0.89815931264209237     
 -0.12780588033814586       0.31677569384033000      -0.93985042253702711     
 -0.60900041618181200       0.50235865935911606      -0.61380312027339934     
 -0.69824372793100209       0.22048195939259507      -0.68106049803777813     
 -0.88518012052151640       -4.0394655400840716E-002 -0.46349155984616780     
 -0.72971238116275117       0.65911341076158358      -0.18190478974476390     
 -0.92794067701337835       0.20854546167931115       0.30892537991718250     
 -0.70112672482085836      -0.34643646161804359       0.62321994015244164     
 -0.44421471306529192       0.35840238347180647       0.82110962740557325     
