  0.13275160807736847       0.81919231938173387      -0.55794350468381482     
  0.39652443581243846       0.91479598128607476       -7.6919987171504500E-002
  -2.0266836280139280E-002  0.36219486815359719      -0.93188203804471281     
  0.62440704939457026       0.68927133979582655      -0.36745184283443078     
  0.75062467697336688       0.36937537105745999      -0.54783613387106112     
  0.63660338751082413       0.50931347089578105      -0.57908195911618254     
  0.52738911741480288       0.69541064175549105      -0.48812371194778398     
  0.41909580736158586       0.90592430071233665       -6.0496823311193132E-002
 -0.45116604677823963       0.75198415920406902      -0.48059236629453617     
 -0.74166155997440930      -0.57236435879190006      -0.34976731013780687     
  0.32341458655532429      -0.82014717659325820       0.47197628534636304     
  -5.1694316604035576E-002 -0.77290667631957333       0.63241044214297359     
  0.25272874674911344      -0.86252912779241886       0.43837390921027075     
 -0.47840716763011087      -0.66608067858868381       0.57224392663528811     
  -9.2656305155102550E-002 -0.83980290642368882       0.53492605795317050     
 -0.71445514635450258      -0.60950901641350874       0.34358783848991614     
 -0.92975642120481838       -9.6898710605617389E-002  0.35519520986546821     
 -0.82066685706477394        3.8173883589243660E-002  0.57013039239030028     
 -0.24127940803672254       0.47976929173894944       0.84356723144140011     
  -8.7168648627978837E-002 -0.13452197597010576       0.98706912862142648     
  0.15731569964640998      -0.87758238519444531       0.45288069934719088     
  -6.0444872391241328E-002 -0.95476500015173138      -0.29115324467860448     
  0.47303975732355003      -0.61599217691725539      -0.62991033168857891     
  0.43473497332732186       0.17016501643248441      -0.88433555291452315     
   2.8801376943905777E-002  0.53306725730367599      -0.84558250920702582     
