 -0.13696908105239924       0.93820765405747486      -0.31781420469141464     
  0.25173827360315565       0.86251505216877455      -0.43897109971567166     
  0.53619818437139766       0.25308660162717406      -0.80525690258053573     
  0.86003203015588781       0.27016999234897904      -0.43284302274621228     
  0.80604032961828587       0.59153851291502157       -1.9523697578278411E-002
  0.85287718872381457       0.44957740247505723      -0.26548193938258613     
  0.95108459347718832       0.25176458307449029      -0.17903265277509023     
  0.46261709508570120       0.77086635851152630      -0.43789322973708938     
  0.21823023357901319      -0.50924839163263558      -0.83249122564238220     
 -0.74867184908451934      -0.34475705191292549      -0.56624467992612748     
 -0.93873201565095876      -0.27293303135833868       0.21045133210657038     
 -0.79744292916420378       0.42033037203810891       0.43290547821472236     
 -0.77788020562189752       -7.0122306004148843E-002  0.62448798859731147     
  0.14133168674841473      -0.48634779370529702       0.86225934490664247     
   6.4645283837700337E-003 -0.77890495505377244       0.62710866750942307     
 -0.84866273350636234      -0.50288324076418367       0.16395124554571353     
 -0.90592598049412421      -0.39819550533359416       0.14400853237874325     
 -0.56164292647566205      -0.15117941721511385       0.81345067886770461     
 -0.41648983182792310      -0.46907614380847018       0.77878353301394065     
 -0.54004016329395954       0.26778272346910242       0.79790289825322347     
 -0.31476469116325800      -0.65501223859371704       0.68693679220824566     
  0.73046371225355999      -0.57372027951156335       0.37049670168292376     
  0.65613245100887219      -0.62533056090766481      -0.42243567123052939     
  0.56455310191241337      -0.30693820188461307      -0.76620410814933493     
 -0.42641612691712888       0.27496611884983635      -0.86172090620433939     
