  0.64537802129196786       0.61782442741237165      -0.44919949524220426     
  0.32691863966544554       0.81103357620335104      -0.48512755158833160     
  0.70664039715878735       -9.8646780958137323E-002 -0.70066265899492641     
  0.70831414534312853       0.48345166776449033      -0.51435936507712943     
  0.84079921382109879       0.42038455406234088      -0.34107698360286243     
  0.47545385905404808       0.79398231554050025      -0.37886107020853016     
  0.50680509094386184       0.81584829514235768       0.27846033668499226     
  0.68942360200301211       0.70565189701204556       0.16355579245146298     
  0.67328419397098482      -0.30609177650865976      -0.67304993759939225     
 -0.63858652972224583      -0.34881222950629159      -0.68595719444008707     
 -0.88656809005131876      -0.41231594409233885      -0.20974409157350307     
 -0.47206021876005227      -0.87894037435672001       -6.7992412737584565E-002
 -0.71693948186273526        4.3175452827145133E-002  0.69579713970350709     
 -0.16925782140601253       -8.1767831930100260E-002  0.98217402305005796     
 -0.49980064958933196      -0.14197314901405583       0.85442550033873776     
 -0.71814858797803460      -0.68918814724196720       -9.6344710733421088E-002
 -0.71769056407751319      -0.46635903040003290       0.51713587092604074     
 -0.68343034871481256      -0.25087422026276951       0.68555458138872882     
  0.61705053916917563      -0.43065423323065233       0.65862399251127768     
 -0.17608743206539523      -0.30912581218404039       0.93457714957630078     
  -2.0482766897956722E-002 -0.20649269095756714       0.97823372710273659     
 -0.47425611698537895      -0.85454908265946006      -0.21172387873791754     
 -0.31549032483254125      -0.52879465118967850      -0.78793532209835548     
  -8.4014005157189237E-002  0.41756841610602830      -0.90475315131153822     
  0.22430126604426953       0.78549937177879636      -0.57678391013102492     
