  0.11112035184086619       0.84127947159238203      -0.52905681933419146     
 -0.38538826589916492       0.68376194848068472      -0.61963334506554746     
  0.22346509826102967       0.59283372929815370      -0.77369988966368497     
  0.16799841912061358       0.45210105813456425      -0.87600294771568032     
  0.85865610196888897       0.49886744548754125      -0.11764765354365250     
  0.64470283605217094       0.73089634400092873      -0.22393924960211095     
  0.39662162944059476       0.48298461140000931      -0.78065174579366592     
  0.47394023455863360       0.87921506830982199       -4.8595449616137557E-002
  0.96410487012338786       0.18656667093305079       0.18893034880943965     
  0.12431475876789967      -0.98864387895270245        8.4434124391758694E-002
 -0.44562270467072695      -0.83053120280228288      -0.33412322016545165     
 -0.85227314142679556      -0.51260747016439134       0.10423086843233129     
 -0.97094924636587421        9.7538571845182692E-002  0.21850351938574974     
 -0.57214965471899604       0.16215187503528944       0.80395991319683624     
 -0.37541565794623322      -0.11824195083821981       0.91928337569584795     
 -0.27975076756239614      -0.69503065565628452       0.66232310524864557     
 -0.15329769390996828      -0.98101327130962401       0.11879721611327758     
 -0.37812457974256575      -0.71726042857925498       0.58528563948621670     
 -0.77577965426554685       0.22235089753809228       0.59053027559269311     
 -0.31973769549609077        1.6952700299414591E-002  0.94735442788398661     
 -0.13379027488735309        6.2469310037658876E-003  0.99098997885881979     
  0.61539803033457696      -0.76587205482638121       0.18634714888171439     
  0.77287502839703270      -0.29218277132836584      -0.56328804231863561     
  0.49365660852831950        1.3006459422966129E-002 -0.86955964997785351     
 -0.60954238013967355       0.45448692567430321      -0.64953808295184723     
