  0.34811298018574921       0.67389389826637269      -0.65167811602473946     
 -0.32253294528947746       0.65082149915217313      -0.68731643036100842     
  -5.4607544402472952E-002  0.78654221095006127      -0.61511735993067740     
  0.20678716687727050       0.15465207728810493      -0.96608581534215865     
  0.95864265757090994       0.16894957804783070      -0.22904212530196938     
  0.73522508505911832       0.67630192549238799       -4.5384797841287010E-002
  0.36597725514763774       0.92754823831572175       -7.5597052270801796E-002
  0.69515279544500297       0.64397744080430597      -0.31946149489425929     
  0.83784445595557056      -0.12659171639797923      -0.53102844082390543     
 -0.43825082698059475      -0.64616073796182094      -0.62482998757056996     
 -0.91166744208583517       0.14231028663960593      -0.38550000954244507     
 -0.60337380422115694      -0.53339403445491351       0.59281603924623760     
 -0.58340128734294194       -6.0373186518481142E-002  0.80993704463755900     
 -0.78133610801562126       -5.9524919499071668E-002  0.62126537829628292     
  0.24666879877127976      -0.33745276602402585       0.90844930206118446     
 -0.39084612773344046      -0.86601806950558424       0.31185254163716603     
  0.10538636119802801      -0.89739925880615157       0.42844869607410108     
 -0.51018397636394763      -0.24477168030221561       0.82449932370104428     
 -0.88874603220891857        7.5177861837001272E-002  0.45219329862622271     
   7.9603898593161124E-002 -0.36148588051477387       0.92897318449846289     
  0.27752953825591758        2.9829276199434804E-002  0.96025390896203877     
  0.77307523671840694      -0.57456955288331835       0.26874617629325814     
  0.56727228474466684      -0.20561116785024838      -0.79744981197303155     
 -0.29311198787738590       0.22928044837121400      -0.92817877510600022     
  0.23620328884869513       0.71293481071124321      -0.66025143847867640     
