 -0.77560362553409601       0.43788671545821917       0.45463638270992063     
 -0.78328111504768694       -3.8078563896082780E-003  0.62165601021735251     
  0.19362693477881621      -0.96451997333583817       0.17947097582729279     
  -9.2675811912682982E-002 -0.80596198927176943       0.58466782512416193     
  0.10115754859743933      -0.93354812500198414      -0.34388231804944125     
  0.54176223723079342        5.2043884735459262E-002 -0.83891901419169912     
  0.51179832825098526       0.84107975757046338      -0.17506373869170247     
  0.75725290679366153       0.42699151592807683       0.49421278866294616     
  0.76131887373627249       0.19547812802928252       0.61820860068031491     
  0.84663012752307809      -0.52912981636158729        5.6912780703714992E-002
  0.33347725316575749      -0.81057753833133406      -0.48141144146531262     
   3.7205538482016735E-003   3.0332426267697190E-002 -0.99953294162613060     
 -0.43820268467104151       0.38895811711363282      -0.81036410969299499     
 -0.59394882444683761       0.28372585372553999      -0.75281102134996214     
 -0.74684734885099358       0.18616139633504641      -0.63840658833446373     
 -0.49772576350646341      -0.49558223926851552      -0.71180566762532516     
 -0.82640752102427828      -0.18534459465450670      -0.53169351174042001     
 -0.81170872854444087       0.36111297449951379      -0.45904940872727729     
  0.14818443666986553       0.98895238326787316        3.8152794930161743E-003
  0.87627197832334480       0.48178299862334345        5.7063335682316710E-003
  0.87165844161338724      -0.38034707772409809       0.30910784789594309     
   6.2191303564024671E-002 -0.90208677040275653       0.42704999757092299     
  0.41324514617495445      -0.56967350223713131       0.71042279665821861     
 -0.38293080513583794        6.1252269948628549E-002  0.92174408482190018     
 -0.43011205398304370       0.81576097016732341       0.38670099633977145     
