 -0.14489104826867200       0.85351896700172458       0.50051169526784633     
 -0.49022202638895518       0.48014108590751581       0.72742484317394918     
 -0.91695814818021648       -6.1750369439945309E-002 -0.39417590788877960     
 -0.81818236469524575      -0.34595068390855932      -0.45923386461027649     
  0.43820418767588631      -0.89124979401278059      -0.11683704282251907     
  0.77535482560894464      -0.27506364747914697       0.56847593110037364     
  0.43950672917320655       0.57975710991037743       0.68608711438114689     
  0.61148233232103999       0.44232987762627074       0.65607441393363652     
  0.60824256331111071       0.18271120637648675       0.77243614573710373     
  0.78420094002831608      -0.54738149501499778       0.29223686381747471     
  0.61289204366852945      -0.24379575618246846      -0.75161623989586945     
   4.7808827162359242E-002 -0.38662330998988459      -0.92099768306865659     
 -0.67948794046435912      -0.59850939171844997      -0.42436145770831807     
 -0.52313796940205648       0.71443584513604497      -0.46465910962196610     
 -0.53201971965201988       0.42281946865862957      -0.73360664856900215     
 -0.89371889684623962       0.42728853941466899       0.13671516925653532     
 -0.84016906424510518       0.49589687055003645       0.21955007917143421     
 -0.44007222389476908       -7.5013865249486597E-002 -0.89482364618768506     
  -8.7391908570043211E-002 -0.47463305443854964      -0.87583452658067662     
  0.69111461426623610      -0.59294473664078051      -0.41325189562496645     
  0.16170621648821151      -0.95423735566638690       0.25155947328593115     
  0.13770034529512060      -0.70904584080362476       0.69158702311761444     
  0.47959419869825454        9.8468691751852855E-002  0.87194800379358794     
  0.33629050836365226       0.69955640619599435       0.63049942786227964     
   4.5952859556207079E-002  0.92763064370170067      -0.37066119781303403     
