 -0.77763161447036622       0.22839102465847702      -0.58577010168807708     
 -0.70976431622616720       0.25085270113154678      -0.65826099515845116     
  -2.1707873135508121E-002 -0.13595617243367486      -0.99047699994552285     
  0.89060944714171930       0.16081716996390344      -0.42538529653327201     
  0.66218565326744594       0.38852919618321868      -0.64074583441485311     
  0.24088704214975404       0.60982884746559807      -0.75503788628327995     
  0.55406820777714705       0.45617723431127793      -0.69635533460064380     
  -9.1162298049011076E-002 -0.52561234540703738      -0.84582568994449281     
  0.61575431625243893      -0.78791376973665483       -6.2059226396217627E-003
 -0.41855828621186369       -2.9401009979927204E-002  0.90771390958579568     
 -0.71442347384289973       0.42875021378393297       0.55296686537483808     
 -0.53637571175371057       0.27942932087403655       0.79637952665583622     
 -0.93600992576594988        3.6098942085262722E-002  0.35011753062073370     
  -4.2577357095796090E-002 -0.23047378082043996       0.97214659646427193     
 -0.35998131964067182      -0.64618630560373580       0.67294628906023624     
  -7.9725993077143550E-002 -0.88855921038248409       0.45178124758812332     
 -0.66202131626714367      -0.30679985428383788       0.68381402897228638     
 -0.62390622422623820       0.55011440255430555       0.55508122601475862     
 -0.27286926278066798       0.41135948716973303       0.86966990159768753     
  0.22055898382076422      -0.17979673793457240       0.95865889016063677     
  0.75403944619653918      -0.47921081645913166       0.44920096501253459     
  0.76245776945015331      -0.56897965801508943      -0.30809138022693261     
  0.76763371296404770      -0.13784864650789219      -0.62588835536137821     
  0.21148434528235935       0.70053546495058061      -0.68156029377229643     
 -0.23131745861313191       0.52540861902122760      -0.81880279457201299     
