   1.1957015029843607     
   1.8360618401252209     
   2.0245005945079897     
   1.7332629666303898     
   1.8360781367819912     
   1.7596416696686124     
   2.2972376609534590     
   1.9351226085694651     
   2.1963827226014594     
   2.4822324878826101     
   1.8209700593013163     
   1.6168179230666462     
   1.7056689972562480     
   1.9280127019859112     
   2.2556119748649577     
   2.1546325229749410     
   1.8266106436340335     
   2.1059679479610085     
   1.8557883071661101     
   2.0206918440668478     
   1.9897346067982189     
   2.0939730449337639     
   2.0128888774040408     
   2.2659259513091370     
   2.5528955407313134     
   2.9957179879817728     
   2.2568835836768697     
   2.3095377643532098     
   1.7899684484177736     
   2.0344246198697769     
   2.4689881198982877     
   2.0813727300505640     
   2.0049724153791555     
   2.3450384954020662     
   2.7188095070799867     
   1.9484309849034023     
   3.0034510552798395     
   2.2105460351582393     
   1.9390079118458816     
   2.1400463082270682     
   1.9662479397968289     
   2.2621724457745214     
   2.2022113918122082     
   2.2461657655749940     
   1.8957448778543873     
   2.3558944639401336     
   2.3670706673541702     
   1.8879806610595951     
   1.7323964564843803     
   1.7996713064835299     
   2.3936812917623036     
   2.2170465489295421     
   2.2318455659461276     
   2.0092445671089436     
   1.9473040631598586     
   1.6211621609785547     
   1.8342475204681272     
   1.4760650421586967     
   1.9454224281869723     
   2.1950781388003473     
   2.3761178953945166     
   1.7785635262953341     
   1.7377820644852886     
   2.0190301430261552     
   2.2005663952823733     
   2.0816554701604484     
   1.9944351852316384     
   1.9371565126847961     
   2.1072439888687793     
   2.4375208852668417     
   2.6546470961045170     
   2.3045763285361636     
   2.2012717446356840     
   2.2132774738160581     
   1.7700968843350227     
   2.1150887409241941     
   2.2926883015081656     
   2.5747223161352042     
   2.3855124593934538     
   2.0081990956284383     
   2.2930918170655201     
   2.7806017272986208     
   2.6141210121609832     
   1.8103471658230932     
   1.7964834382521830     
   2.3214403548202966     
   2.1827292919187471     
   2.5162720310588904     
   1.9038598897326711     
   2.2558593927753670     
   2.4859659228743602     
   3.0582120498941192     
   2.8748748509618758     
   2.4505478318780636     
   2.6078569984152065     
   2.1322186169259467     
   2.2299005770382760     
   1.6270906189408862     
   2.5521338532579296     
   1.8327223183073493     
