   1.8676578114411178     
   2.3775954347121755     
   2.2962540467696808     
   2.5497764681672468     
   2.3109030805129227     
   2.1347429506177575     
   2.2602484246788843     
   2.4867691782359658     
   2.3635490145883078     
   2.0898350943461894     
   1.6190578375288083     
   2.3203171806058966     
   2.2946905776845115     
   2.0321838410451742     
   2.5369537169591605     
   1.8086055278389179     
   1.7705804545694794     
   2.4558778074998542     
   1.4211476209167948     
   1.3469476799389992     
