   71.708764783284934        48.182606647649514        70.916875129411139        1.9480018722462713E-002
   85.940621267497434        62.389982827580916        86.492853401014642       0.23257735243063404     
   99.094215272148887        54.364364492397719        78.617171439099181        3.6973563762202705E-002
   87.359884368122380        55.867736775341932        93.423114313718330        3.0778442695513452E-002
   98.677314970924371        51.005069799214965        87.033712515444108       0.49319212917090555     
   101.35888616505746        63.808078693600180        80.254363022772793        9.0794915219658268E-003
   98.572906294634066        52.597411936638352        91.110821564840876        4.0612624931646510E-002
   84.917735630702495        53.084013222852519        95.393404923627813       0.16433624116435414     
   89.757140474766402        49.427035226249231        80.940423749644424       0.47463209004980855     
   78.488917118330107        41.132443962409688        87.734650415580845        2.0674867149581302E-002
