   84.454364475726237       -23.982058538362423       -290.08158636854370     
   84.263448281658626       -16.367768466356701       -286.95154210748967     
   83.291608228948419       -6.5588888219773764       -285.85266852884399     
   82.618578958857171       0.84305658662413308       -284.02971841232204     
   78.947138790809660        9.6797116462078883       -285.44671378717135     
   75.375254069605475        20.732797562831344       -285.29912146232357     
   69.866076761535240        29.054827880411928       -285.22033826212731     
   64.799001498251982        35.902139774878648       -283.60168568956186     
   58.073894879755358        43.532421434950493       -282.71519345547802     
   51.285517390897013        51.236737568484450       -284.25882454485253     
   44.941440938406785        58.083049058237400       -285.31853992137059     
   39.918890160879300        62.879018057164416       -286.93252560517999     
   37.487876558253816        70.666573614959134       -282.90120150385746     
   32.666853243740348        77.271994931459474       -281.79723684972106     
   29.427533185328858        86.735445829543494       -279.51481242266084     
   26.837227637339094        95.033876746734137       -273.36111375088819     
   21.608414960228689        99.677543774998114       -265.19566213550695     
   20.379466361711881        107.40346228474404       -260.16713532241948     
   15.994862548332424        113.01112208183235       -254.77577196582399     
   9.9479712050521147        119.01513719638682       -252.07029785347635     
   1.4578224868643432        124.42548145199184       -245.64282308850096     
  -7.6789101614315314        123.23596780554823       -242.22695961721848     
  -15.412284491519669        125.23585250098176       -237.87442767737019     
  -20.537844693647624        129.09534167735220       -232.77554321891407     
  -28.270868271830338        131.58964200548382       -225.77127069119695     
  -36.872929559564426        132.33747325805950       -222.42369163249595     
  -43.050542408156829        133.99903653904167       -220.25232318780053     
  -51.339197992403484        132.49583899317204       -212.74122078806442     
  -56.461487531322064        128.74185696937596       -206.59465581635064     
  -62.024951777192044        124.87332714771837       -202.04422340114701     
  -64.635670080214695        120.74405644182856       -196.29027628980307     
  -67.730375192284995        117.57144183584576       -186.56402233001921     
  -73.474816689739754        113.50593461939209       -182.61180973321513     
  -82.590389607541582        108.58201599755526       -180.97371308438002     
  -90.741764197015485        105.62434214114269       -180.55544132411544     
  -97.335051238935321        101.36569491012224       -186.65752649029687     
  -105.02761012979464        97.863142950485852       -193.31003620207460     
  -115.78631106342277        93.586064967408376       -193.48144744848335     
  -122.78044355583013        86.885342934639539       -195.10693777861255     
  -129.07826824615310        81.821531322855037       -199.08279899571855     
  -133.59577551815764        73.476565657233365       -203.78752347353117     
  -135.72685812792864        65.905678257070036       -203.85946224523960     
  -137.81070444134193        56.167016720520820       -202.89846758781195     
  -138.40093828119353        46.264122922943976       -202.48857643594297     
  -136.12703554023221        40.056756833103009       -205.36236742130498     
  -130.32306081592915        34.397928778724591       -207.45528298269068     
  -125.18485600575357        27.341267900244379       -205.21111730316454     
  -121.17160967915643        18.645052510783277       -201.53839045904820     
  -117.88826052992218        10.095423223145868       -195.98129991176160     
  -116.96896738293107        4.0460330604841577       -191.62698877641847     
  -116.49796739619630       -4.2141404816821257       -184.79068843451216     
  -117.59922897414984       -7.3934226849924407       -177.78252990871204     
  -116.24442458524010       -17.763327111998361       -174.76191684431492     
  -118.38438353329627       -27.440770402068480       -168.57745296000533     
  -118.34597538045449       -35.232501735998454       -161.67748709077162     
  -119.98269372374719       -44.303192227493284       -156.26832042473617     
  -117.32038313368264       -52.483930350884314       -151.45429690031474     
  -113.07865272617083       -61.689941782266231       -147.20251230311834     
  -107.18400259289483       -68.610213423528748       -142.88913924317313     
  -102.66003898723048       -76.340821768028448       -135.18473210534336     
  -96.877905519060732       -80.719607655463264       -127.60703157127959     
  -90.692026208430391       -86.016804506011823       -122.89427190464045     
  -85.747320743372143       -88.884240742321552       -115.65687810656290     
  -80.335838171117359       -92.850316344114503       -110.05018586461807     
  -71.163005692426424       -97.535653524633759       -106.98653049106591     
  -62.707523008877551       -99.786175805330586       -107.74344932165184     
  -55.277317225467414       -105.82377955493567       -109.89187227574264     
  -49.122627471678598       -110.40908641181220       -111.85796897506842     
  -39.674052681158386       -117.14540082269106       -114.78553627968921     
  -36.970058014663920       -125.13109594613552       -121.21307690005666     
  -32.407666686608138       -132.88487406287226       -125.16308732188121     
  -28.861578859888496       -139.94268751549112       -130.59672666325872     
  -26.889557655745442       -144.58478821977369       -139.33893093783900     
  -23.875035756513082       -143.47549973513608       -147.00608453273682     
  -17.562761985949738       -137.60541277066810       -152.10201327763147     
  -15.811329735218743       -131.90142097686117       -162.28893469658490     
  -9.9080953397215819       -126.53964079173352       -168.66310622251771     
  -4.2220652340478804       -120.84350811515159       -174.47958850128302     
  0.56849015826146321       -117.02100764868086       -176.69284897531011     
   2.6320356132428078       -110.28739343841769       -179.08859971087185     
   1.7814834295403941       -100.93489148383705       -181.33047914879620     
   5.6194630389919933       -96.564491320260004       -185.72628260644788     
   8.9349083458321434       -92.081826415875298       -193.55003373865657     
   12.537243528018335       -90.249909345116237       -203.70963285728328     
   18.401704763487587       -91.535380624902231       -211.87879061887699     
   27.800666124154731       -93.686906309738760       -216.25486604110912     
   32.690304765859047       -96.636337794516137       -220.32557553665197     
   38.878973712300777       -97.588137040900108       -228.85701012291213     
   46.159786273706793       -96.532987291816269       -235.72505519501379     
   51.320909124764661       -94.374105765596795       -243.79222890922333     
   55.814590897705237       -93.924494138067217       -252.52239319684935     
   60.875688688135995       -89.277863691441922       -258.16407819337354     
   65.113617980371828       -84.207535962596822       -264.25216476444780     
   68.003614685516126       -76.629458170926853       -271.18635379245165     
   72.510027198461984       -68.501128971388837       -274.50801346202019     
   79.234353956239119       -61.613977475106793       -278.88857357511642     
   83.417874235115306       -57.419178262967378       -283.47861990462650     
   84.444713515619910       -50.663078537823871       -287.76665221207219     
   84.059279589772871       -41.517498627228107       -287.46257659968421     
   83.657539057665076       -31.498580375835381       -289.41984686442879     
