   49.343284110585138       -27.041036343185684       -289.49120750976664     
   42.596152301457266       -18.797695277500925       -290.89379397770415     
   37.001485117386409       -14.487598960256451       -291.18437311096187     
   32.386545439818100       -7.5905108893150919       -285.32825681755452     
   28.978824147074256       -2.0053324627073588       -280.94268885368604     
   22.619435329157838        6.7574834266742227       -279.48127604035250     
   17.035219366092875        14.856116317826123       -283.17955342829782     
   8.9658383962391071        16.606075587809755       -290.26683605968265     
  0.51257815546508656        19.874942184728489       -295.89044056351105     
  -7.5064190688935062        24.493539886980773       -302.02928265304877     
  -16.381057496660834        25.129841101618336       -304.90730566797947     
  -23.884355098216638        29.420998740947862       -300.15742644882255     
  -32.986854709477456        29.362840420938621       -295.59299672829928     
  -41.948861978485475        28.430673563090306       -287.74774622806314     
  -48.897871943061297        37.195755316143433       -286.70177306193909     
  -55.071146470187919        44.776686265618565       -286.62188389098031     
  -63.881478887844224        50.293423792091467       -286.33614476310458     
  -70.243464087722515        56.604907195574448       -287.79316512538009     
  -76.511340565862739        62.062244018316555       -292.44668282626986     
  -81.208162588434874        69.504704066862445       -298.12359318784422     
  -82.193012044756728        78.433227778710133       -294.70742116010598     
  -77.365370292524673        83.106597250056751       -289.75649030542769     
  -67.111864758636415        86.440357102476611       -291.45548162563415     
  -55.075078056183663        88.634321576100021       -289.99801863428826     
  -49.498585158865531        97.979403204565799       -290.02278855865461     
  -49.724687522414278        108.14273913844207       -287.23319437966865     
  -51.338852241977861        118.16484444987297       -287.23819724735864     
  -58.866061018643059        125.35723977016728       -284.34118259705861     
  -64.460082120238852        132.20719143318337       -279.64444007568073     
  -71.230138353056049        137.16435968486775       -272.55781615737834     
  -78.436951280608753        136.41956881736007       -267.59922354331849     
  -86.510151088852027        130.40750478976872       -264.39234210417447     
  -92.078981599958993        122.61891394843254       -259.93018911459455     
  -94.085739674520127        115.06529815983032       -256.63305859124085     
  -100.89053096179236        111.00959863455172       -249.85491173743017     
  -108.05835917583306        108.70374707689491       -241.78323248241330     
  -115.93839032709808        107.70876255437985       -233.85302229765082     
  -119.23319917709789        103.57639567975366       -226.32183025772471     
  -124.78811480539011        96.766487458706237       -219.77615204902906     
  -132.03601272751339        90.394106934094623       -215.21012818766883     
  -134.15114650065428        83.995464810688631       -208.63386037399005     
  -136.07269001566783        76.130926402685702       -204.73716766547761     
  -135.82544466688671        67.727240528764071       -198.30119198713902     
  -130.81438994656992        62.623835023490358       -194.39542528746114     
  -128.45377564980282        56.877232434523194       -188.77540714275716     
  -125.33864806641581        50.009634281464642       -182.36144881409206     
  -123.46135936385839        40.173954982175843       -185.79563419083226     
  -122.96160735425572        29.971714515038538       -185.43870054651501     
  -121.85401402138841        20.563026404471831       -182.16836118151704     
  -117.53015539620573        14.778789015201879       -181.26085150787131     
  -112.27581136683268        7.4591858048677304       -179.84197634130643     
  -106.09228697547699       0.83720958491214648       -175.74883400220747     
  -103.88042083427116       -3.4200657615849104       -169.26989242046531     
  -99.967952748681526       -11.928604792644812       -166.99467453730898     
  -92.661489075320247       -18.243669711393192       -166.74974660735290     
  -87.673010999530916       -25.543106979980241       -168.30533252275836     
  -82.032479391559647       -37.093911431226537       -169.33428953320512     
  -78.692059598261707       -44.313424824951809       -167.75877416091325     
  -72.278396915161636       -50.840918182364064       -165.86166012018990     
  -66.182848073047779       -54.997839792025353       -159.19525794382949     
  -57.518249599238636       -56.263197301025649       -156.17274857208747     
  -49.890962710727607       -56.945712626453741       -152.67274337669753     
  -41.342513311210851       -56.854949458018901       -148.40657222575587     
  -33.381705230151582       -58.675694805179830       -146.37610859102548     
  -26.155187497295358       -61.191756945816451       -138.18188016554470     
  -21.322370212359942       -67.683862488995516       -134.22557820801595     
  -17.664327252691074       -76.722255957365419       -131.88375268418258     
  -17.238102787686529       -86.743286989592136       -132.00200565632690     
  -13.515007704892824       -94.835640966434127       -129.67867955178826     
  -9.3161464069780635       -99.921816634753256       -127.61724754548098     
  -1.5442504807717055       -102.54995357072600       -129.28809851331098     
   6.3632609390589892       -103.70746995853087       -134.10050975640027     
   8.1511997476298355       -102.21027693270386       -144.61132617846684     
   10.065308661991091       -102.06099662998651       -154.14172110521255     
   11.301567039520004       -107.92307504359316       -165.16523306725347     
   8.4296949187009194       -113.09833666814826       -173.01190756142711     
   4.8347974206186581       -118.79467846303356       -180.65917214911164     
 -0.12863157119932211       -123.09733911457710       -187.12811834148459     
  -5.3325786652993319       -127.19297803990732       -194.04600834682969     
  -12.319975227206136       -126.92044755797305       -201.50206074229840     
  -17.807855976043982       -125.94483108125253       -209.61502980761941     
  -22.733612063035366       -125.08645175858662       -217.06586433955067     
  -27.037520642392611       -129.27780225522130       -226.51507530678487     
  -25.285004752590766       -130.26199477227664       -236.09733741050943     
  -22.017449503963707       -131.21596726184018       -242.69158053386258     
  -16.347293052806581       -127.22450494415828       -250.10825112894329     
  -10.872480566374511       -120.24061556652175       -253.39156276144851     
  -1.7676410570277641       -111.77166022600485       -254.82923397521674     
   7.0337808524262133       -105.26548378653067       -254.88724947330081     
   14.596290718551391       -99.921349353298510       -260.25332570682048     
   18.332451008949104       -92.650951821728839       -266.26510383614067     
   25.643637254551404       -87.379832310255736       -268.14477618850538     
   34.439891965694891       -82.070289020005973       -273.23445379858083     
   42.100923768578106       -81.702796463470236       -278.28493081253487     
   49.487694785955981       -81.145166738344159       -282.19024624783867     
   57.071680228233816       -72.594117565212088       -287.95769323792035     
   57.060260662692315       -62.920934822523961       -290.66291332314739     
   54.674416174982611       -53.463632335393847       -290.69909959335672     
   53.572752410830468       -45.876686887863620       -289.77620827729868     
   52.793916133515424       -37.308480525954714       -290.63790512586490     
