  -10.050406429418258       -11.531584290188512        283.82999304380292     
  -2.7733981362043867       -5.2751024342786019        277.73820237664785     
   3.7913020996451721       -1.6040665537834409        273.90976478846062     
   7.9958725555900143       0.88541889158704645        266.58230897066682     
   12.722231247055678        3.9416776979043937        258.86261247728476     
   10.498887326606720        15.063938483930119        253.04420526323366     
   10.084561579408671        22.444178573953799        252.21354309346987     
   10.636528028427506        30.328335126006483        249.52500174046932     
   6.3360579243448569        36.359102052033776        242.03319986568542     
   3.4041873437099639        43.563431993464476        232.48077114486901     
   1.1677713572782835        51.213629888861362        229.12276563932818     
  0.51391924014529167        56.728823191575799        224.48419586277228     
   2.9902788666808533        65.444120552566787        218.59503937609065     
   1.7145710684999855        69.909849813038051        210.82749208129795     
  0.15104498509132469        72.721871952663832        202.44724628564319     
  0.21918968067568301        71.562755571371753        195.23141790133354     
  -2.3449048452646082        70.587907578231949        187.91579144651985     
  -12.810055089087836        67.376626366278003        181.92890646416322     
  -21.022698041631649        65.284164854291546        176.86549434529877     
  -28.608032496662265        64.891278270694258        172.07013670975851     
  -32.392395506675484        69.579176199249247        162.77177543602392     
  -26.896183074969414        75.875173114486756        158.25241100824863     
  -23.529734604537698        86.311287883433266        154.79639250739930     
  -29.524508070405211        96.256655032513081        152.34009574493476     
  -37.102575733562304        98.952886051722970        145.62898399516013     
  -46.416529232066530        99.974756682350957        142.20645262974722     
  -53.522994050382977        97.844624920779637        137.65431745867235     
  -61.485391853130302        97.862646952720340        133.54329460428994     
  -68.082132979777199        93.517317792668379        127.90919038006720     
  -72.148983281757481        83.634253843357996        120.38618425709588     
  -73.637023937407591        76.907623051403490        113.62163809132295     
  -77.802245753485181        70.918308259003354        109.26665816648340     
  -81.850437018108266        68.305220212847459        102.76476723987224     
  -86.132150983254462        62.571091720676108        94.766068319589749     
  -89.128167014267575        57.228582284308118        88.862243778566523     
  -93.665478428829715        51.024801153703073        84.732780266565356     
  -96.190197395079792        39.666306882535892        81.460695985507115     
  -100.24427134520994        33.675403079173954        76.067788394520790     
  -101.30523230950890        25.379718427677545        66.391350125112226     
  -98.449263586048730        19.955584724987837        57.151493974992604     
  -94.329765188624975        14.353309682740047        50.556646241028353     
  -89.558362089681111        9.0241577370763704        45.299679288314636     
  -83.135051665194993        3.9075985503037574        38.571323928275824     
  -83.954172098381790       -6.4443477200114927        35.489024459247602     
  -80.274116144165376       -13.867638847537878        32.525319789997290     
  -77.024432706495460       -21.890905179045507        29.478108567843432     
  -71.629389692375867       -26.984765258410906        25.688240882929268     
  -69.200998494802306       -31.825242014909769        18.728883809328551     
  -65.779383541554239       -39.619814953610110        15.467856069473426     
  -60.776575166887440       -47.877916067720008        15.370027484846963     
  -56.654303100692957       -56.079455464053353        17.973400857299481     
  -55.862448451373375       -63.812378409607696        21.691145615679584     
  -56.426869472377234       -74.462986891051429        20.312565395645098     
  -59.250884721999377       -85.492185407166872        16.464616576777999     
  -62.869178781659286       -94.852257021968342        15.241889514085546     
  -70.890875303103911       -102.33189682484426        14.774372010966379     
  -74.972734845353372       -106.99474320903903        17.362646292253110     
  -77.805592710311544       -111.83502126337359        24.527202548689569     
  -80.031629685006095       -116.31550624195305        30.991233680886332     
  -82.086276733119490       -121.56919150656128        39.914032851983166     
  -84.027264654391132       -124.92947583735729        48.827013687763930     
  -88.947596219628238       -132.47815272982393        54.872250895154586     
  -93.199919629144262       -133.12863041957959        62.926653029943921     
  -99.815854844828237       -130.99341960707562        72.260950748637526     
  -107.24346697067222       -126.57796592179825        80.738996150175822     
  -106.99959029030008       -119.17541676281783        86.404330114062631     
  -101.40276612556177       -111.60688761628103        89.107952143992662     
  -96.098568109744519       -105.43592972018668        93.974648936157749     
  -90.772466643302280       -101.43961803433000        102.65945123621215     
  -85.394147086013703       -96.323537230854384        108.75847322791033     
  -77.260293255518505       -95.908009922460124        113.70652462568248     
  -71.253858963204891       -101.02099965765183        123.02631448697893     
  -68.599967085141643       -107.09272035504502        133.09530688071644     
  -64.278024172633693       -112.95476150101879        140.04510892740615     
  -56.580510881832623       -116.61656775923844        143.94570839713671     
  -50.055091888439620       -125.00463904968915        152.82287986965935     
  -48.552919275572123       -133.23842186613959        158.27967688722657     
  -44.385629923631768       -139.54016846977171        166.78573262137164     
  -44.871915744553043       -138.74236935798970        173.54526245970399     
  -43.835024430341370       -139.84121407860914        183.35007875128133     
  -44.607106384767270       -137.86990813479630        191.31175770320633     
  -39.104206279881971       -136.75716102481366        203.00342145473806     
  -36.528336993862496       -135.11105245231249        212.60096931787223     
  -35.113519520687099       -134.24812404572992        222.60300147013999     
  -33.076908456060472       -129.22371340383020        229.28393055416581     
  -38.467043731381359       -122.11912095398625        234.49466410542882     
  -42.765265034600212       -115.77870081542157        240.71455174556837     
  -46.910863799381005       -107.18194631029020        246.45969473428295     
  -43.360458726622468       -100.52653877746148        252.24304437504151     
  -37.860025388520889       -91.475071190415505        257.87828129484797     
  -34.297668958403627       -82.692022789135805        261.34842598137425     
  -32.560577673225751       -77.052081346707737        267.44868455533003     
  -35.141906099616776       -68.615187982699496        271.68947884558293     
  -34.011893469080924       -61.138267015784919        276.31088356255992     
  -31.100675485804196       -55.040602665814561        283.30013316077458     
  -26.064194351177754       -51.037041662228660        286.57619195253841     
  -27.340254336847515       -43.933595029747849        293.87811776681502     
  -21.910372460720929       -34.240302035402820        294.86624088074853     
  -16.651467964573079       -26.643193817399556        290.62585230412236     
  -14.419049712989025       -17.018406287268157        287.66239522493595     
