   153.06738159503394        46.237105416056139        19.159637970350232     
   147.64429822524980        62.848700311168024        18.910171991044585     
   140.46777916592364        84.034705398387246        18.815859705571764     
   132.78895698451586        99.655379211781678        23.420016921369676     
   120.75664006624498        111.31787840731337        31.667813213150367     
   103.82116521630020        117.64817518484476        37.514578987796718     
   91.786385915775952        122.14132028740725        46.766185275372081     
   72.120403058996686        121.69445867160869        53.285742037798450     
   53.586520761386780        127.15372236872912        56.790764472762859     
   34.790938241081186        130.65243618923952        57.587158971031414     
   16.668554359013424        136.15886739994875        53.704737624378318     
  -1.6378233355164813        140.60459383894542        45.542064684673406     
  -16.877095959661446        146.21220219026918        33.904998537711684     
  -32.417199110526745        144.53099256460288        27.250056210063654     
  -48.631372719100966        137.51842019607940        29.667785206601824     
  -65.272178600037037        129.26579249001060        28.890116553872733     
  -76.291482806573740        120.08293170875605        26.678283355429603     
  -93.541530306126916        111.19491386475475        21.018246233351007     
  -109.34905967767067        99.700922880380773        19.369171452215539     
  -120.78781282018458        89.914345576935418        29.893514940875974     
  -128.95304654185298        83.894269224380551        46.687927836423157     
  -130.29964227392040        77.606892168931267        61.114975012494050     
  -121.95180650831286        74.539824111198925        80.487662861513300     
  -115.92209173591750        68.377539126599316        91.716790468816868     
  -105.58264547602566        59.057641842444056        103.83583499193364     
  -92.514958813014545        50.061491947163816        114.87513722266127     
  -89.722045142103582        30.449612941411409        124.77416312968975     
  -89.030261739377437        15.860336679894692        135.13447367017554     
  -81.743871729797846       0.95743129774208169        135.39199414272233     
  -77.432275426784045       -15.297807571155879        139.95236665862112     
  -69.849793743994482       -34.363635578512735        140.51095595771642     
  -60.841319752936549       -51.615614751443786        141.86921118141660     
  -49.835696105741050       -68.505133222838197        137.14814470072665     
  -34.296120114550185       -76.365007628004335        134.60048144811165     
  -19.129597994577274       -84.167718842335773        134.96244099344941     
  -1.8254284692941585       -90.679580678149051        129.21573727025944     
   14.521272590596924       -94.910331781136733        124.33399132549670     
   25.562411815038793       -100.23477830278252        111.53082160343317     
   41.941442034384210       -98.251726745311259        103.04218358111524     
   57.839088101172877       -94.820914377560314        86.164115309699497     
   69.417168174179409       -86.380647085653166        73.910652959546510     
   90.039146858243342       -78.834140056405246        67.331656211899116     
   100.69560565178270       -69.050794676964358        55.041386960596711     
   108.36398205591331       -53.590193601563229        46.924692597370132     
   119.34077591202241       -38.114981341947377        40.757665417231244     
   131.71844110128856       -24.701134790934603        42.526784851442372     
   147.95996411112284       -14.074043040828498        41.191662355135271     
   153.11912081297061        1.3245138952681055        33.814016812962535     
   158.91757729977647        18.054262705511089        28.167113357841465     
   154.30176668612611        30.679106181522013        22.767722833624944     
