   14.190052746207883       -47.286841906901060       -343.88473091876739     
   16.717380347245808       -35.395687623333053       -341.17556069202891     
   21.873291302174053       -27.014329669649108       -334.13384343637551     
   26.009701423515686       -17.728890923300085       -334.26318249671226     
   23.829976946974533       -7.6072755741507336       -331.58559034253409     
   23.552483851507802       -1.0210363200209969       -327.22446152935771     
   21.915013756257871        6.6607005777979822       -321.17438831574094     
   19.360710084447902        12.699225397757132       -315.99104408627937     
   11.491441439999910        20.933252357035592       -313.81861225629791     
   6.4625571638502777        26.135588074440584       -308.94608818249139     
  -7.4404546377657255E-002   32.504271275737551       -301.28573573009857     
  -9.7346152925740839        31.440012357036444       -293.99145617185150     
  -15.196899825175151        30.881939430890554       -288.02039918683522     
  -22.947922981010823        30.929828053431528       -281.98957074873397     
  -30.698262336838301        29.368151133827169       -276.85043771980230     
  -41.261591502517760        31.428375615429701       -274.15872295803143     
  -49.668849084726801        33.959260812440341       -271.45761628366591     
  -52.642835381313674        41.272026216024436       -261.69641697587730     
  -55.049439155371225        48.009444815863453       -255.95068988445178     
  -59.054024306395078        56.999223376021476       -250.99486085930468     
  -60.779945299629155        63.725987141003429       -243.69930400982824     
  -59.150913592507251        69.000037128324095       -235.66195911488893     
  -56.026523580108936        75.915037026031854       -226.56476810609601     
  -48.808629357437269        82.673562460407794       -224.29192308624181     
  -39.647387717450300        88.452870320907380       -224.49958406789807     
  -35.677305704314207        98.751177699795647       -221.50720308230683     
  -32.979098102196701        109.70744541871136       -219.67840560451711     
  -32.993943501531419        117.32224180377693       -211.37718861123383     
  -33.204163886043816        120.81755598819279       -201.62999290406128     
  -40.783928333232737        123.85667828695297       -194.94706226938817     
  -49.723710487981094        120.61443468240098       -188.51984766083950     
  -59.659573043938039        115.92803310028341       -185.61270304469213     
  -66.418232902469086        108.69193887917567       -181.78913288610059     
  -76.049388967032542        101.03279725288469       -181.70102865731297     
  -80.546549887756996        93.443215800800985       -177.35620305661939     
  -79.902336244879578        83.371587327362661       -178.06802839143143     
  -83.057570779800287        75.146430642094842       -177.13596800698659     
  -87.952195919053295        71.510618746114915       -179.36420128223349     
  -95.487446255879448        69.274417627034637       -185.65695917940423     
  -103.98813646647564        68.690769568626649       -188.63289376432101     
  -112.81911110856109        67.895573071968954       -193.47402431032171     
  -121.26610683947297        63.295959594202202       -197.02202788339395     
  -127.95659946580868        56.579500683296892       -197.56079599016260     
  -129.73582931370396        48.226835560150938       -201.25438408623995     
  -128.90696867650797        35.809296571032917       -203.16321380233501     
  -130.11498208742728        24.755774599636304       -205.72981028043191     
  -132.56408125328139        16.131637498951083       -204.69544159363895     
  -135.24111177481637        7.4188798564256508       -202.02989342485731     
  -141.22167695671354       0.37454805428210980       -197.80419635797591     
  -142.60789986769882       -8.1844531665666000       -190.88225329468588     
  -138.38402034084132       -15.978096455758898       -182.38808614098710     
  -137.29792886669858       -19.441586428437770       -174.33388010984947     
  -134.95407449210526       -27.461389451840127       -165.62717050615126     
  -130.64618845301464       -31.047148546830662       -157.52659810352407     
  -124.95709939349746       -38.306763809515907       -153.81961583546237     
  -125.29684500035459       -48.865140031252217       -148.93891880428802     
  -120.54640827165943       -56.542305974306927       -143.63370585423334     
  -115.19429528910896       -63.311433601418052       -139.72596838084161     
  -106.66011677322932       -64.405906410210520       -138.35995312932508     
  -100.08619464939225       -69.163320804930194       -135.56267096788361     
  -99.050347650764436       -76.536176265432701       -129.19294485136970     
  -96.804322230894471       -87.744633551437076       -127.61502114540896     
  -89.919477220101371       -94.080553783631387       -127.95854817544522     
  -84.208651687400177       -98.248581784940427       -126.81524016845357     
  -78.323714273308951       -107.17864264539013       -122.35747845735933     
  -74.807790237204770       -115.67940757139378       -122.56522374818667     
  -71.910643097905151       -122.98018640286313       -126.82398979513256     
  -66.424871359948042       -128.96761101303650       -130.98254314509600     
  -61.789040732074241       -136.44114109850494       -137.81911268831851     
  -62.345910712608301       -143.17478468161883       -143.02525315047754     
  -57.650478543192634       -147.40377513135536       -149.65207593230286     
  -53.807238305364855       -147.42152210241255       -157.94105086054645     
  -46.744154996567737       -147.10668588583118       -166.17362226215567     
  -41.412880313637515       -151.49799570527884       -173.50612746190308     
  -39.295101092025334       -151.34382614650548       -180.45013512446189     
  -36.398816074275821       -151.13770809980667       -189.82924724343607     
  -33.238136050739257       -149.13157877408733       -198.17082880166467     
  -29.879040387355658       -150.17451329278074       -207.89157404950237     
  -21.128006833283820       -150.33476309667080       -215.66821853554629     
  -12.900758968822794       -150.14978338790775       -222.22418692574615     
  -4.4614452974826477       -152.77181314443268       -228.10009038912847     
  0.79405655319598556       -150.20475965090804       -234.19107107583676     
   7.0313910788009162       -145.97860726988750       -239.35108252940611     
   14.369213884120818       -143.37939882692791       -244.82198347549152     
   19.514625783850477       -142.43703709110855       -251.58188377566790     
   26.092530196427965       -135.38300520488406       -254.56369301292511     
   28.194357393336201       -131.04766655878586       -258.67219493114698     
   27.623728359287789       -123.78531318513298       -261.08648668566860     
   31.344726131590534       -114.41395255302940       -266.10182820364747     
   33.126398658965613       -105.82538794354905       -270.81617734071909     
   30.557324193477612       -98.083915154679090       -276.02395691594768     
   30.514673247510089       -93.904479647166994       -282.14281653229870     
   29.244427260685963       -86.549810242903533       -288.82446510626443     
   30.201594639612743       -79.660148020091540       -297.21249044112903     
   29.610387765254941       -74.979046314334639       -307.84140322472098     
   26.459367167319307       -67.089478041566920       -315.61169318759823     
   27.209015625806153       -66.376095254380672       -323.97878002230431     
   23.520304654659697       -66.650451983906507       -335.27890813811564     
   17.434441869984909       -63.107747422888536       -339.88997775669208     
   14.037985580082918       -55.608181661449585       -345.03059595751716     
