   135.46739078785404        48.926748569288229        9.7564267618826683     
   131.74085733500931        65.292958348446035        8.5124962725711892     
   128.63983607986370        82.037167249282689       0.80812659304454737     
   122.04883107206645        101.62020921305368        2.4606710786915826     
   116.76388557689782        118.24954250810828        4.9359364366407474     
   105.81311882983826        130.72053671360794        11.938016714703792     
   90.674816231387467        139.28822589136126        19.374423677218083     
   73.335610496038313        146.96805071270376        27.730704104898642     
   54.382685949209915        149.53909288362433        22.860839904013307     
   36.493875405051568        143.81213048929433        18.802439146452269     
   22.083942688143480        134.95730936151324        24.423958225719929     
   7.2319067609779619        122.73027265070385        31.026612416528664     
  -7.7004623810793547        114.67524936656892        34.734675977703361     
  -23.313701528295283        109.77241668261851        33.021989447284490     
  -36.364701176681763        120.45961274789035        30.100684592265935     
  -52.737164510399083        119.06773209549310        20.073589467667105     
  -64.522721393078314        113.00853775478902        15.027848211190570     
  -75.294836578662355        97.536936244950695        11.328458510590441     
  -84.180439093375341        80.672003889967385        8.5126923881256271     
  -97.120205109657888        71.665828359224349        16.141524086394913     
  -109.59096762574367        60.676837324502301        27.588254589257890     
  -111.46485911129727        49.533391272210324        36.601820487067968     
  -115.27342023716584        44.231040515318483        57.168836853875099     
  -116.28895166950801        45.346875032723446        70.132078820280483     
  -116.93089306826928        43.088255879851239        91.040265684901300     
  -110.27189776492727        34.732450402428185        107.79133875334605     
  -104.94188436826552        20.020925630202044        121.58007399108570     
  -102.40101891645148        5.8373230022778593        131.77184205940986     
  -91.324475072161746       -9.0839164409246855        133.26840157992734     
  -84.374810141710213       -24.337536337973724        137.06845715378779     
  -70.736008362038049       -43.666098117644040        141.81936185562191     
  -58.764043144571659       -54.606654105473261        148.27168796201238     
  -45.045857731601487       -69.842487828861721        142.81283886004815     
  -27.413889786468715       -76.339116280178047        134.14222691014172     
  -13.004834470272995       -88.843669910170860        129.90694242911002     
   1.2537083566229961       -91.123252855373721        117.81659497892797     
   14.314903955571218       -94.325346719985674        107.31222132162760     
   21.884489008852171       -94.725184483979859        92.245940449035871     
   35.321691236398749       -93.095304845431443        79.601996445149581     
   53.160491951546760       -85.281072404062712        65.440721367626224     
   68.661140319026018       -76.652511974707366        61.994933338761896     
   86.792346253015609       -70.240446675963611        75.338843685059558     
   99.139594174895180       -62.647963824702416        64.035875048611629     
   111.22944632590470       -53.846402697030463        52.609557889955532     
   123.07286800391044       -39.274078523247262        46.017838283039694     
   132.49153618842792       -25.305770048503387        45.479967614498300     
   142.66816341846533       -7.6817966277043084        39.846199354585721     
   143.33758350110119        2.1348387616146631        28.052425612199045     
   142.87988207111420        17.926762655383808        17.202678333931260     
   135.41250497220540        31.532697289516463        12.620075297268587     
