   139.61829957075292        47.344653831469849       0.22396538107894770     
   138.10796089313200        63.488173189781129       -4.3336330371867895     
   127.86429720557507        78.955747027019726       -13.051470997903570     
   117.64729041881020        94.805027985623980       -14.216627525132704     
   111.06505092015557        110.81097818690095       -16.736274973495707     
   101.36692414915733        126.03348521080453       -12.941415683181617     
   89.970198271571576        138.11682158047799       -3.0006978575541536     
   73.582038173458983        148.72888682608470        4.9863421422009537     
   52.012512482737307        148.27639563743890        6.7931141394125296     
   33.749132222970069        145.16679827259003        8.8235868333613716     
   17.331966469213437        142.28939229374870        20.564251379293680     
  -1.4989035745331836E-002   134.60261564018737        28.229017586207501     
  -15.600466482266038        127.66940101847943        31.489724787055650     
  -30.592976962507464        118.70406575791790        25.682131541500230     
  -41.812792108059995        126.50362073320233        18.153141459528609     
  -54.957073552219796        116.70961356515539        7.2011401204075165     
  -67.532128467328789        106.85554090912929        2.4235452797024051     
  -76.306262601597538        91.683042664288479        4.1077270801595542     
  -85.686539723526522        76.660869544832963        4.2551115723223019     
  -97.767862157348489        68.991325349476881        12.635715678270543     
  -109.16016365705084        57.709396673456823        25.096134093108841     
  -111.18609033635828        55.554795955763346        38.916756185874100     
  -102.16792034558566        53.141977737355482        58.205400990196026     
  -94.601456168533119        55.377702780310152        69.946264831969842     
  -83.428438718840965        54.990049413943069        87.746460296350293     
  -75.461896990265998        44.679986709985840        101.98863965603384     
  -69.418388116404628        30.176467429891989        115.90229655747606     
  -68.159323476962030        18.601538212300710        129.97200725286103     
  -74.801726798546284        3.9661270167766616        133.82925741751151     
  -74.374390241924800       -12.164391395464113        140.71245365543430     
  -72.032939942017819       -36.032936621006449        145.54733488721155     
  -62.170630249570351       -51.144949826290159        147.59348681422546     
  -50.377964143542776       -68.926730477248867        141.96635573893030     
  -32.266067893771428       -76.851510422815778        131.30655929994526     
  -15.620534072811132       -89.014559931779274        126.23628400383774     
   5.3656546514112335E-002  -92.061645008890736        117.66933052605739     
   15.962236700822675       -95.826675460443454        109.35312189018933     
   26.431548834164619       -100.98711475983066        98.156891023946756     
   42.114359427785985       -101.86865862010316        87.012205619794173     
   61.831915991812551       -97.161005738322046        76.376564075819701     
   75.948443770410890       -85.901653535378074        68.027364137592613     
   87.099038980410000       -69.709096659940201        79.217603680542524     
   100.24715995740407       -62.295139094077747        68.728677373550951     
   110.58567284855599       -54.798118317426045        52.733192219602500     
   117.73436954892146       -41.784450589607388        40.263148098045761     
   127.68906076536781       -31.295368546409932        30.598508876206349     
   137.53956900115381       -15.025086805254997        18.885759989358878     
   135.64326437944254       -1.2073354154350624        9.5377815685668494     
   135.47985225578097        15.602089285561734        1.5507880356823840     
   134.50727040991740        30.615283897756733        2.4061839421699860     
