   12.366462234092319       -41.771323590640485       -306.55898314990765     
   17.039572050158718       -32.821790575279088       -301.84302348900860     
   20.148755706337109       -25.045732426573004       -296.16699337754807     
   24.961246313560299       -19.884510138211017       -290.77366637921017     
   21.533142300548498       -14.190654243611583       -285.43418935464962     
   13.028574796166060       -11.345582114241761       -279.99522325063219     
   5.1437919871733149       -4.6905093971795813       -279.33150362852348     
 -0.44758405384480099        2.7761808025193351       -275.84434387316969     
   1.6228537522620976        12.187999231718244       -274.42750108275806     
  -2.1976708947665506        23.048010821439355       -275.49932418641623     
  -7.3341865230505450        30.834871236061801       -279.65498826978984     
  -16.123004993287463        33.656469206812609       -283.37417857247652     
  -26.160782439205029        29.742445810580243       -283.52813991455218     
  -36.157116710599603        29.173150843007317       -286.80296644169380     
  -44.510761153138127        34.238734066363534       -287.95202880011902     
  -49.938880677651525        39.478876610650133       -288.03759633282579     
  -55.112703503124465        48.545634372118982       -287.16182770842317     
  -59.847134373758188        58.686812502635163       -284.48942585344884     
  -62.569266643779947        65.928920538441375       -284.85005956711689     
  -69.418841365898373        75.531586383124463       -287.47028702674811     
  -78.872663411754417        79.465414139076174       -283.81075311064541     
  -84.425888738163223        84.306176436373761       -278.72580357212138     
  -85.630079873740755        90.124954716950128       -271.18974626809234     
  -85.035399607435366        95.861713140388943       -261.72621338182148     
  -88.918782529018031        102.30725672634448       -254.83143921104480     
  -90.686523682900003        112.27161227526956       -252.19528618209148     
  -92.076166070112180        120.88677801353630       -254.06017787986764     
  -101.15426612661284        123.29307929875445       -249.14640401828632     
  -107.76700991231301        124.66951059752904       -241.25109361391549     
  -116.57160058874346        125.35813389461403       -236.86838664406764     
  -124.38983114762910        126.48127800103006       -229.65124440762298     
  -131.12214693190845        127.08080404532141       -217.81453666488895     
  -136.88673348998944        122.32287965429065       -210.33619401632944     
  -142.50779847537211        117.89999117142716       -207.15579641306323     
  -140.32799979674365        109.04094645999955       -199.98787180163501     
  -133.24488628216056        100.11722019554995       -200.37379231951445     
  -130.39957997164868        93.377160315624678       -199.42837034157282     
  -129.36338058521730        87.271010314391603       -200.60974318622672     
  -128.34221135490279        78.510015205291239       -198.45289159684430     
  -133.91507308924577        71.224867429324462       -202.13880812572899     
  -132.04281751365315        66.566079390315991       -211.06717251457994     
  -129.05150238885486        58.384066610037678       -217.81365818634987     
  -127.07766055792223        51.374390793573646       -225.49362641605347     
  -122.70699072818005        41.848106362013915       -225.17385043076112     
  -114.74492295494926        34.996644432277037       -222.77779098313235     
  -113.69260515912934        25.114533195598469       -221.99841900301067     
  -118.39904493463735        18.973080917059519       -216.80015882053155     
  -123.01760625443943        10.219951441244890       -211.00070878485477     
  -123.41197510862355        3.0201021952569991       -210.40281538521242     
  -125.67271743046165      -0.46652997191845191       -204.31068825068581     
  -121.21612148289677       -8.6604417664526032       -196.25521114729287     
  -118.39368313712502       -14.308805568432238       -189.78419742372466     
  -114.09314073666908       -20.279243860385169       -186.88146100577080     
  -105.94129638426519       -27.526033593286812       -182.60349822569364     
  -100.37223355751595       -34.152065476991481       -181.91834661172530     
  -93.765046162269627       -42.367505992592811       -182.88970177241731     
  -94.747972885439026       -51.129898018401910       -180.17904673144807     
  -93.183763026211381       -59.541036169589361       -176.58907902389316     
  -96.157645521231544       -66.686247729722453       -170.35972119789270     
  -97.706082100850182       -71.445358438840600       -163.38267533790864     
  -94.159682400911180       -79.420743261294106       -158.70106188472283     
  -89.419902021409200       -84.370331023958798       -152.36357154881915     
  -86.492787843527708       -88.787469169747965       -143.88620767522144     
  -84.983979544728612       -95.116216509774006       -138.65855668129882     
  -82.230163169172840       -99.612094836865609       -132.24000804807079     
  -73.954254863088337       -104.28137552174016       -131.35957917995870     
  -62.415425047115420       -103.72494218195034       -127.92937549926911     
  -54.417078382987064       -102.89810102732062       -130.87557704967926     
  -44.410450858723543       -107.67932241398763       -133.49836305006477     
  -39.743971624448207       -115.31778027260891       -137.52585953929986     
  -33.285518084213827       -118.97691353633506       -143.32829305436795     
  -28.538322514175519       -115.34287824753144       -150.49645688819655     
  -26.452753012228850       -117.93636661498356       -160.97584514978774     
  -19.020213900448965       -117.66380856068773       -167.88089540199690     
  -11.299455663127352       -121.29507594338392       -174.87238309209528     
  -8.6201253774559703       -129.81297373928254       -182.26332505692679     
  -3.6514670216973126       -133.31405615112777       -189.22106468122948     
   5.7255122392081059       -131.84514600007100       -194.53610782181477     
   14.277683570427143       -129.75507916652140       -196.49370813063101     
   20.467286561568127       -122.91506820501171       -197.74768196340116     
   29.888358355845547       -121.08848776337479       -193.90258749927366     
   41.046574094849184       -119.27164326568699       -197.68090790446874     
   47.933155661402644       -114.34194508029888       -203.59431383564396     
   51.902740557831329       -109.39336880427079       -206.86679399389064     
   56.194321429783813       -101.42292190151876       -212.27092304917312     
   57.192895597785480       -93.594041817980738       -221.50013860975099     
   54.117497481142301       -92.653346480563300       -231.19208641629135     
   51.678155840668964       -93.741168311161644       -240.68702652932095     
   50.232756879363606       -89.987653049671266       -248.64008373409982     
   52.307163726438375       -85.066826822553423       -258.69625728695814     
   49.554554187676004       -79.541000797058302       -266.47081159016085     
   43.736592606182619       -76.412302479116263       -273.91846849474314     
   41.772619726516147       -69.986199321786088       -278.77775484980236     
   41.678578838058407       -64.287694090649509       -288.39021413089807     
   38.911723780863760       -63.004503356066955       -296.80913050963250     
   32.180057136517483       -62.387346434284247       -305.27811625870714     
   28.793691837396501       -64.928247844078086       -309.25568167208627     
   20.161759218740528       -65.516194760852116       -312.01331157162889     
   11.678995982074076       -60.030564530373034       -310.56136049137979     
   9.9905920539762203       -49.892331777862758       -308.32411167473521     
