   21.899236685318773       -32.212800268382459       -330.79504240976314     
   17.695381443102459       -23.106380403185028       -333.77430420640849     
   15.397216521608536       -13.558080886475503       -333.04219121930237     
   17.888192337319520       -4.7666984432693926       -335.62281686730688     
   19.380720377032215        2.0613680010727053       -329.28167220584419     
   19.321595849275678        9.2539866649244669       -320.46539666495624     
   13.784971890220604        16.954049179044272       -313.73161236287643     
   7.9012597766201926        23.333834605764629       -314.37325989548782     
   1.8918571361066903        27.740844086552677       -317.13608946044832     
  -7.9031000559106319        28.920762832151947       -318.27722834612825     
  -17.013795509299193        30.749549230051080       -316.35384078457889     
  -21.357275062165975        33.045858298373723       -308.67193890310153     
  -27.088194443937830        32.429970329719659       -298.62414883164320     
  -36.272799471145717        33.411003531546150       -294.80982026705368     
  -42.770784095737497        40.511490430429049       -292.61304627631648     
  -46.296952159362021        47.231241629557005       -288.93639684952694     
  -49.258577387097226        57.240879426407155       -285.97220370650302     
  -50.246967958642273        63.323559455070750       -279.15385945450612     
  -50.116727796255518        71.221190661708576       -273.05036634106307     
  -46.383637297775557        80.854466078757397       -266.58278249354731     
  -53.379583908273354        90.120870914042698       -263.70866411382514     
  -61.898291193824726        96.014491355236714       -258.50108230338122     
  -65.735484831326332        96.517342633658529       -249.57508371463152     
  -64.254510582682599        96.630525922726562       -241.02803493088945     
  -64.134067481450856        102.65116630190865       -234.98603835666543     
  -65.526524091081669        109.82952647439501       -227.45974247231487     
  -62.536616596299041        117.08475109916267       -221.73222161966322     
  -70.954684815364317        122.59182371559820       -220.70533748022473     
  -81.293472925652040        124.54947865044024       -220.21612507239414     
  -90.708789828120089        126.11968135858302       -219.80336735757331     
  -99.034586356475799        126.90434397198968       -221.04698755264764     
  -109.44467531758511        128.52987753863857       -225.20339674429704     
  -116.19699520760832        125.96595978793023       -230.29229066086373     
  -123.94107874971692        124.74987605747657       -235.29987348858310     
  -132.48380444539634        114.84218228174210       -233.83746499829053     
  -133.99386452312962        105.53890567617539       -225.87878984527350     
  -134.23150523932910        98.030728968246081       -218.34281497850310     
  -135.78928319283838        91.488510843540510       -212.23348571182569     
  -138.14988919025637        83.161628793385205       -207.57199060083198     
  -140.83215853646809        73.962837671717907       -209.07533700100956     
  -139.34103621632781        66.167264242576323       -215.04688319809810     
  -136.92184976069089        55.739740314824935       -218.76401781787894     
  -137.88202303083929        48.927209051110630       -223.98722957860130     
  -135.05938362681664        38.567870727369950       -223.28461647506805     
  -131.12370347590652        29.495437975606905       -224.33846230296103     
  -133.87116270780149        21.153743025198558       -220.17194822326920     
  -128.56354954424478        16.888420935759232       -209.23803970856065     
  -126.57343890201048        12.884286326893408       -200.66096457012225     
  -128.58667566972190        6.2814444858970031       -193.63163114796711     
  -126.15142819244680      -0.58560706628560288       -190.80763853862481     
  -126.01577270486766       -9.9394732117010776       -190.45619145978046     
  -123.23448166430684       -16.675692132528312       -190.53321702490908     
  -117.97749257073691       -22.143197627350432       -188.25683113457555     
  -111.08041005733564       -27.443390466488854       -184.59795599208582     
  -103.68444832203080       -31.982415922282183       -179.12242933309435     
  -96.247209061741259       -35.698282844245931       -173.91779933588910     
  -89.642706591741629       -42.953443734338570       -170.95722882236458     
  -86.512335298694424       -49.693356642611342       -166.28610801741667     
  -85.656859449913512       -58.274747843029644       -163.72328978884326     
  -85.028215663920363       -64.826088827022474       -158.06520240366859     
  -80.158691934923056       -67.107458803780304       -150.40842795368303     
  -73.680238202583709       -66.034895355984602       -143.09783660953090     
  -65.406888782905497       -64.214539517609083       -140.04286730879181     
  -56.878914559194875       -66.866760640073693       -138.02138403172796     
  -48.214286506578475       -69.435094435803094       -134.44742236658391     
  -42.522015077332462       -77.448579968372869       -130.84658176971490     
  -32.896817830076863       -83.170218788849340       -131.72297769626374     
  -30.909000711061172       -90.359527662184135       -132.48657980749618     
  -32.755307696496097       -99.765485734179691       -131.12490288548511     
  -34.275833339259094       -110.48067577770153       -131.98438460113746     
  -29.927315515486118       -117.63033592083148       -133.92793208280267     
  -22.716052395234342       -119.69194336826257       -139.46547697561849     
  -17.523863308284259       -127.80623269223216       -148.40292423267354     
  -13.377228437612960       -134.76289934627047       -155.33513344450020     
  -12.093971509511743       -138.87320550789968       -165.30551591508203     
  -15.328268741924646       -139.43862446644238       -175.00239822084995     
  -13.432375761386542       -142.65509689905454       -183.70915103898329     
  -8.0792852589323321       -145.31231818072462       -192.17660568069093     
  -1.6743644290586430       -144.86434498260675       -200.15548132643002     
   1.9971214405439137       -140.22118276403080       -206.57112710498745     
   7.9684187024685054       -143.63312969793361       -214.85231819674678     
   15.207390360008988       -145.07026388999648       -220.68739476628491     
   20.998041475927000       -145.87318320276449       -230.11772106509355     
   27.817639704369576       -144.41468471700711       -238.84121045119269     
   34.386979827424497       -144.10349731859344       -242.68636128832293     
   40.273532770955633       -140.64435478826550       -248.70655975734570     
   41.828372863348939       -133.59905040703529       -258.10873837838716     
   42.955703001669633       -128.60723260423299       -267.51378940254796     
   43.857279681397131       -120.84718995763100       -271.69041869915804     
   44.495245713763175       -109.44849758811118       -276.59434498664365     
   44.617591016035178       -103.10691498788798       -281.62145681608786     
   38.403799847101510       -95.088322967239733       -286.86061485602676     
   39.097041599011291       -87.281302347581331       -288.85090256019453     
   41.372146941943335       -77.014704351203065       -290.89355054480313     
   41.928165800996879       -67.541257059721985       -297.79835389210535     
   39.734252476615957       -63.786919451899763       -306.88770103043606     
   39.103861864728401       -61.415581380448536       -311.85455180239620     
   35.509198134415861       -57.020760719088123       -320.04037094043332     
   31.184578482711256       -48.174884684560872       -324.31128470248632     
   26.467776877551142       -38.966028383546657       -327.72689696838813     
