   110.43128499610457        36.563132986373475       -24.040258653102271     
   103.40856439175393        54.478814293327588       -33.196771751365951     
   90.094554212347120        69.894818463327510       -33.200287446875564     
   90.366970815220142        82.123137304576801       -22.175262264008438     
   87.093759407064027        97.983664105540925       -9.9414095401979701     
   87.474965443785919        117.33831847374124       -1.0208026042419702     
   78.790256231346987        126.06467038161260        15.997764345692694     
   73.350839244766689        142.63970686297486        21.184829742673575     
   51.655902395050937        150.76646585694499        15.444776828043507     
   31.011207266346421        152.07064409043875        9.4251175854699678     
   13.857850664085520        146.37662061765948        22.326438375017197     
  -7.9852966561150804        147.97936982760353        21.935709051510180     
  -18.303051456277515        140.15811902985141        20.297149280828663     
  -31.175993222171982        134.93725067232626        13.886489850081274     
  -47.720116084374681        139.29681470834649        14.185840208976941     
  -61.691494836939427        129.11599189355729        3.8451865227071642     
  -74.546563384011250        116.84734619046387        6.3796563670465307     
  -83.469150808878069        96.648880300007903        12.084539980344086     
  -96.666630647602190        80.813672318357604        12.020951333342794     
  -103.30793838220725        67.723918682710888        15.482902378276377     
  -107.34589723533387        49.448372807298362        24.302766922832063     
  -110.13174347283177        42.309303240586331        35.590608779639588     
  -107.39254530951234        42.193730777791032        54.772689103585400     
  -104.97986895352643        43.858287776940998        67.951042789876951     
  -97.930088428915042        46.397438906906423        85.721770796194022     
  -87.041171574704009        41.181622486821475        97.756433258140518     
  -75.048534851174651        31.680853893953959        108.79023321240865     
  -64.063263576617942        22.221307399638420        124.36919736350272     
  -59.223752951402865        10.492463438663332        128.71201835613891     
  -55.540086810247551        3.5595714300653758        144.84893480432982     
  -48.778860490562074       -12.892129929523827        156.71578735829470     
  -33.899546566270033       -24.368945681904208        159.82762795238671     
  -24.391368624124318       -43.798123089641543        163.70065973508503     
  -16.847463448860299       -60.984225601597714        152.15511714490640     
  -6.0035056447793753       -74.951448725922177        144.16022284619910     
   6.7220993594791860       -80.309052782131957        133.07851639966520     
   22.402301674391452       -83.881864170640796        127.73929450682618     
   37.307381119090572       -96.811289612304648        115.62678568324137     
   52.535235728072507       -98.877075932410236        98.305969531511451     
   71.954563955905414       -101.44165443887090        84.964346485182517     
   83.370999822604503       -91.607388251699973        73.088881221885529     
   86.955454510762820       -74.836239325442591        67.772092194970682     
   97.796702452830857       -66.343604037302910        53.301795640542771     
   106.31384947776706       -61.261937490828352        38.718031933125637     
   113.71954086043202       -45.612206900919709        29.277646082965962     
   126.35265617230829       -34.024258777947495        19.447343404994218     
   134.58920937190348       -15.754004422958692        10.185587746127180     
   131.14413528213552       -4.0775660483319358        4.1461291771201152     
   121.81049541354319        10.199903181131393       -5.4648411808418045     
   115.37370877937188        26.737266267441143       -12.709252448075754     
