   3.4451541645314186E-002  0.87573268021054784       0.48156553457397094     
 -0.35861541193373475       0.89091154700237651       0.27869625354753574     
 -0.46927110076415723       0.86085867813260109       0.19674087087178965     
 -0.67226732371507003       0.70966872549181026      -0.21077700425760490     
 -0.81406799498621818       0.36495896321509191      -0.45177234832168012     
 -0.84689565310507198       0.49619450336814119      -0.19120347167082941     
 -0.96777182071878309       0.11027048207126597      -0.22640257022928034     
 -0.93100134832503567       0.17641742507008401      -0.31955184485245564     
 -0.84667625142465164       0.40442231782142501      -0.34580617999313973     
 -0.87690869231573954       0.27299746838638717      -0.39560526740138779     
 -0.86771766739587852        4.4315003483159907E-002 -0.49507800411182029     
 -0.84685487970791240      -0.18254979334674898      -0.49951214766405450     
 -0.83700461899519463      -0.47703126321617745      -0.26807544030568697     
 -0.93392214817780228      -0.34372707258076624       -9.8189208765601832E-002
 -0.82213180136849118      -0.55450424290189093      -0.12893543261027998     
 -0.77570780643855630      -0.62039990293806135       0.11567782615837192     
 -0.70433709075113371      -0.69217109150964362       0.15750696070516704     
 -0.72209785909628643      -0.45098551395315239       0.52458245118662838     
 -0.70325484313917708        7.8019924819363817E-002  0.70664384022821158     
 -0.74546124543801717       -7.6590090951567276E-003  0.66650496707052231     
 -0.23143850292697885      -0.63817747798777180       0.73427905182708653     
  -3.9971100726739109E-002 -0.47875179872027418       0.87703992288196098     
  0.11312763738714017      -0.58052231304288926       0.80634730837185609     
  0.32477645000173888      -0.50848085237830620       0.79747569260065820     
  0.59711645723437989      -0.37112716283913755       0.71113751518453483     
  0.39467577663382203      -0.86816978680398560       0.30085254298279013     
  -9.6661206772516162E-003 -0.75310920304619178       0.65782451641617989     
  0.42498102842833929      -0.89633602283821501       0.12638377917501969     
  0.65552960127562343      -0.72350655200868541       0.21637747353161457     
  0.53869755715448897      -0.84249617595788229       -2.2661447725650721E-003
  0.46435977482700219      -0.88468436390306215       -4.1274396277214166E-002
  0.54545080789184197      -0.76825500161990534      -0.33506367850922819     
  0.76290331329680683      -0.52972122668540345      -0.37063992844762822     
  0.91473830640698728      -0.36449277799263019      -0.17435264719209564     
  0.84398262271132019      -0.12959709756826288      -0.52047855370149709     
  0.56097633257304658      -0.27888453224976473      -0.77944144870844623     
  0.53416923963189378       -8.9629967293077595E-002 -0.84061268869445760     
  0.66208078779098989       0.39002477364926252      -0.63994508075138934     
  0.85730634773835668        3.2754631936551475E-002 -0.51376352557788718     
  0.82617737756143261       0.42342371646956312      -0.37167633384009902     
  0.92537758668540149       0.36422561982134294      -0.10495722903192913     
  0.80952879548154133       0.38290052426167687       0.44502844606422454     
  0.60125647453762299       0.62049849147710079      -0.50346030022359445     
  0.46397077348079280       0.78030684637940517      -0.41934752514956197     
  0.67091477679802580       0.72898861572039553      -0.13582695028644681     
  0.68512502246507190       0.65646522433759802      -0.31568514825316529     
  0.29466003285311071       0.94110920604661674      -0.16579785081029483     
  0.25685555948558431       0.95923698730308316      -0.11785424791264849     
   6.4042549095038009E-002  0.95791742306514238       0.27980843892500812     
  -3.3054864471423015E-002  0.98990762257291220       0.13780520565937779     
