 -0.43268460689664562       0.84106216818180124      -0.32465129016843336     
 -0.75240880191601112       0.61434520005144433      -0.23761517201783847     
  0.12403840667708363       0.75028901903996359       0.64936958781348930     
 -0.20187981726130194       0.68958233381357270       0.69550035533763077     
  0.17123790884601303       0.88822403826029839       0.42630462867603208     
 -0.51462840651493769       0.40209037484672755       0.75728523930122627     
  -6.0221806009118882E-002  0.99701657399899402       -4.8283384847306918E-002
 -0.80761112745492658       0.58298383363732764       -8.8848840895666734E-002
 -0.85860586714066867      -0.29184666947488713      -0.42145164186183698     
 -0.80800038144208941       0.55748185782115878       0.19065508592667962     
 -0.93562267624558892       -4.1307806727974003E-002 -0.35057648637404315     
 -0.92484528038442726      -0.37549267102657785        6.0551311761022478E-002
 -0.69580831108007035      -0.68479649401707565      -0.21657459688021358     
 -0.86103905741672193       0.28904414991883493      -0.41840796001107011     
 -0.82466966243026574      -0.56540187721930679        1.5513384673965888E-002
 -0.79033809262847343      -0.60426439307437763       0.10114466176146983     
 -0.41745914700820419      -0.80126826767992931       0.42859890782454213     
 -0.33988363176100600      -0.91256599108484271       0.22738168082827537     
 -0.26568900561224984      -0.96398050657665857        1.2285570275174781E-002
 -0.16953941443845524      -0.94094950801763932       0.29303653409298391     
 -0.14514240574473050      -0.88014155096511471       0.45197846444200829     
 -0.19087001642527207      -0.36736453302767719       0.91028124044339920     
  0.31644526571636744        3.3535904651301102E-002  0.94801779355923210     
 -0.14283750927096422       0.16796074998887217       0.97539050252114090     
  0.29443560750905540      -0.19778719914506715       0.93498015855157157     
  0.55430144202052123       0.17197245634361463       0.81435581021634185     
  0.80716787509103083       -1.2656510989334291E-002  0.59018627072357843     
  0.21361851840344903      -0.65953141493395118       0.72068400933441834     
  0.67732010295005995      -0.29987472168232282       0.67179805703474993     
  0.41766989362537693      -0.45580183375443678       0.78600034879448799     
  0.82071620813813351      -0.48714925042221308       0.29851384140846293     
  0.36551608496589127      -0.83723915713197261       0.40672913025273821     
  0.36830182401842937      -0.81997124513746544      -0.43817909988087039     
  0.59940316687161788      -0.79483558551564137        9.4616254112508388E-002
  0.17232922964455533      -0.85008325813688623      -0.49765559460885139     
  0.33898912092899064      -0.65308218773907734      -0.67717799133590306     
  0.17621029596464743      -0.71056337578532403      -0.68121187642951164     
  0.46044694592527635       -9.4917061608889575E-002 -0.88259807466571016     
  0.48582498961275022       0.31807833252126794      -0.81412545338434272     
  0.77624289526408885       0.38680313827069107      -0.49782557163726626     
  0.71834705848639480       0.68496090257167463       0.12168017715364521     
  0.78083306106584438       0.32789111129185378      -0.53177734991473247     
  0.67419138435300030        8.2057699302535966E-002 -0.73398399931426139     
  0.44599622668997885       0.66019842411804142      -0.60433881769281728     
  0.48164583691156004       0.50840769238219197      -0.71381993955925305     
  0.48845936480490254       0.49235317336159456      -0.72041363230796696     
 -0.25026457931471874       0.71694684265714581      -0.65065725627582038     
 -0.57101535181438301       0.74596190969191190      -0.34275690697795946     
 -0.10171492709069999       0.99480463887092563       -4.2194890475333868E-003
 -0.21298374653147678       0.73374178017848113      -0.64518286069449515     
