 -0.38273199100234973       0.83482660656132146       0.39570286837560786     
   4.5377157073752838E-002  0.88942317758805212       0.45482669752893345     
 -0.36904204007423924       0.92940132669069431        4.5985436196096102E-003
 -0.91420742567355950       0.27164952044470103      -0.30071800891447154     
 -0.67848503144260019       0.73091490608940202       -7.3630579005325186E-002
 -0.76267508353921687       0.36799883958522894      -0.53188680281839662     
 -0.82958103872246203        1.5078004582532091E-002 -0.55818272453558659     
 -0.70747684802229927       0.67354282367222584      -0.21404806514444125     
 -0.72293084426422949       0.66221487149645264      -0.19708490145200375     
 -0.44608131489431602       0.82035975310209319      -0.35780069311340446     
 -0.77227383969786401       0.19329097860282890      -0.60517081399310646     
 -0.99034339186387377       0.13729195203709058        1.9258403293072074E-002
 -0.83236774945851677       0.19186070889411311       0.51995518849609823     
 -0.99433623920945724       -9.0038183372723207E-002  -5.6467414760466003E-002
 -0.69823149631529902      -0.53817297742785120      -0.47206209752503864     
 -0.58125569674332100      -0.70868600026021500       0.39988244277363166     
 -0.65236836817503685      -0.68773623077372414       0.31848765923625499     
 -0.63323919739099344      -0.67697967890876409       0.37510882851805843     
 -0.38375984076508513      -0.72218022887084987       0.57548596998015489     
 -0.42840728873852824      -0.67816704314748910       0.59712365264180445     
 -0.45250727444856936      -0.29282614903854132       0.84231230135287716     
 -0.47061424392275403      -0.31287696723961972       0.82500317380477339     
 -0.13088282707832924      -0.70334699948051493       0.69869355507099140     
 -0.24893554236842727      -0.87251099398554488       0.42042319289031932     
  0.17116345985636025      -0.98230637521474384       -7.6008257593934245E-002
  0.26653647948395104      -0.95855451002590109      -0.10065563279469050     
  0.16891019846157235      -0.95026164674828306      -0.26167183183313247     
  0.63201760453678213      -0.74699697178861979       0.20627474807696342     
  0.31377170170659696      -0.94145182871408983       0.12335223313356831     
  0.80231703308906355      -0.59049613546207502        8.7187685022093592E-002
  0.89589955700046398      -0.23524108557842144      -0.37686286023201876     
  0.51658867211823800      -0.66378636737409802      -0.54085469613142367     
  0.62656735897639293      -0.37318415684373696      -0.68421263489223338     
  0.65258131016448906      -0.54064195277045302      -0.53088973669543826     
  0.88349077293885447        5.2962682586951970E-002 -0.46544495741720054     
  0.92711157677705902      -0.32435498231690862      -0.18777105648143638     
  0.95317693831959049      -0.30028430852040411       -3.5819803351166940E-002
  0.85790208264743273        8.3606744434110050E-002 -0.50696541191123357     
  0.96738758986527962      -0.18226470310414566       0.17590005394258221     
  0.87275914096066887      -0.17851087147131822       0.45434056679559653     
  0.96533395786050646        6.7497525077657272E-002  0.25213971109239397     
  0.78460740438401411       0.56789844275005374       0.24876209459610368     
  0.62921941514019952       0.77391934891576297        7.1636366354153463E-002
  0.60261768012464323       0.77806953080503627      -0.17736892860368736     
  0.20566853946255476       0.81973793090708369      -0.53453734809413067     
  0.42213362033230178       0.89945746468812793      -0.11304634360269601     
  0.39607518670153480       0.91713330046139541        4.4620126222674798E-002
  0.30768861287409338       0.81339886479035184      -0.49366993453661057     
 -0.15247678563439498       0.94604507995716636      -0.28591875862111216     
   8.9181553422157962E-003  0.99995976952039511       -9.6220892122264156E-004
