   5.4008088663599185E-002  0.43725040594963116      -0.89771666401809780     
 -0.35079091994476375       0.11049709794138329      -0.92991188928351498     
 -0.58389035315863613      -0.22093879507894004      -0.78119018447324973     
 -0.34455456512418142       -2.4323860990505854E-004 -0.93876626083762837     
 -0.66326644791070322       0.36408273210051179      -0.65385119351588328     
 -0.43023466657426623       0.88870465108645724      -0.15843665868424295     
  -9.6200924134458132E-002  0.99214074755951287       -8.0013244077015225E-002
 -0.72422440279678491       0.62796726477968279      -0.28487914763766942     
 -0.57680930346351977       0.81033382075759131      -0.10319944948656037     
 -0.82366992687528029       0.43807369878008323      -0.36008233224972996     
 -0.23844213010481083       0.91990460270349450       0.31132117261118164     
  -6.5592497301379393E-002  0.94947804811696990       0.30690236304360718     
 -0.13413874033911327       0.97436127802010375      -0.18062917326738670     
 -0.66959732365696356       0.55039792147508404      -0.49869986182806975     
 -0.15373239160421823       0.43409836365234244      -0.88765137438411312     
 -0.11327225822165576       0.62169180321212725      -0.77502819131707612     
  0.21633023813768001       0.32991340334360852      -0.91888975092854841     
 -0.50099222256805798       0.19483447750559668      -0.84323562501915184     
 -0.82077098113219338       -3.9244068492936060E-002 -0.56990779922670132     
 -0.63946961073249153       -5.9077028297629772E-002 -0.76654322883785120     
  -7.4562605884473263E-002 -0.98583690406421065       0.15021989345225756     
  0.13152914538484264      -0.95322475540810359      -0.27214453805192179     
 -0.28234223165188599      -0.56275422110390172      -0.77691090277815711     
 -0.42799478329668728       -9.7174393648357449E-002 -0.89854193151454587     
 -0.60146283183647931      -0.16827489029615400      -0.78097760737107957     
 -0.23848223109375793      -0.33329287955506814      -0.91216340744979652     
  -3.8844223128799635E-003 -0.67125158012041197      -0.74121941923369783     
  0.49146401497978770      -0.14067854296264351      -0.85946068527294794     
   4.0130865973075150E-002  -1.7161020329413773E-002 -0.99904705243421543     
  0.18679409755167309       0.31551751523768584      -0.93035297747580170     
   1.7336871223918707E-002   4.8097481733093833E-002 -0.99869217737353511     
 -0.64703105828223784        4.9332071754549719E-002 -0.76086605675017827     
  -7.9905005054615327E-002  0.53119912177175754      -0.84347061786178079     
  -7.7232219991721751E-002   8.4062636449434916E-003 -0.99697769229139721     
 -0.28812014007554887       0.32241760695452942      -0.90168379801821730     
  0.29339385849068367      -0.38213636533036605      -0.87629438095427870     
  0.46423369836983686      -0.17144137028147510      -0.86896198412466608     
  0.25383707897269236      -0.77338714953182641      -0.58089504583672247     
  0.44390754808811111      -0.69934042640204386      -0.56024017773647883     
  0.20537181133394808      -0.93715141717691453      -0.28208091107466221     
 -0.21743316131376636      -0.97528267974856875       -3.9325754201885062E-002
   7.1171092735409225E-002 -0.97393322416979056       0.21538047826365037     
  0.36242700055294169      -0.83687383648680902      -0.41023024154009335     
 -0.36224216468218512      -0.88659667945484455      -0.28762291651744176     
  -4.7913892342218267E-002 -0.98643603295138571      -0.15699748983899658     
  0.29962958942435258      -0.89685948103275470      -0.32536929852561020     
  0.76134196872423865      -0.58126375074653946      -0.28721221897259680     
  0.81924379752884657      -0.57061797170634376       -5.6874691878244829E-002
  0.87763490698868585      -0.46943329323524047       -9.6898675105872273E-002
  0.50617483712541345      -0.74079502982389422       0.44159909199326131     
  0.47837029210018667      -0.64273097214042063       0.59838011421454573     
  0.59891659478598447      -0.64583879455793025       0.47348829334410952     
  0.82793094041894411      -0.53377742256907135       0.17208143726885181     
  0.31048580636091971      -0.94982822949047585        3.7747827902972791E-002
 -0.12675184422601790      -0.78964294603284080       0.60033156485885253     
 -0.53377441226441880      -0.63190823422519826       0.56194026402293473     
 -0.56345506488173247      -0.46708300029006944       0.68143368033811180     
 -0.43944680341446785      -0.51114640878113027       0.73865814539539254     
 -0.10155731032737775      -0.66962277197224129       0.73572512256635914     
 -0.47176582122883226      -0.76721839446494622       0.43452611557295107     
 -0.26045283683372822      -0.96281275472670091       -7.1804729098082415E-002
 -0.17612523679188880      -0.81839283261812701       0.54700372255066709     
 -0.16934589784746512      -0.49486405914173914       0.85230952702173024     
 -0.60426129173089416      -0.38634757404875275       0.69685281325568293     
 -0.73175211268341067      -0.65040864078104255       0.20373376151420847     
 -0.94039123728564100      -0.29389562840240829       0.17114228128180620     
 -0.95463768640057300       -1.1975442219686300E-002  0.29752895067104690     
 -0.89394372254470666       0.15168528795028935       0.42173000171005071     
 -0.77004365936930452      -0.12248812766813970       0.62612252893941711     
 -0.15007065309024192       0.79647299701976948       0.58575554978115063     
  0.32829596143998796       0.51906107831223847       0.78917511281307795     
  0.40918412519927616      -0.15219938313234993       0.89966866092969811     
  0.62677180989415093       0.46753082662907591       0.62335545595875286     
  0.91784572005507936       0.33447969315865606       0.21373481008264139     
  0.54654148806763292       0.62112838328366371       0.56168668606282057     
  0.70796148813790316      -0.52722051757381316       0.46992452283612313     
  0.70964360443944685       0.52371112058985514       0.47130947035753296     
  0.44490128545045976        5.2291484562817833E-002  0.89405170255793198     
  0.59614766557533216        6.6806867031453832E-002  0.80009049697300905     
  0.23874735965166727       0.19772312123862493       0.95073932578126163     
  0.29319460346835091       0.83229983438891098       0.47044012389806072     
  0.38407236165462921       0.48648833920697881       0.78474041365834157     
  0.60398927853400786       0.50327776588645967       0.61798741231541265     
  0.12468743516467268       0.39205588222017068       0.91145226354901110     
 -0.23527519454195880       -6.3456964001963295E-002  0.96985503893772429     
 -0.57227346401653834       0.18258803708092247       0.79947776147772975     
 -0.13636531975555422      -0.16194900467722553       0.97733158111872098     
  0.14868033359735661       0.43208356720088864       0.88949308561468465     
  0.53308836113889457       0.62738359002669053       0.56763247809076667     
  -8.9067194373252917E-002  0.62588867701255868       0.77480991144534694     
  0.23439245306650447       0.78783147078397586       0.56954521470013530     
  0.23404840773570501       0.91352157470429884       0.33271560736784850     
   7.3712171366891163E-002  0.76388780583430571       0.64112552272548462     
  0.36308751433930536       0.91751838018150611       0.16225744654715879     
  0.61322310021063842       0.73594386372400578       0.28695654516848063     
  0.77317933027980978       0.20361817023561160       0.60061082572490931     
  0.49298490397568512       0.84704273077825198       0.19870706250105513     
 -0.13660877283154596       0.95442435181294516      -0.26535297219343923     
  0.32035920247136596       0.86942503574380303      -0.37612509702729569     
   4.1773905414526719E-002  0.77155971986192695      -0.63478385259314440     
