  0.34525307190286680       0.92238986155035552       0.17319716986933925     
  0.43042924032529783       0.59749007383160646       0.67656210413064644     
  0.50674301712085079       0.86151563493383365        3.1659522482280406E-002
 -0.25524170113333361       0.96271407937981845        8.9628541025880332E-002
  0.15122261874701806       0.90701985211004688       0.39299708326851063     
 -0.24366953803564759       0.68742435410106917       0.68415854421487232     
 -0.11649199523413148       0.62210541350291282       0.77421861869676667     
 -0.71238404913819231       0.68260644472628706       0.16296443830358570     
 -0.40534413597617425       0.74241083128452234       0.53340630763156249     
 -0.60179847316675161       0.52922672480080590       0.59812847403444003     
 -0.78567947307028407        8.2050491806367296E-002  0.61316839643797816     
 -0.59551724836677844      -0.29586061693526322       0.74687730066212210     
 -0.75580655159487775       0.31511523594129037       0.57398505611550077     
 -0.81882053509402042      -0.20973932449413904       0.53436162574522039     
 -0.94592057030017052       0.23274252419270972       0.22597608748581649     
 -0.90545714400655486       0.27099620172510391       0.32666254609007650     
 -0.16178691887997901       0.60718527436373959       0.77791454252710057     
 -0.16590250622978403       0.67079476072161204       0.72284904884429868     
 -0.34964414429695856       0.86401084712242582       0.36226265114365402     
 -0.24350189991453380       0.48479560712694353       0.84004764391576359     
   6.3380724618177856E-002  0.61082944770039305       0.78922130582549699     
  0.12754020636224284       0.42876861598430693       0.89436623913694913     
  0.81529750195126571       0.55259138183345080       0.17301083213317026     
  0.86179095412249740       0.50645630033214983       -2.8607118808031899E-002
  0.26598068138188502       0.89162270328023818       0.36641947563805150     
  0.47816458585646826       0.87728550689617901       -4.1578458636959907E-002
  -4.5575987000973373E-002  0.65302504677140361       0.75596370130985158     
  0.12982275636691248       0.51256190847017224       0.84877932462726158     
 -0.53574405327290164       0.46423690891828384       0.70531014580872098     
 -0.77744045758246549      -0.36734964695631722       0.51052969727042408     
 -0.75232033170671364      -0.46778421782069113       0.46388796498570384     
 -0.72059814566893077      -0.56336524418593248       0.40417559810287051     
 -0.79334170861274567      -0.60488863803854265        6.8692568355541953E-002
 -0.61980059043814162      -0.64740655112571777       0.44352224933145185     
   8.5047736065874152E-002 -0.97847319502125640      -0.18803480851948595     
 -0.31211493058562173      -0.90520717570690068       0.28841678029244577     
 -0.81651211944052060      -0.49599126355732709      -0.29546679218069621     
 -0.76962320990711852      -0.15611147063693567      -0.61911979737998102     
 -0.87588094187884280       -3.0393244505073705E-003 -0.48251770761321083     
 -0.87349329275513132       -8.1010439715465954E-002 -0.48004872270312343     
 -0.76635592173145328      -0.53539939146963633      -0.35502970698389602     
 -0.89969923976283217      -0.42823834574178554       -8.4576575991932884E-002
 -0.39057357808216736      -0.87544926376662358      -0.28467677579066469     
  0.14563024019996532      -0.97133920312554511      -0.18786161292485265     
   2.5909869261127982E-002 -0.90216067225053387      -0.43062141158949285     
 -0.19656899315627080      -0.84589826472536600       0.49579910918045861     
 -0.19617241863839147      -0.96106202281176156       0.19461801169092147     
 -0.44019723987673365      -0.82833092484765114       0.34654620030514394     
 -0.22263670017021323      -0.75538876323400483       0.61629596470941428     
  0.26116241697091613      -0.75871602860604126       0.59677816640538872     
  0.32006634762434116      -0.46161865789656986       0.82732445134915289     
  -1.3171075003671068E-003 -0.76548497460701548       0.64345242161229699     
  0.33392866744151078      -0.35883022261838965       0.87162636283924388     
  0.76820958725724497      -0.54868904724762579       0.32983989976432565     
  -6.2323317541603730E-002 -0.89741263592081899       0.43676809061588845     
  0.56686596801515177      -0.77155686611061158       0.28872647378412020     
  0.45937134339768082      -0.74117095778695785       0.48953404396238448     
  0.99635000623082992       -7.8428428980577974E-002  -3.3699356246945825E-002
  0.91976810487094007      -0.35097009434482118       0.17563207605019920     
  0.16386239139385414      -0.59945602077748106       0.78345490989610300     
  0.25659036057575452      -0.96263114583131726        8.6617919249362935E-002
  0.73643095267663516      -0.67650042533842680       -4.0775552360777130E-003
  0.75431188129952109      -0.65134578237311513        8.2232946652341557E-002
  0.66212551854738111      -0.60161841211788603       0.44681661102638959     
  0.46335295010921751      -0.88340516409164183       -6.9995426145580450E-002
  0.24029574989674746      -0.86522903654617500      -0.44004166495792174     
  0.59422782134926033      -0.68980172746401014      -0.41360231276212800     
  0.44145255393289817      -0.46711886797700453      -0.76610678485835371     
  0.11632409818128106      -0.85302801799619810      -0.50873559409165359     
  0.63254081315984290      -0.46118172103482818      -0.62225681183129045     
  0.32632439281293762        3.5847710759920048E-002 -0.94457785930463933     
  0.57149490336935371        6.8668021052635808E-002 -0.81772750859168530     
  0.65576752215285727      -0.31147281356583134      -0.68771625202468722     
  0.22023005505700080       -7.5929119795674765E-003 -0.97541840793438905     
  0.40793243435976689       -1.8841062844720244E-002 -0.91281769447584182     
  0.30170672434076479       0.41708383759308354      -0.85732964774711251     
  0.37879783833736025       -7.0215341817523230E-002 -0.92281200872354818     
  0.68498163773001486       -2.7460853875066513E-002 -0.72804262064604008     
  0.66322041438692581       0.12909585019542275      -0.73720617428420399     
  0.93265426224902881      -0.11455432480754302      -0.34210135015314735     
  0.47536221652220534       0.24013653901628756      -0.84638360436174409     
  0.69200116894210295       0.18461736936510095      -0.69789025577914188     
  0.90274236989574019       0.18271855766186446      -0.38944851043621703     
  0.60621855625886911       0.11643537270006646      -0.78672858473021423     
  0.64978675621334869       0.62869561741845359      -0.42722241524592597     
  0.40822508731313867       0.63780991153666955      -0.65310856282379259     
  0.11787995170850912       0.94536436294198345      -0.30395811926068861     
  0.38882282776485666       0.77373186483435408      -0.50015578567971097     
  0.47936555074107368       0.81306946557839987      -0.33034332580931347     
 -0.36470672131530946       0.75377623672006577      -0.54663552060177212     
  -2.2667106061815157E-002  0.58600329032525467      -0.80999157158007573     
 -0.10547279755310421       0.80048596070355837      -0.58999806414328759     
   7.4667563879689772E-002  0.68569742060441463      -0.72404682326540348     
  -1.8572481875534064E-002  0.42036136423498782      -0.90716668059154415     
 -0.21126149802919919       0.74369971563270609      -0.63425492699567609     
  -2.7013014431174459E-002  0.13509269906358123      -0.99046466858291216     
 -0.16834725060690744      -0.22091204916228857      -0.96065450071709857     
 -0.83008545280454626       0.33007094605425258      -0.44945668491315466     
 -0.50518968692232724       0.64409898336699900      -0.57438652478354491     
   2.5697981958179069E-003  0.99631532295427128       -8.5727319938039573E-002
