 -0.16633228509108056       0.98599203125946544        1.2380841215980262E-002
 -0.24157707333990774       0.88544137923490762      -0.39703158762888247     
 -0.44311991825432667       0.89611273848678130       -2.5033936326577546E-002
 -0.18306539206214495       0.97930563078450428       -8.6299152619825070E-002
 -0.40478866992793022       0.91386717269467665        3.1510686584326465E-002
 -0.76425093924492060       0.30379633685926605       0.56888336904338332     
 -0.85176424640660420       0.37227019140804746       0.36866322454566675     
 -0.98160040764669088       0.17297117187968275       -8.0880241137249662E-002
 -0.98972835128072267       0.10795326450776008       -9.3722373813631299E-002
 -0.56702328241714084      -0.80342672497769740       0.18163175600237308     
 -0.80679399385746553      -0.58166628640380280       0.10367151362226416     
 -0.87999330611964999      -0.45152389256420217       0.14743797213839338     
 -0.91943969390047331      -0.35649594321704042      -0.16595569212895342     
 -0.78468092928494271       0.42385284618810271      -0.45235451141197153     
 -0.73529681693856919        8.6717601919545431E-002 -0.67217456699679834     
 -0.88099082667262063      -0.44428708634130837      -0.16267805085211187     
 -0.53376348540603979      -0.84439227724729926        4.5806372616882723E-002
 -0.28659214165999286      -0.83659979667690099      -0.46686799476822988     
 -0.84273414450522199      -0.50058907398771546       0.19801449615918176     
 -0.72959455376165938      -0.63147516268568649       0.26254695967085262     
 -0.36316630872135192      -0.78847297403844330       0.49640769677824292     
   3.1922707710879517E-002 -0.52862937219527539       0.84825227826681115     
   6.8799564079438658E-003  0.18586668493940361       0.98255088500772336     
  0.10726066261865025       0.18680308507644011       0.97652432517604659     
  0.27023217164622465      -0.23628790872528585       0.93335020094153109     
   7.7652259680667690E-002 -0.75368751640597709       0.65262949226975420     
  -5.1969657346341305E-002 -0.87096173358352313       0.48859473323858826     
  0.76541127080843130      -0.60474821606753237       0.22005722365457081     
  0.65707620365997743      -0.73677856653436657       0.15939951844141587     
  0.42805988768026998      -0.89956328070126768       -8.6894398974424525E-002
  0.81227097696923822      -0.31512753975260188       0.49082633758072558     
  0.64074286319487694      -0.74722290433432725      -0.17637039009710068     
  0.92413176245927675      -0.18537036245109798      -0.33409327191468086     
  0.85233904610153910      -0.49474144180004820      -0.16955546660703094     
  0.82536161478931747        3.4113132532692769E-002 -0.56357297577259280     
  0.87047908486357106      -0.45814992540624488      -0.17990221973430148     
  0.41718674344057166       -9.3863857071160281E-002 -0.90396061719146525     
  0.66412019164803493       0.42912284374021081      -0.61220744525502879     
  0.71212109061727902       0.15949067797150232      -0.68370042850523760     
  0.78209196521274738       0.37919163928744470      -0.49451578199705754     
  0.80838473984235115       -3.2973787842164093E-002  0.58773024569555088     
  0.85250853204908661       0.36893224639322658      -0.37029474794379441     
  0.53323872294126318       0.43608737256916003      -0.72490293684168094     
  0.45562614450059535       0.62857873076524740      -0.63031230011563943     
  0.62467050472064800       0.77912221650567837        5.2491259075445669E-002
  0.49416108053964314       0.84748672659898205      -0.19383259457178914     
   2.1112471598820570E-002  0.88096516961655902      -0.47270988297840405     
  0.26565865164988522       0.66859694394373848      -0.69455281106094491     
 -0.55237935222621826       0.82544640571905248      -0.11625524727788750     
 -0.14238083472232349       0.97178456240308086      -0.18804909512898116     
