  -4.5333645494672559E-002  0.97913519703856144      -0.19808868343856778     
 -0.54787235028063264       0.78397765523302743      -0.29191595347514421     
 -0.27765577654953338       0.95726339864276488       -8.0957120548983214E-002
 -0.45672776722022562       0.81938369821592838      -0.34642474182427824     
 -0.14977901788157422       0.97681555906396766       0.15296277119932994     
 -0.67360336270275545       0.57598626533281294       0.46313964622292947     
 -0.71844148552596576       0.45490055534187279       0.52621983678392659     
 -0.97211042183998719       0.14670432113703422       0.18297313985884195     
 -0.97916581322462171       0.19979400553402391        3.6285886579179499E-002
 -0.58991583874599662      -0.47295538659831227       0.65445588505586150     
 -0.84057355596138772      -0.27787012920441484       0.46499923474598703     
 -0.78311469066218808      -0.57681723454984113       0.23240752826735847     
 -0.81289937722327010      -0.54952515602893925      -0.19291631709473089     
 -0.75478800819105873       0.23492833254988280      -0.61245713421945513     
 -0.70071924093791338      -0.33747983621780081      -0.62856973004258188     
 -0.88701022648080374      -0.42534428986258188      -0.17970835595422152     
 -0.51156914239329265      -0.84070393268279398      -0.17752157649896361     
 -0.28151821906226832      -0.94492160543368364      -0.16694505659240583     
 -0.86832128783741513      -0.44634358417496761       0.21632278186593989     
 -0.80273362154547789      -0.47150014695122089       0.36511141349656151     
 -0.26441433096101880      -0.33261990996195057       0.90523425536119706     
  0.40727852870181142      -0.28356300430548576       0.86816831469925004     
  0.53362103845148379      -0.14609831561177977       0.83300892522070880     
  0.69571494450037186        5.8173429225964773E-002  0.71595849609522544     
  0.55827483795842903      -0.35106028957459751       0.75172194220089739     
  0.19426103224765182      -0.62137262410558292       0.75905119284684541     
  0.21178447248925358      -0.67683603366221456       0.70501086569559235     
  -7.3116777389550372E-002 -0.99656316980878157       -3.8933089330769124E-002
 -0.35886720740704081      -0.81137733330393835       0.46139045335643808     
 -0.23376410859991117      -0.95696865454377467       0.17194573490251130     
  0.55001841460130863      -0.81218495416178971      -0.19451309424475971     
  0.36487570104089889      -0.88940823958249082      -0.27535196776614057     
  0.78266617145727491      -0.32622776067184400      -0.53010292606572496     
  0.89334431346265897      -0.43626501406897833      -0.10774402583588992     
  0.77391405050738993       -2.0732154983434725E-002 -0.63295119889055240     
  0.98584036679299736       0.11994332613930825      -0.11718519409927527     
  0.65554309845910597      -0.11751492839539474      -0.74595810047673639     
  0.52552451298430913        4.2558582741339057E-002 -0.84971333594786624     
  0.84976536030213845       -3.2198100215150849E-002 -0.52617688544168439     
  0.78460886799011298       0.46142790453938931      -0.41409324213715637     
  0.34172781197131752       0.73959204390116129       0.57984973150239405     
  0.77973789722662823       0.48171770581358742      -0.39994607578308566     
  0.52061551563587605       0.13378377961607144      -0.84324455835233669     
   1.9028412024028468E-002  0.58071446818708483      -0.81388489725146729     
  0.56617846144387962       0.65593313152483734      -0.49919302555730782     
  0.47436128587517268       0.58722197781235885      -0.65585952706123818     
  0.13874856468454183       0.94184334035980177      -0.30607181839867426     
  -5.3465515611293840E-002  0.78335521195739721      -0.61927057942356911     
  -9.0567910663826606E-002  0.93908991992903146       0.33152311510010291     
  0.41588467434628884       0.83262069071569589      -0.36576320623594838     
