 -0.39841260880951884       0.88075861797431976      -0.25599150377611235     
 -0.56894975823408567       0.80562672193967388       0.16511134879863484     
  0.30338117730904041       0.91718713620946246      -0.25831689535618785     
  0.35797089333237886       0.85838212450667117       0.36747376485161914     
   4.8793199384552524E-002  0.52127314054685236       0.85199385950734940     
 -0.40635201034892909       0.61981848096453751       0.67134424428915962     
 -0.64287281899896853       0.76326888073698962       -6.4305165350945576E-002
 -0.69363910348972768       0.67730541732294292      -0.24519821731601307     
 -0.95161786575918650       0.22523571268120221      -0.20902705877685557     
 -0.98870962778119742       0.14951080298664929        9.9895807238443712E-003
 -0.43813994062497252       0.24136046426466917       0.86589752206544202     
 -0.41078417456658023        2.2131266692038021E-002  0.91146397019314784     
 -0.86777408315874860       -8.4573916416668421E-002  0.48970949884592668     
 -0.77389160680830071       0.62723675666810641        8.7554737142724326E-002
 -0.45146032697627791       0.84430215812488740       0.28868224564756229     
   4.2797916665685502E-003  0.96792021322660748       0.25122130524825298     
  -6.9710492202006910E-002  0.89644002996238148       0.43764794065320861     
   8.7288594321659016E-002  0.67041776038619816       0.73683154646098892     
  0.34409058591604824       0.76074440774009411       0.55033591085456002     
 -0.47140634297116052       0.79673181194735543       0.37814610884899952     
 -0.76341001678301956       0.55658348854457473       0.32774985363062714     
 -0.56614423628088439       0.25313585271830819       0.78447622258070948     
   6.4837129032251264E-002 -0.12460209456163776       0.99008608955468846     
  0.12778300814275806       0.42277311951488999       0.89718135972924939     
 -0.35110657445743004       0.77786734885727304       0.52119723805343032     
  0.24931814463767038       0.77027237178391161       0.58695905821514938     
 -0.69767163867941862       0.70612279393429100      -0.12101605045943539     
 -0.97661589269089344       0.21054211884850865        4.3513381095371735E-002
 -0.98491397319400009       0.17134404969621930       -2.4200868598209274E-002
 -0.94002456652233068       0.30298265822319881      -0.15670138209506618     
 -0.91792388271878089       0.24143117025779248      -0.31484398606678698     
 -0.72013901064447550      -0.43181280959615886      -0.54308148819183399     
 -0.76167804585535881      -0.24508605295970268      -0.59981612274645491     
 -0.66777385094294195      -0.72201687131699144       0.18102409102229750     
 -0.21172938716308892      -0.81021535141484524       0.54655443548035620     
   7.5334891597495027E-002 -0.77666840404358517       0.62538855463493426     
 -0.10620554999755608      -0.74689229993558703       0.65640861774251291     
 -0.17351490865556110      -0.80230179856813877       0.57114306481701571     
 -0.37377624196897036      -0.92744671252231559        1.1572224120399609E-002
  0.10720443108160266      -0.82056348625769904      -0.56141141329427635     
  0.23617400534923599      -0.94255219029020887      -0.23625665657589073     
 -0.11789961819181199      -0.78743370305488636      -0.60501887848519764     
   3.0645253494180100E-002 -0.99564611251199397        8.8032307012948924E-002
  0.49307200607690338      -0.79612940835024326      -0.35079618296551984     
 -0.25787997476866786      -0.94364697124524388       0.20743266925191856     
  0.47637093248867912      -0.30829733598762393       0.82342181614455046     
  0.11883926260230543      -0.37101024354520906       0.92099328382386436     
 -0.21579054308971513      -0.55625084107363887       0.80250822009366662     
  0.25641483872626464      -0.88863434474582459       0.38023733617194105     
  0.21907078516267556      -0.96334774473240881       0.15481961699726610     
  0.13030965770869604      -0.98292434118087213      -0.12991971606335972     
  0.57717985727687637      -0.79138559839989031       0.20142553710761968     
  0.76841985569879012      -0.53930895880352780       0.34449495253501650     
  0.57693753071878606      -0.55297882119277086       0.60113019302007931     
  0.73759824730898826      -0.26475370104452944       0.62117171808601068     
  0.75085335498596018      -0.58475147730710741       0.30705854343020544     
  0.33706597573977487      -0.82377065870475497       0.45583816191245374     
  0.26354401981815906      -0.87538971232051255       0.40526213884532325     
  0.10833746219835369      -0.86216141251339906       0.49491483414554571     
  0.67662271531799068      -0.12009174416221850       0.72647069734420722     
  0.55431606922296761       0.10324156069424185       0.82587824498930196     
  0.83783959199263880       0.44240187816331439       0.31985214754190600     
  0.95058497359324756      -0.11131741477918822       0.28982174029150332     
  0.88054485636864654      -0.10651541111682108       0.46183895799004182     
  0.50446054705505528      -0.80088196745813711       0.32265714104184229     
  0.85175365715358142      -0.52117710839549158        5.3759921968085274E-002
  0.13673263697421070      -0.97234344234264447      -0.18934734251987534     
 -0.11841629419497286      -0.93918014876933120       0.32236350510990514     
 -0.41211173400600210      -0.91108066311654645        9.7951002891800559E-003
  0.37647717824229976      -0.91210767080936861      -0.16224836243679092     
  0.87999543853366291      -0.23964349810197322      -0.41009635694234209     
  0.31555171465053489      -0.52521853820975639      -0.79029905890232655     
  0.34065780083295222      -0.73969274589201495      -0.58035067365031645     
  0.27516995984539483      -0.48952374845297220      -0.82743458526896740     
 -0.22626953282203222      -0.20672594304502950      -0.95187524549629510     
  0.14218924119303861      -0.30145253917194159      -0.94281948766226198     
  0.40931028896905725      -0.15999745528148057      -0.89825714672776902     
  0.70046010566079042      -0.13563332006892950      -0.70068483847215168     
  0.49684226336428527       0.57422344701783634      -0.65070361780921582     
  0.44199256311225343      -0.19688715601601506      -0.87514457202760620     
  0.73731908913166855      -0.45867995422053437      -0.49595691385270163     
  0.59311882324182374       -5.8319967058825292E-002 -0.80299990221573925     
  0.65211967343760513       -1.3306013591941265E-003 -0.75811487323204807     
  0.81066877180465025       -9.9494824440518104E-002 -0.57698953398678077     
  0.73258413276565537       0.31527843886145029      -0.60325781752835594     
  0.26305986715981544       0.60838051325353915      -0.74878078059149278     
  -1.7288084153631172E-002  0.47710208979181723      -0.87867782381403314     
   5.3393410906079311E-002  0.78038075771797222      -0.62302087979082055     
  0.13228718831892999       0.87220315500280543      -0.47091586956675402     
   9.9731988831324475E-002  0.89796032609092979      -0.42862662443018384     
 -0.57918876746747172       0.62779579431966781      -0.52001231934834480     
 -0.13369420036580457       0.89784731175507093      -0.41951885006843120     
  0.23324770140922835       0.97237774762759532       -8.7764289997039422E-003
  0.16042815451084552       0.81555066530884646      -0.55600352476808723     
 -0.24559294602851275       0.52102967109488252      -0.81744246690503441     
 -0.31777451276678220       -8.8497439039932013E-002 -0.94402731015538188     
 -0.43516254392094383       0.46065156869385343      -0.77358496148008826     
 -0.41217839525984901       0.83800802735290802      -0.35756330428766148     
 -0.37356980940834683       0.91981723535825888      -0.11992435547669177     
 -0.52032714698795623       0.76387255726465997      -0.38178315359025616     
